59337.993481 6919.594181 12.189127 0 2 -1
59337.997242 6920.891042 12.297160 0 2 -1
59338.004754 6919.574039 12.270534 0 2 -1
59338.301795 6781.068064 15.302120 0 0 -1
59338.304359 6778.577920 15.546367 0 0 -1
59338.306923 6780.198194 15.192298 0 0 -1
59340.142771 6959.484594 16.719659 0 3 -1
59340.143849 6957.824097 16.467845 0 3 -1
59340.144922 6952.451138 16.394632 0 3 -1
59340.191192 6773.813582 14.684073 0 0 -1
59340.218599 6773.392755 15.145699 0 0 -1
59340.223357 6776.453493 15.157790 0 0 -1
59340.849897 6920.279047 11.069091 0 2 -1
59340.853644 6915.985386 11.148812 0 2 -1
59340.857412 6915.567779 11.726728 0 2 -1
59341.175054 6959.079456 16.855023 0 3 -1
59341.178275 6956.791547 17.339303 0 3 -1
59341.179350 6957.342026 16.518891 0 3 -1
59341.233765 6771.592120 15.306380 0 0 -1
59341.239169 6772.000962 15.236344 0 0 -1
59341.243317 6771.321591 15.258274 0 0 -1
59342.191775 6772.656022 14.662297 0 0 -1
59342.195713 6771.795182 15.163322 0 0 -1
59342.287780 6954.381150 16.404507 0 3 -1
59342.288865 6956.986347 16.346506 0 3 -1
59342.289941 6954.107293 16.335227 0 3 -1
59343.847245 6915.109521 11.605799 0 2 -1
59343.854786 6914.218197 11.452654 0 2 -1
59343.858540 6913.728269 11.108757 0 2 -1
59344.242152 6771.229143 14.663369 0 0 -1
59344.249814 6776.179788 14.865656 0 0 -1
59344.254504 6775.601433 14.770591 0 0 -1
59344.304968 6953.548404 16.472478 0 3 -1
59344.306043 6951.566290 16.248180 0 3 -1
59344.309274 6954.500339 16.207802 0 3 -1
59346.216021 6773.532150 15.261624 0 0 -1
59346.220020 6773.741510 15.438611 0 0 -1
59346.227938 6772.639560 15.552526 0 0 -1
59348.296738 6776.699767 14.931148 0 0 -1
59348.316371 6777.663061 15.574824 0 0 -1
59348.337007 6776.429527 15.171125 0 0 -1
59350.284977 6778.661880 15.129375 0 0 -1
59350.287448 6774.039492 14.883134 0 0 -1
59350.301744 6773.483186 15.001396 0 0 -1
59351.876798 6917.255570 11.266594 0 2 -1
59351.880557 6915.404828 11.480354 0 2 -1
59351.888078 6916.932688 12.057092 0 2 -1
59352.303351 6777.595316 15.467617 0 0 -1
59352.317097 6774.380446 15.227404 0 0 -1
59352.319607 6776.263287 15.123660 0 0 -1
59353.115701 6952.878804 16.633134 0 3 -1
59353.116779 6956.403305 16.763380 0 3 -1
59353.120022 6955.176657 16.375002 0 3 -1
59353.887814 6920.120610 12.005407 0 2 -1
59353.891568 6917.570412 11.218577 0 2 -1
59353.899084 6918.002590 12.030458 0 2 -1
59354.247806 6775.407906 15.039319 0 0 -1
59354.271174 6774.503235 14.907551 0 0 -1
59354.299284 6773.857950 15.073355 0 0 -1
59354.915435 6918.875457 11.659885 0 2 -1
59354.922949 6912.895824 11.570987 0 2 -1
59354.926711 6914.375145 11.878147 0 2 -1
59355.162695 6777.977017 15.539966 0 0 -1
59355.165616 6773.375998 15.682256 0 0 -1
59355.172884 6780.416165 15.810230 0 0 -1
59359.951018 6921.504527 12.246871 0 2 -1
59359.958543 6916.199947 12.523902 0 2 -1
59360.111439 6959.648794 16.040452 0 3 -1
59360.112519 6955.032811 16.076065 0 3 -1
59360.115761 6956.980326 15.879114 0 3 -1
59360.228973 6775.527377 15.078405 0 0 -1
59360.231688 6777.129135 15.191131 0 0 -1
59360.239787 6775.098226 14.993529 0 0 -1
59361.904863 6916.557313 11.909225 0 2 -1
59361.912393 6918.852512 11.655408 0 2 -1
59361.916163 6919.299116 12.775486 0 2 -1
59362.245778 6773.903058 14.992059 0 0 -1
59362.248499 6771.724618 15.042877 0 0 -1
59362.254018 6774.410111 14.565042 0 0 -1
59362.290119 6956.809264 16.995661 0 3 -1
59362.291205 6957.570637 16.531876 0 3 -1
59362.294441 6958.278551 16.605308 0 3 -1
59362.980285 6916.862991 11.966424 0 2 -1
59362.984058 6916.234575 11.495227 0 2 -1
59362.987815 6918.774960 12.097760 0 2 -1
59363.173870 6776.366239 16.013384 0 0 -1
59363.193598 6776.193293 15.841676 0 0 -1
59363.203560 6774.640498 15.598294 0 0 -1
59363.268126 6959.379991 16.430091 0 3 -1
59363.270285 6960.336321 15.888258 0 3 -1
59363.271367 6957.875840 16.430983 0 3 -1
59365.843384 6918.618397 12.387685 0 2 -1
59365.847146 6918.378415 11.638835 0 2 -1
59365.854696 6918.116572 11.078662 0 2 -1
59366.136217 6774.604169 15.677875 0 0 -1
59366.154853 6777.572952 15.592181 0 0 -1
59366.915574 6918.421888 11.315108 0 2 -1
59366.930617 6918.288825 12.284797 0 2 -1
59366.934380 6920.117969 11.738314 0 2 -1
59368.150539 6782.475663 15.019387 0 0 -1
59368.191414 6779.986850 15.419926 0 0 -1
59368.226678 6953.856069 16.460352 0 3 -1
59368.229912 6956.661333 16.443232 0 3 -1
59368.230991 6958.597473 16.584104 0 3 -1
59374.907336 6914.434109 11.373310 0 2 -1
59374.918597 6915.038063 11.502566 0 2 -1
59374.922360 6913.398939 12.037609 0 2 -1
59375.875370 6912.195547 11.572774 0 2 -1
59375.879138 6916.057848 11.269096 0 2 -1
59375.886649 6912.130167 11.593308 0 2 -1
59376.126986 6954.749025 17.022629 0 3 -1
59376.128073 6957.258267 16.892480 0 3 -1
59376.129146 6957.018095 16.512887 0 3 -1
59376.158849 6783.151680 15.549821 0 0 -1
59376.167845 6779.680146 15.476410 0 0 -1
59376.173171 6781.776185 15.611722 0 0 -1
59376.990305 6915.936943 12.595699 0 2 -1
59376.994063 6919.007941 12.456250 0 2 -1
59376.997826 6919.350552 11.794208 0 2 -1
59377.216829 6784.520836 15.501883 0 0 -1
59377.219438 6779.794019 14.845271 0 0 -1
59377.223547 6958.853149 16.437823 0 3 -1
59377.224626 6957.704644 16.210599 0 3 -1
59377.225709 6959.098961 15.780420 0 3 -1
59377.225727 6782.806869 15.170067 0 0 -1
59384.057615 6916.800715 12.147188 0 2 -1
59384.061369 6917.246171 12.923954 0 2 -1
59384.065127 6920.577818 12.313312 0 2 -1
59384.208987 6784.962919 15.596808 0 0 -1
59384.214230 6789.366865 15.817029 0 0 -1
59384.221531 6787.957379 15.566456 0 0 -1
59384.241974 6955.716179 16.308956 0 3 -1
59384.243053 6959.176924 16.952243 0 3 -1
59384.245210 6957.501799 16.950086 0 3 -1
59385.959714 6914.410511 12.652621 0 2 -1
59385.963475 6918.443604 12.261851 0 2 -1
59385.967241 6914.835368 13.000201 0 2 -1
59386.180112 6790.058209 14.512082 0 0 -1
59386.187694 6786.066745 14.874088 0 0 -1
59386.190251 6786.140530 14.649079 0 0 -1
59386.288274 6958.427615 16.173550 0 3 -1
59386.291521 6958.168305 16.350844 0 3 -1
59386.292602 6959.843989 16.727820 0 3 -1
59390.967272 6919.261987 12.207250 0 2 -1
59391.008605 6919.241238 11.600236 0 2 -1
59391.016126 6916.619979 12.387810 0 2 -1
59391.284051 6962.739929 16.663834 0 3 -1
59391.285132 6957.571867 16.486569 0 3 -1
59391.287291 6958.802724 16.200851 0 3 -1
59391.891421 6918.801914 11.606881 0 2 -1
59391.898926 6921.441799 10.645624 0 2 -1
59391.902690 6921.770566 11.703718 0 2 -1
59392.102533 6775.051002 15.402102 0 0 -1
59392.105631 6775.023797 15.346171 0 0 -1
59392.113221 6772.474139 15.426379 0 0 -1
59392.130861 6952.304449 16.319587 0 3 -1
59392.131948 6954.664760 16.244991 0 3 -1
59392.133025 6956.009977 16.675848 0 3 -1
59397.181709 6777.733288 15.431770 0 0 -1
59397.184212 6775.047879 15.408821 0 0 -1
59397.186708 6779.561148 15.317194 0 0 -1
59397.273074 6957.637736 17.214810 0 3 -1
59397.275237 6960.260862 16.444290 0 3 -1
59397.277391 6960.880492 16.660594 0 3 -1
59397.830877 6916.284753 11.161243 0 2 -1
59397.834622 6915.088827 10.737490 0 2 -1
59397.838395 6915.772594 11.984971 0 2 -1
59398.110716 6771.582972 15.086115 0 0 -1
59398.113216 6765.985780 15.154048 0 0 -1
59398.120614 6775.120605 15.207021 0 0 -1
59398.287427 6957.056854 16.316228 0 3 -1
59398.288507 6959.772967 16.488178 0 3 -1
59398.290667 6953.355154 15.985915 0 3 -1
59399.074692 7169.399642 12.915551 0 1 -1
59399.076104 7172.548248 12.316540 0 1 -1
59399.077516 7169.194043 12.427278 0 1 -1
59399.178733 6962.121986 16.860753 0 3 -1
59399.179816 6960.882588 16.397184 0 3 -1
59399.180896 6957.895606 16.795338 0 3 -1
59399.193831 6775.188439 14.995060 0 0 -1
59399.207456 6772.861499 15.024808 0 0 -1
59399.210030 6772.804163 15.174592 0 0 -1
59399.928081 6918.899933 12.066214 0 2 -1
59399.935597 6915.621523 11.124451 0 2 -1
59399.939355 6914.519722 12.089603 0 2 -1
59400.162551 7171.000058 12.469841 0 1 -1
59400.163257 7171.429645 12.109523 0 1 -1
59400.163963 7172.685646 12.140420 0 1 -1
59400.178400 6772.075789 14.625808 0 0 -1
59400.182230 6770.977689 15.130203 0 0 -1
59400.184694 6771.035963 15.280929 0 0 -1
59400.285312 6954.665170 16.102530 0 3 -1
59400.287476 6955.206589 16.433655 0 3 -1
59400.289642 6954.340991 16.401067 0 3 -1
59405.830842 6920.561268 10.668317 0 2 -1
59405.838375 6913.119427 11.697649 0 2 -1
59405.845885 6915.799711 10.609900 0 2 -1
59406.052029 7176.596762 12.401143 0 1 -1
59406.052735 7176.337004 12.451946 0 1 -1
59406.053441 7174.924707 12.485379 0 1 -1
59406.258346 6951.549123 16.680127 0 3 -1
59406.259425 6956.182938 16.342376 0 3 -1
59406.262674 6953.393539 16.363600 0 3 -1
59406.924185 6919.255140 12.202718 0 2 -1
59406.927950 6919.876775 11.489389 0 2 -1
59406.935474 6918.067898 11.677173 0 2 -1
59407.196637 6958.552096 16.569641 0 3 -1
59407.197727 6960.483578 15.976675 0 3 -1
59407.200978 6956.623059 16.966035 0 3 -1
59408.142578 7172.799270 12.933115 0 1 -1
59408.143989 7175.201347 12.559020 0 1 -1
59408.144695 7171.634776 12.580751 0 1 -1
59408.306924 6779.138594 14.746668 0 0 -1
59408.315279 6778.164381 14.908388 0 0 -1
59408.317698 6779.476706 14.770389 0 0 -1
59410.088879 7171.293861 12.217719 0 1 -1
59410.090290 7175.089243 12.084296 0 1 -1
59410.090996 7172.727241 12.853621 0 1 -1
59410.162865 6953.750886 16.859334 0 3 -1
59410.163946 6957.874988 16.409742 0 3 -1
59410.165027 6955.501554 16.535875 0 3 -1
59410.298459 6778.122931 14.542291 0 0 -1
59410.311002 6779.019239 15.185076 0 0 -1
59410.319457 6780.296888 15.223797 0 0 -1
59414.947896 6918.489459 11.974361 0 2 -1
59414.959185 6918.588495 11.569615 0 2 -1
59414.966727 6914.398912 11.545585 0 2 -1
59415.081873 7174.791156 12.202378 0 1 -1
59415.083286 7173.846328 11.768793 0 1 -1
59415.083992 7175.913823 12.406502 0 1 -1
59415.111932 6777.771779 15.309911 0 0 -1
59415.114446 6779.112498 15.575844 0 0 -1
59415.119494 6777.145143 15.642696 0 0 -1
59415.246596 6956.221781 16.266763 0 3 -1
59415.247677 6954.549103 16.409788 0 3 -1
59415.249838 6956.519330 16.308650 0 3 -1
59417.976980 6917.588825 11.204933 0 2 -1
59417.984506 6911.715773 10.917979 0 2 -1
59417.988262 6915.752106 11.696190 0 2 -1
59418.144961 6954.545185 16.178322 0 3 -1
59418.146035 6953.645437 16.132659 0 3 -1
59418.147118 6951.600933 16.427748 0 3 -1
59418.167474 6786.925681 15.200051 0 0 -1
59418.170302 6787.168851 15.375493 0 0 -1
59418.173140 6781.414427 15.112717 0 0 -1
59419.113189 6774.724252 15.052009 0 0 -1
59419.121582 6773.856706 15.189328 0 0 -1
59419.127474 6773.656849 15.375977 0 0 -1
59419.190430 6953.096518 16.405711 0 3 -1
59419.192598 6953.075789 16.166523 0 3 -1
59419.193683 6955.357275 16.397848 0 3 -1
59419.921321 6913.469790 11.172065 0 2 -1
59419.925201 6913.365792 11.038903 0 2 -1
59419.928958 6917.946466 11.487869 0 2 -1
59420.174169 6950.824764 16.229217 0 3 -1
59420.176321 6951.924036 16.593723 0 3 -1
59420.178473 6953.548431 16.514824 0 3 -1
59420.255224 6774.825795 15.686417 0 0 -1
59420.265503 6772.281058 15.742886 0 0 -1
59420.277188 6776.542489 15.838275 0 0 -1
59420.873052 6916.634433 10.940308 0 2 -1
59420.876816 6915.403925 12.476104 0 2 -1
59420.888128 6922.412304 11.341972 0 2 -1
59421.134456 7171.455535 11.611327 0 1 -1
59421.135869 7171.312729 12.133152 0 1 -1
59421.137280 7171.578390 12.042272 0 1 -1
59421.250481 6955.068536 16.451768 0 3 -1
59421.251566 6954.005271 16.613234 0 3 -1
59421.252650 6952.525171 16.222832 0 3 -1
59421.331738 6776.473812 14.544339 0 0 -1
59421.334922 6775.818955 15.092840 0 0 -1
59421.344535 6778.354278 15.292039 0 0 -1
59421.825107 6922.642268 12.564430 0 2 -1
59421.828877 6924.852428 12.609857 0 2 -1
59421.832632 6920.780957 12.368541 0 2 -1
59422.078977 7171.215032 12.042677 0 1 -1
59422.081130 7173.264110 10.461298 0 1 -1
59422.081835 7170.259102 11.168083 0 1 -1
59422.235169 6960.988988 16.393066 0 3 -1
59422.236246 6959.369578 16.626651 0 3 -1
59422.237326 6959.138884 16.806060 0 3 -1
59422.278772 6776.114407 15.611521 0 0 -1
59422.293059 6776.942862 15.415164 0 0 -1
59422.296261 6776.757911 15.501416 0 0 -1
59423.914949 6913.952808 11.711820 0 2 -1
59423.918708 6916.895455 11.015064 0 2 -1
59423.926247 6915.358128 11.094127 0 2 -1
