59331.910942 6919.452400 11.222830 0 2 -1
59331.918466 6917.696444 11.553830 0 2 -1
59331.922222 6916.133058 11.067603 0 2 -1
59332.207998 6958.744742 16.874151 0 3 -1
59332.210148 6951.339450 16.523807 0 3 -1
59332.211228 6957.159252 16.464526 0 3 -1
59332.969993 6917.286009 11.660316 0 2 -1
59332.977517 6919.110255 11.478322 0 2 -1
59332.981292 6920.996764 11.666768 0 2 -1
59336.304991 6774.279936 14.961617 0 0 -1
59336.308042 6770.429337 14.990939 0 0 -1
59336.325718 6959.237542 16.068949 0 3 -1
59336.327568 6775.213901 15.139568 0 0 -1
59336.327884 6956.542465 15.899329 0 3 -1
59336.328969 6955.730633 16.279934 0 3 -1
59338.042522 6915.337741 11.362245 0 2 -1
59338.046293 6914.374635 12.666265 0 2 -1
59338.050047 6916.832899 11.286321 0 2 -1
59338.315619 6780.291963 15.338576 0 0 -1
59338.320768 6781.071386 15.301837 0 0 -1
59338.325896 6780.197328 15.192508 0 0 -1
59342.210748 6772.650480 14.656722 0 0 -1
59342.214686 6771.782137 15.160190 0 0 -1
59342.241901 6957.019221 16.604079 0 3 -1
59342.242979 6956.435687 16.484014 0 3 -1
59342.246214 6954.057197 16.307862 0 3 -1
59343.033262 6914.925313 11.691802 0 2 -1
59343.037020 6915.956650 12.455583 0 2 -1
59343.044529 6916.315146 11.915046 0 2 -1
59343.286665 6770.404503 15.599287 0 0 -1
59343.289096 6771.008536 15.729946 0 0 -1
59343.289106 6955.526206 16.877192 0 3 -1
59343.290183 6957.015109 16.179488 0 3 -1
59343.291259 6958.417852 16.267812 0 3 -1
59343.294033 6774.052649 15.188144 0 0 -1
59343.907627 6911.516280 11.400207 0 2 -1
59343.915150 6917.629024 12.678661 0 2 -1
59343.918906 6915.965386 11.341564 0 2 -1
59344.203986 6771.395697 15.293737 0 0 -1
59344.212541 6774.435726 15.046897 0 0 -1
59344.214936 6772.275910 14.992226 0 0 -1
59344.296993 6959.197225 16.431674 0 3 -1
59344.298072 6958.145758 16.607078 0 3 -1
59344.299149 6957.565327 16.996768 0 3 -1
59345.139387 6772.386532 15.465921 0 0 -1
59345.149920 6773.017070 15.082582 0 0 -1
59345.155070 6772.976316 14.691490 0 0 -1
59347.303929 6773.306752 15.240739 0 0 -1
59347.310550 6772.396341 15.362632 0 0 -1
59347.313078 6774.027020 14.980538 0 0 -1
59348.335343 6777.666054 15.573911 0 0 -1
59348.340472 6779.026697 15.681439 0 0 -1
59348.355980 6776.429897 15.170428 0 0 -1
59351.134253 6774.468726 15.691881 0 0 -1
59351.925849 6910.238889 11.778834 0 2 -1
59351.933363 6917.336331 11.890957 0 2 -1
59351.940882 6915.199686 11.697658 0 2 -1
59352.288332 6776.341576 14.949081 0 0 -1
59352.295769 6774.834004 14.764815 0 0 -1
59352.303366 6775.023797 15.367663 0 0 -1
59353.933106 6914.583354 12.282769 0 2 -1
59353.940630 6915.094941 11.051051 0 2 -1
59353.948152 6916.304357 12.890958 0 2 -1
59354.290147 6774.497616 14.909299 0 0 -1
59354.315314 6775.837037 14.974136 0 0 -1
59354.333188 6774.445883 14.793038 0 0 -1
59356.342289 6775.277599 14.957705 0 0 -1
59356.349504 6774.762016 15.251675 0 0 -1
59356.358243 6774.217998 15.164289 0 0 -1
59357.015033 6915.507105 12.632334 0 2 -1
59357.022546 6911.111045 12.061618 0 2 -1
59357.030079 6919.381496 12.207238 0 2 -1
59357.312746 6961.108344 16.398938 0 3 -1
59357.313826 6955.840089 16.426638 0 3 -1
59357.315991 6957.956068 16.590680 0 3 -1
59358.179087 6773.726998 15.710966 0 0 -1
59358.182357 6778.143169 15.177408 0 0 -1
59358.189133 6775.737244 15.146363 0 0 -1
59358.246734 6957.732571 16.278088 0 3 -1
59358.249988 6957.545227 16.750405 0 3 -1
59358.251068 6955.895938 16.683055 0 3 -1
59359.906084 6916.089891 11.822780 0 2 -1
59359.909840 6917.637185 11.439039 0 2 -1
59359.917365 6914.906276 11.551988 0 2 -1
59360.134734 6956.978319 15.878470 0 3 -1
59360.135814 6954.608927 16.502056 0 3 -1
59360.139064 6957.610875 16.636030 0 3 -1
59360.312529 6774.118271 15.125843 0 0 -1
59360.329375 6772.097406 14.938491 0 0 -1
59360.333492 6774.557245 15.292314 0 0 -1
59367.002214 6916.235858 12.256827 0 2 -1
59367.013493 6916.918987 12.546623 0 2 -1
59367.021007 6918.364870 11.382889 0 2 -1
59368.849669 6915.559580 11.086926 0 2 -1
59368.853425 6914.254052 12.011993 0 2 -1
59368.860949 6915.960532 11.806782 0 2 -1
59369.160604 6949.747115 16.600139 0 3 -1
59369.162772 6953.338749 16.088552 0 3 -1
59369.164933 6951.602304 15.882397 0 3 -1
59369.338722 6783.538938 15.058635 0 0 -1
59369.341311 6781.174638 15.506466 0 0 -1
59369.343901 6782.517061 15.122308 0 0 -1
59372.316000 6777.972752 15.125027 0 0 -1
59372.321291 6778.494201 15.452650 0 0 -1
59372.329115 6779.646484 15.217338 0 0 -1
59373.132495 6952.755953 16.284222 0 3 -1
59373.134661 6955.852402 16.171466 0 3 -1
59373.134795 6782.518429 15.758867 0 0 -1
59373.136825 6956.243226 16.922789 0 3 -1
59373.146871 6780.722004 15.653997 0 0 -1
59373.155956 6777.132613 15.670726 0 0 -1
59374.862390 6915.401821 12.272151 0 2 -1
59374.869913 6911.159800 12.054334 0 2 -1
59374.877438 6911.147205 11.440328 0 2 -1
59375.943250 6914.502587 12.022355 0 2 -1
59375.947007 6914.346833 12.033468 0 2 -1
59375.958292 6914.839882 10.979229 0 2 -1
59376.114966 6782.540617 15.604143 0 0 -1
59376.131191 6780.470287 15.256742 0 0 -1
59376.279875 6956.874224 16.408939 0 3 -1
59376.280953 6956.662903 16.638414 0 3 -1
59376.284186 6957.145128 16.902973 0 3 -1
59376.854975 6914.158051 11.193265 0 2 -1
59376.858735 6916.827669 10.923820 0 2 -1
59376.862495 6915.473990 11.575410 0 2 -1
59377.217707 6958.880125 16.602197 0 3 -1
59377.218783 6960.492588 16.199314 0 3 -1
59377.220937 6958.536564 16.303863 0 3 -1
59377.306216 6780.712590 15.294116 0 0 -1
59377.308785 6781.990450 15.341910 0 0 -1
59377.311389 6785.054975 15.383037 0 0 -1
59378.027247 6918.174086 12.457012 0 2 -1
59378.031008 6920.161728 11.633784 0 2 -1
59378.034758 6916.221443 11.831613 0 2 -1
59378.341026 6783.670231 15.767372 0 0 -1
59378.346558 6783.498415 15.405082 0 0 -1
59378.354801 6786.007466 15.553976 0 0 -1
59379.238888 6785.953107 15.596074 0 0 -1
59379.241586 6784.023128 15.776664 0 0 -1
59380.983715 6917.342085 12.459386 0 2 -1
59380.991244 6918.153278 12.352923 0 2 -1
59380.995013 6916.460511 12.098557 0 2 -1
59381.175330 6782.055475 15.381261 0 0 -1
59381.177929 6783.391307 15.104933 0 0 -1
59381.183090 6782.250044 15.418405 0 0 -1
59381.203493 6960.060909 15.956519 0 3 -1
59381.206743 6956.102409 16.392508 0 3 -1
59381.207827 6954.037656 16.165910 0 3 -1
59381.963615 6922.081330 12.003946 0 2 -1
59381.971138 6917.322130 12.134689 0 2 -1
59381.974881 6921.478502 11.868017 0 2 -1
59382.225641 6961.443915 16.808382 0 3 -1
59382.226722 6962.127015 16.798989 0 3 -1
59382.228877 6958.915905 16.708259 0 3 -1
59382.246461 6787.130135 14.688578 0 0 -1
59382.251402 6788.957337 14.753813 0 0 -1
59382.253878 6788.569803 15.147264 0 0 -1
59383.054816 6915.099699 12.200821 0 2 -1
59383.058579 6914.230690 11.844310 0 2 -1
59383.062343 6915.850196 12.938911 0 2 -1
59383.169832 6957.340878 16.577538 0 3 -1
59383.170916 6954.662410 16.588705 0 3 -1
59383.173080 6962.031908 16.367697 0 3 -1
59383.283138 6789.725224 15.185209 0 0 -1
59383.285486 6786.128339 14.553221 0 0 -1
59383.287842 6783.661322 14.968721 0 0 -1
59385.982448 6918.441975 12.264835 0 2 -1
59385.989962 6917.518602 12.812798 0 2 -1
59385.993741 6914.595980 11.592889 0 2 -1
59386.151208 6956.209578 16.529779 0 3 -1
59386.153371 6955.060665 16.837272 0 3 -1
59386.154453 6952.501660 16.506924 0 3 -1
59386.189990 6785.682161 14.838744 0 0 -1
59386.193878 6790.199236 14.849258 0 0 -1
59386.199085 6790.060328 14.512813 0 0 -1
59391.850225 6919.996758 10.281363 0 2 -1
59391.853986 6921.518580 11.600067 0 2 -1
59391.861521 6920.285451 11.695086 0 2 -1
59392.112152 6768.283166 15.089758 0 0 -1
59392.118396 6772.161837 15.321285 0 0 -1
59392.127676 6772.173556 15.324919 0 0 -1
59392.136898 6955.840440 15.916848 0 3 -1
59392.139050 6954.375331 16.649725 0 3 -1
59392.140127 6960.973324 16.546507 0 3 -1
59393.993302 6923.033828 12.403149 0 2 -1
59394.008333 6919.727290 11.730228 0 2 -1
59394.045955 6918.274996 11.495936 0 2 -1
59394.145736 6770.401799 15.775614 0 0 -1
59394.155397 6768.766983 15.104575 0 0 -1
59394.163640 6769.632306 15.262181 0 0 -1
59395.866071 6921.417640 10.885463 0 2 -1
59395.869818 6917.639599 11.183640 0 2 -1
59395.873583 6921.058331 10.338169 0 2 -1
59396.187173 7171.874596 11.765297 0 1 -1
59396.187879 7173.141873 12.548459 0 1 -1
59396.189291 7173.048794 11.895846 0 1 -1
59396.220443 6963.295280 16.579298 0 3 -1
59396.222596 6958.926759 16.802310 0 3 -1
59396.224750 6957.517266 16.848798 0 3 -1
59397.115183 6778.383784 15.285882 0 0 -1
59397.120469 6775.142740 15.226823 0 0 -1
59397.125699 6778.826427 15.401637 0 0 -1
59397.297442 6957.964502 16.462892 0 3 -1
59397.300685 6962.796340 16.923806 0 3 -1
59397.301766 6958.273958 16.734529 0 3 -1
59398.037895 6914.984456 12.209699 0 2 -1
59398.041660 6921.751357 12.065155 0 2 -1
59398.045410 6916.720858 12.532335 0 2 -1
59398.142667 6961.776173 15.908250 0 3 -1
59398.143749 6960.251933 15.907831 0 3 -1
59398.146998 6960.957259 16.158599 0 3 -1
59398.300886 6775.246029 14.798604 0 0 -1
59398.305729 6764.187396 14.997082 0 0 -1
59398.308270 6770.261990 15.286006 0 0 -1
59399.148018 7167.912374 12.496749 0 1 -1
59399.149429 7171.400096 11.666804 0 1 -1
59399.150842 7173.249151 12.484814 0 1 -1
59399.213724 6963.036000 16.586093 0 3 -1
59399.215886 6962.650948 16.153909 0 3 -1
59399.218057 6957.683449 16.500219 0 3 -1
59399.332877 6772.004842 15.266971 0 0 -1
59399.337621 6771.850343 15.446014 0 0 -1
59399.341353 6769.540348 15.619762 0 0 -1
59402.043841 6914.765579 11.830035 0 2 -1
59402.051358 6918.333171 11.935505 0 2 -1
59402.055121 6916.813681 11.954629 0 2 -1
59402.066257 7168.378837 12.018211 0 1 -1
59402.066964 7168.501515 12.252303 0 1 -1
59402.069082 7164.245335 12.118964 0 1 -1
59402.144161 6772.469781 15.163413 0 0 -1
59402.149416 6774.654245 15.068768 0 0 -1
59402.155836 6775.522813 14.622005 0 0 -1
59402.241018 6955.150520 16.806579 0 3 -1
59402.243182 6954.318528 16.437717 0 3 -1
59402.244265 6954.604297 15.933791 0 3 -1
59403.065435 7173.112905 12.930049 0 1 -1
59403.066145 7171.344702 12.253857 0 1 -1
59403.068259 7175.747884 12.938301 0 1 -1
59403.072102 6922.629782 12.918870 0 2 -1
59403.075858 6921.722442 12.183555 0 2 -1
59403.079613 6915.946359 12.239147 0 2 -1
59403.328261 6953.736600 16.732338 0 3 -1
59403.331501 6952.743871 16.280452 0 3 -1
59403.332582 6957.681773 16.084859 0 3 -1
59404.130100 7170.594161 12.054965 0 1 -1
59404.130806 7166.007272 11.831056 0 1 -1
59404.131512 7168.468327 12.457679 0 1 -1
59404.147896 6952.379072 16.699564 0 3 -1
59404.151142 6953.071297 16.173122 0 3 -1
59404.152229 6954.396307 16.543671 0 3 -1
59404.243084 6770.469724 14.865330 0 0 -1
59404.246911 6775.953385 15.170828 0 0 -1
59404.249377 6770.037604 15.040524 0 0 -1
59404.897856 6921.003815 10.799425 0 2 -1
59404.901620 6919.077012 11.084910 0 2 -1
59404.909146 6918.038660 11.694836 0 2 -1
59405.155366 7168.535207 11.515245 0 1 -1
59405.156072 7171.214846 11.284608 0 1 -1
59405.156778 7170.195661 11.754629 0 1 -1
59405.165807 6955.738653 15.846512 0 3 -1
59405.166887 6956.552468 15.936242 0 3 -1
59405.170129 6956.846549 16.730330 0 3 -1
59405.284088 6775.085808 15.415943 0 0 -1
59405.289155 6774.018678 15.533593 0 0 -1
59405.347238 6774.602150 15.507631 0 0 -1
59405.996500 6911.922767 11.942033 0 2 -1
59406.000266 6911.904918 11.832298 0 2 -1
59406.007795 6916.485762 12.290917 0 2 -1
59406.186777 7171.455897 12.004255 0 1 -1
59406.187484 7170.969483 12.007821 0 1 -1
59406.189602 7172.128856 12.592757 0 1 -1
59406.345825 6954.635861 16.403597 0 3 -1
59406.347986 6955.061810 16.400674 0 3 -1
59406.350150 6951.158221 16.513859 0 3 -1
59408.098703 7180.804958 13.223724 0 1 -1
59408.100821 7176.794369 13.445663 0 1 -1
59408.101527 7176.841810 12.758441 0 1 -1
59408.334251 6778.163663 14.905273 0 0 -1
59408.336670 6779.496773 14.767951 0 0 -1
59408.341421 6778.823625 14.990060 0 0 -1
59410.105733 7170.796289 11.916999 0 1 -1
59410.106439 7172.525592 13.270106 0 1 -1
59410.107149 7173.957957 12.294393 0 1 -1
59410.189416 6960.235559 16.546387 0 3 -1
59410.190499 6959.293231 16.735700 0 3 -1
59410.192661 6953.748830 17.301582 0 3 -1
59410.317432 6778.146909 14.542297 0 0 -1
59410.327634 6777.911964 15.394278 0 0 -1
59410.338430 6780.318201 15.226272 0 0 -1
59411.959050 6915.625220 10.835546 0 2 -1
59411.966557 6915.851202 11.564501 0 2 -1
59411.977856 6916.375380 11.553965 0 2 -1
59412.101783 7171.381205 12.083209 0 1 -1
59412.103195 7169.825483 12.316989 0 1 -1
59412.104608 7170.729595 11.662680 0 1 -1
59412.205476 6776.448284 15.957331 0 0 -1
59412.219861 6775.127341 15.832554 0 0 -1
59412.222210 6774.340698 16.340760 0 0 -1
59412.340509 6958.891607 16.698813 0 3 -1
59412.342670 6957.799059 16.413693 0 3 -1
59412.343751 6963.213559 16.340016 0 3 -1
59414.906694 6913.140944 10.929744 0 2 -1
59414.910447 6917.592366 11.125351 0 2 -1
59414.917974 6922.558912 10.885171 0 2 -1
59415.074018 7174.143486 12.250317 0 1 -1
59415.074723 7171.280205 12.545788 0 1 -1
59415.076140 7174.881826 12.150667 0 1 -1
59415.104726 6772.802580 15.160326 0 0 -1
59415.108718 6778.496414 15.204929 0 0 -1
59415.119373 6776.969211 15.593029 0 0 -1
59415.233125 6957.541921 16.309286 0 3 -1
59415.234204 6954.019200 16.169474 0 3 -1
59415.236365 6954.738329 16.508807 0 3 -1
59419.940294 6913.476842 11.172819 0 2 -1
59419.944174 6913.373475 11.038924 0 2 -1
59419.951685 6916.605271 11.328638 0 2 -1
59420.190983 6951.532673 17.054142 0 3 -1
59420.193142 6950.815367 16.231904 0 3 -1
59420.195294 6951.922234 16.595939 0 3 -1
59420.274197 6774.789735 15.681957 0 0 -1
59420.284476 6772.271419 15.738657 0 0 -1
59420.287906 6773.007168 16.235542 0 0 -1
