59334.700184 6915.469123 11.813925 0 2 -1
59334.703954 6918.761982 13.035295 0 2 -1
59334.711459 6913.208879 12.618012 0 2 -1
59334.934601 6953.710433 16.484470 0 3 -1
59334.935678 6960.751928 16.242877 0 3 -1
59334.936754 6959.520807 16.473318 0 3 -1
59336.069824 6956.673505 15.643251 0 3 -1
59336.071983 6959.698236 16.420212 0 3 -1
59336.073065 6954.767467 16.078245 0 3 -1
59336.087932 6769.892935 14.760560 0 0 -1
59336.113567 6775.214359 15.139554 0 0 -1
59336.116529 6774.100377 14.807729 0 0 -1
59337.794690 6919.743949 12.742670 0 2 -1
59337.802213 6920.891377 12.309917 0 2 -1
59337.805964 6922.084219 12.201690 0 2 -1
59338.101617 6780.302562 15.338298 0 0 -1
59338.106766 6781.081007 15.301068 0 0 -1
59338.111894 6780.195589 15.193091 0 0 -1
59340.098120 6955.049139 16.665615 0 3 -1
59340.099194 6959.708716 16.832177 0 3 -1
59340.101354 6956.741254 16.299632 0 3 -1
59340.125153 6770.812782 15.203870 0 0 -1
59340.134329 6775.140729 15.246668 0 0 -1
59340.148161 6771.020833 15.439941 0 0 -1
59341.954385 6956.344789 16.663372 0 3 -1
59341.957620 6955.570463 16.462054 0 3 -1
59341.958695 6960.034622 16.601708 0 3 -1
59341.996746 6772.653540 14.661162 0 0 -1
59342.000684 6771.793455 15.162521 0 0 -1
59343.674792 6919.328948 11.795702 0 2 -1
59343.682301 6915.026549 11.611722 0 2 -1
59343.689815 6914.950102 11.867658 0 2 -1
59344.038460 6773.516148 14.914130 0 0 -1
59344.047124 6771.231749 14.663419 0 0 -1
59344.054785 6776.185005 14.866718 0 0 -1
59344.090520 6954.103238 16.435498 0 3 -1
59344.093753 6956.327070 16.105345 0 3 -1
59344.094826 6953.470232 16.106995 0 3 -1
59345.052239 6772.977283 15.031807 0 0 -1
59345.054836 6773.872231 15.461856 0 0 -1
59345.062635 6773.175454 15.739655 0 0 -1
59348.691508 6917.960015 11.497012 0 2 -1
59348.699020 6918.383651 11.606612 0 2 -1
59348.702790 6916.844669 12.547486 0 2 -1
59349.021951 6775.484777 15.386494 0 0 -1
59349.026999 6776.420897 15.362086 0 0 -1
59349.032064 6778.779749 15.173627 0 0 -1
59350.089948 6778.653242 15.128988 0 0 -1
59350.092419 6774.026892 14.882097 0 0 -1
59350.106715 6773.473345 15.001806 0 0 -1
59350.920251 6774.471288 15.691967 0 0 -1
59351.708087 6914.813658 11.124151 0 2 -1
59351.715613 6911.754491 12.592173 0 2 -1
59351.726880 6915.199645 11.697785 0 2 -1
59352.098517 6775.207892 14.982563 0 0 -1
59352.108322 6777.646127 15.467692 0 0 -1
59352.122068 6774.380011 15.230122 0 0 -1
59353.715347 6920.281729 12.120201 0 2 -1
59353.719104 6914.583433 12.282694 0 2 -1
59353.722869 6916.109472 12.255097 0 2 -1
59354.076145 6774.497404 14.909487 0 0 -1
59354.101312 6775.836018 14.974256 0 0 -1
59354.104255 6773.866426 15.074960 0 0 -1
59356.710684 6920.254261 11.767688 0 2 -1
59356.721985 6916.015676 12.034826 0 2 -1
59356.725745 6920.956089 11.297040 0 2 -1
59357.087914 6953.716803 16.549693 0 3 -1
59357.090082 6958.096597 16.472942 0 3 -1
59357.092248 6957.285371 16.521307 0 3 -1
59358.923301 6773.339497 15.829798 0 0 -1
59358.931249 6773.306956 16.081871 0 0 -1
59358.937426 6768.693354 15.483175 0 0 -1
59358.952972 6961.585621 16.827267 0 3 -1
59358.954053 6953.385240 16.460258 0 3 -1
59358.956208 6956.743500 16.311524 0 3 -1
59361.683491 6914.239898 11.455790 0 2 -1
59361.687248 6913.053047 12.023288 0 2 -1
59361.691012 6916.499324 11.769931 0 2 -1
59361.944566 6772.845251 15.092085 0 0 -1
59361.947357 6773.338188 14.632593 0 0 -1
59361.957166 6774.626530 14.848907 0 0 -1
59362.136140 6956.440516 16.557500 0 3 -1
59362.137220 6957.041597 16.828127 0 3 -1
59362.138308 6957.341875 16.482586 0 3 -1
59364.917885 6958.565229 16.141987 0 3 -1
59364.918966 6958.776944 16.553831 0 3 -1
59364.921142 6960.425091 16.437802 0 3 -1
59365.067320 6771.480582 15.677201 0 0 -1
59365.069993 6772.690825 15.400877 0 0 -1
59365.075398 6779.240701 15.312021 0 0 -1
59365.648355 6918.613169 12.388150 0 2 -1
59365.652118 6918.371705 11.640226 0 2 -1
59365.659667 6918.111165 11.079421 0 2 -1
59365.941188 6774.620962 15.677807 0 0 -1
59365.959824 6777.592689 15.590349 0 0 -1
59369.761210 6913.608910 13.789128 0 2 -1
59369.768738 6914.718819 12.781162 0 2 -1
59369.776263 6914.484056 12.266056 0 2 -1
59369.910940 6954.846041 16.362909 0 3 -1
59369.912028 6953.344219 16.367070 0 3 -1
59369.913108 6959.560937 16.603583 0 3 -1
59370.023276 6782.966953 15.432979 0 0 -1
59370.025654 6782.036383 15.084420 0 0 -1
59370.030553 6783.666046 15.229028 0 0 -1
59374.802541 6916.440916 12.261562 0 2 -1
59374.806302 6912.596172 12.735681 0 2 -1
59374.810063 6917.570593 12.844034 0 2 -1
59376.787767 6917.411612 12.659185 0 2 -1
59376.791518 6916.413925 12.494373 0 2 -1
59376.799035 6919.006417 12.463499 0 2 -1
59376.948922 6959.187959 16.449514 0 3 -1
59376.951075 6956.589036 16.712563 0 3 -1
59376.952157 6960.347633 16.523122 0 3 -1
59377.106321 6784.055114 15.099427 0 0 -1
59377.108935 6782.013994 15.077341 0 0 -1
59377.116326 6781.249350 15.079194 0 0 -1
59377.628949 6919.480815 11.128805 0 2 -1
59377.636479 6912.323981 10.224608 0 2 -1
59377.640253 6912.830602 11.119965 0 2 -1
59378.026109 6787.786327 15.584111 0 0 -1
59378.031599 6784.989025 15.089782 0 0 -1
59378.035635 6785.820048 15.459929 0 0 -1
59379.024886 6785.942711 15.593582 0 0 -1
59379.027585 6784.014821 15.775213 0 0 -1
59379.734125 6917.167784 12.386204 0 2 -1
59379.737891 6918.083853 12.329937 0 2 -1
59379.749170 6918.697400 12.523650 0 2 -1
59379.927944 6782.608138 15.170577 0 0 -1
59379.940910 6782.879048 15.646783 0 0 -1
59379.943737 6783.755768 15.399884 0 0 -1
59380.041449 6955.549076 15.992969 0 3 -1
59380.044695 6959.632349 16.030665 0 3 -1
59380.045775 6955.204560 16.035756 0 3 -1
59381.742082 6914.066800 11.861403 0 2 -1
59381.745840 6921.066860 12.777365 0 2 -1
59381.749613 6922.066604 12.014778 0 2 -1
59381.964035 6788.113118 15.098982 0 0 -1
59381.966642 6786.343679 15.234050 0 0 -1
59381.969218 6785.317348 14.875061 0 0 -1
59382.115350 6956.139488 16.343531 0 3 -1
59382.116432 6954.079755 16.307699 0 3 -1
59382.117507 6957.205165 16.440143 0 3 -1
59383.644277 6921.447122 10.806103 0 2 -1
59383.648053 6921.040283 10.636348 0 2 -1
59383.655584 6917.793051 11.272340 0 2 -1
59383.978595 6957.840249 16.524170 0 3 -1
59383.979676 6958.401719 16.499549 0 3 -1
59383.981846 6956.617205 16.934415 0 3 -1
59383.992473 6785.177438 15.700450 0 0 -1
59384.002278 6788.612256 15.067330 0 0 -1
59384.007238 6787.100696 15.397032 0 0 -1
59384.628010 6915.609469 10.868172 0 2 -1
59384.631782 6920.268744 11.036722 0 2 -1
59384.635541 6920.652014 11.504252 0 2 -1
59385.055212 6786.248892 15.734997 0 0 -1
59385.061472 6784.275102 15.373320 0 0 -1
59385.063906 6786.089691 15.098649 0 0 -1
59387.920967 6786.428811 15.254120 0 0 -1
59387.926477 6785.633413 15.194242 0 0 -1
59387.929412 6784.874447 15.365054 0 0 -1
59388.644350 6919.320930 11.227442 0 2 -1
59388.659397 6917.512602 11.876625 0 2 -1
59388.663148 6916.002800 10.982716 0 2 -1
59388.965674 6783.097405 14.952974 0 0 -1
59388.967365 6955.099467 16.432362 0 3 -1
59388.968252 6786.056629 15.416138 0 0 -1
59388.968449 6955.169453 16.721188 0 3 -1
59388.969524 6956.933122 16.426577 0 3 -1
59388.970854 6786.168642 15.052555 0 0 -1
59389.809335 6917.155711 12.314246 0 2 -1
59389.828264 6915.904622 12.972614 0 2 -1
59389.832028 6915.632477 12.357112 0 2 -1
59389.926150 6955.614270 16.499917 0 3 -1
59389.928313 6953.844305 16.411733 0 3 -1
59389.929388 6957.971112 16.261354 0 3 -1
59389.952568 6783.754168 14.789635 0 0 -1
59389.957794 6782.191729 15.061426 0 0 -1
59389.966851 6783.608800 14.986801 0 0 -1
59392.835547 6912.671256 12.786727 0 2 -1
59392.843066 6920.144380 12.943809 0 2 -1
59392.846825 6918.186167 11.408616 0 2 -1
59393.111566 6774.271402 16.122657 0 0 -1
59393.114447 6776.856145 15.915553 0 0 -1
59393.123097 6775.172680 15.793387 0 0 -1
59397.703574 6912.659153 10.935351 0 2 -1
59397.714844 6915.859783 10.531493 0 2 -1
59397.718600 6915.466365 11.163648 0 2 -1
59397.891478 6771.230507 15.023910 0 0 -1
59397.896665 6773.996725 14.876599 0 0 -1
59397.899199 6770.791669 15.002648 0 0 -1
59398.093478 6959.760039 16.489745 0 3 -1
59398.094558 6953.322614 16.533897 0 3 -1
59398.096718 6957.882754 16.298561 0 3 -1
59401.792180 6916.214667 11.696412 0 2 -1
59401.795940 6922.005297 11.828464 0 2 -1
59401.799701 6920.617367 11.786744 0 2 -1
59401.885991 6771.020798 15.031687 0 0 -1
59401.888644 6772.553825 15.202611 0 0 -1
59401.892602 6775.494332 14.968663 0 0 -1
59401.927059 7163.815502 12.563696 0 1 -1
59401.927765 7161.299155 11.898886 0 1 -1
59401.929177 7167.500789 11.765105 0 1 -1
59401.992049 6959.577683 16.752306 0 3 -1
59401.994207 6955.600197 16.352235 0 3 -1
59401.995280 6958.425685 16.768375 0 3 -1
59402.794210 6915.260046 11.869531 0 2 -1
59402.797974 6917.227896 11.703040 0 2 -1
59402.801729 6916.319696 11.612492 0 2 -1
59402.966503 7172.514952 11.906066 0 1 -1
59402.968621 7172.586415 11.372512 0 1 -1
59402.969327 7173.347754 11.457040 0 1 -1
59402.970612 6956.214119 16.446105 0 3 -1
59402.971692 6954.524322 16.287197 0 3 -1
59402.972765 6957.813421 16.306960 0 3 -1
59403.889282 7168.668508 12.001984 0 1 -1
59403.890693 7172.913025 12.392360 0 1 -1
59403.891398 7172.431459 11.970510 0 1 -1
59403.992215 6772.985948 15.234069 0 0 -1
59404.001960 6772.819799 15.100926 0 0 -1
59404.004362 6773.903780 15.162327 0 0 -1
59404.084675 6954.488966 16.605185 0 3 -1
59404.085749 6952.645637 16.531435 0 3 -1
59404.086835 6956.958720 16.947104 0 3 -1
59405.737353 6915.260370 11.641056 0 2 -1
59405.748644 6913.975575 11.010819 0 2 -1
59405.756176 6913.268170 11.395428 0 2 -1
59405.855588 7174.478933 12.634018 0 1 -1
59405.857000 7176.599154 12.401027 0 1 -1
59405.857706 7176.339766 12.451780 0 1 -1
59406.106963 6949.992577 16.507187 0 3 -1
59406.108044 6949.782115 16.368634 0 3 -1
59406.109128 6949.463792 16.678041 0 3 -1
59407.864238 7176.025190 13.508979 0 1 -1
59407.866356 7178.289086 13.081536 0 1 -1
59407.867063 7179.289852 12.369592 0 1 -1
59408.161045 6777.411398 14.920008 0 0 -1
59408.163430 6776.819483 14.870713 0 0 -1
59408.165807 6782.032432 14.786422 0 0 -1
59411.082909 6955.432733 16.553774 0 3 -1
59411.083984 6957.566908 16.769982 0 3 -1
59411.085060 6957.160865 16.834165 0 3 -1
59411.109436 6774.948338 15.277474 0 0 -1
59411.114634 6776.052834 15.342024 0 0 -1
59411.121738 6775.416690 15.304563 0 0 -1
59418.956092 6775.253619 14.777239 0 0 -1
59418.958787 6775.398403 15.441325 0 0 -1
59418.965560 6773.401671 14.840988 0 0 -1
59418.981323 6957.247167 16.041863 0 3 -1
59418.982407 6956.939261 16.588733 0 3 -1
59418.983485 6950.825019 16.141084 0 3 -1
59419.756507 6921.730128 10.265730 0 2 -1
59419.775306 6915.496722 11.262303 0 2 -1
59419.779068 6919.289238 10.046941 0 2 -1
59419.947893 6771.986866 15.885300 0 0 -1
59419.986504 6773.705270 15.783039 0 0 -1
59419.990052 6772.376449 16.077556 0 0 -1
59420.037408 6954.044178 16.139074 0 3 -1
59420.038492 6953.731076 15.999967 0 3 -1
59420.040662 6955.203599 16.261450 0 3 -1
59420.700637 6916.464922 11.086999 0 2 -1
59420.708153 6922.928961 10.831252 0 2 -1
59420.715676 6918.756140 10.589997 0 2 -1
59420.873617 7168.414041 11.736148 0 1 -1
59420.874323 7170.566771 11.356973 0 1 -1
59420.875735 7172.322525 11.063226 0 1 -1
59420.988150 6958.357575 16.353790 0 3 -1
59420.990293 6957.265839 16.504702 0 3 -1
59420.991383 6958.659233 16.841823 0 3 -1
59421.112099 6780.670418 15.081962 0 0 -1
59421.130285 6777.287935 15.082414 0 0 -1
59421.136709 6776.491244 14.540180 0 0 -1
59422.687448 6916.723057 11.467361 0 2 -1
59422.694983 6917.547207 11.236129 0 2 -1
59422.702516 6912.257038 11.225956 0 2 -1
59422.871553 7167.849476 11.876357 0 1 -1
59422.873670 7170.689260 11.441441 0 1 -1
59422.874376 7171.411566 11.533025 0 1 -1
59423.678423 6918.995097 11.665435 0 2 -1
59423.685999 6918.001341 11.842822 0 2 -1
59423.689751 6913.994712 11.898089 0 2 -1
