59333.584825 5.696485 0.093000 0 2 -1
59333.592336 8.356485 0.094000 0 2 -1
59333.599856 7.903485 0.095000 0 2 -1
59334.610885 6.923485 0.102000 0 2 -1
59334.622168 6.127485 0.103000 0 2 -1
59334.633441 8.265485 0.102000 0 2 -1
59334.835761 6.803445 0.118000 0 3 -1
59334.837912 7.276445 0.118000 0 3 -1
59334.838994 8.556445 0.118000 0 3 -1
59335.858004 8.813016 0.109000 0 0 -1
59335.859192 9.331445 0.119000 0 3 -1
59335.860276 9.023445 0.119000 0 3 -1
59335.862447 10.060445 0.119000 0 3 -1
59335.867590 11.078016 0.108000 0 0 -1
59335.872157 8.098016 0.108000 0 0 -1
59338.652604 7.208485 0.102000 0 2 -1
59338.656367 7.018485 0.102000 0 2 -1
59338.918849 8.936016 0.107000 0 0 -1
59338.928697 7.244016 0.107000 0 0 -1
59338.931537 8.243016 0.107000 0 0 -1
59338.940588 6.613445 0.118000 0 3 -1
59338.942733 8.403445 0.118000 0 3 -1
59338.944887 7.953445 0.118000 0 3 -1
59339.850478 7.123016 0.104000 0 0 -1
59339.877885 9.412016 0.104000 0 0 -1
59339.881612 9.853445 0.118000 0 3 -1
59339.882643 8.336016 0.104000 0 0 -1
59339.882686 10.328445 0.118000 0 3 -1
59339.884843 8.197445 0.118000 0 3 -1
59344.785023 8.562016 0.105000 0 0 -1
59344.787636 7.611016 0.105000 0 0 -1
59344.795383 8.645016 0.106000 0 0 -1
59345.947952 9.576016 0.110000 0 0 -1
59345.958629 9.867016 0.110000 0 0 -1
59345.963947 10.241016 0.110000 0 0 -1
59346.795241 8.468016 0.110000 0 0 -1
59346.800665 8.386016 0.110000 0 0 -1
59346.803396 9.583016 0.110000 0 0 -1
59351.558649 9.514485 0.102000 0 2 -1
59351.562402 9.774485 0.102000 0 2 -1
59351.566162 8.725485 0.102000 0 2 -1
59351.936083 9.687016 0.108000 0 0 -1
59351.943680 10.407016 0.108000 0 0 -1
59351.946142 9.499016 0.107000 0 0 -1
59352.841867 8.966445 0.120000 0 3 -1
59352.842947 8.706445 0.121000 0 3 -1
59352.844028 10.902445 0.121000 0 3 -1
59353.528282 10.355485 0.104000 0 2 -1
59353.535795 11.051485 0.104000 0 2 -1
59353.547101 10.733485 0.105000 0 2 -1
59353.930461 11.950016 0.113000 0 0 -1
59353.955627 11.322016 0.115000 0 0 -1
59353.973501 10.794016 0.113000 0 0 -1
59355.970635 8.315016 0.109000 0 0 -1
59355.982602 9.007016 0.108000 0 0 -1
59355.989818 6.652016 0.107000 0 0 -1
59356.523628 10.510485 0.106000 0 2 -1
59356.527399 9.858485 0.106000 0 2 -1
59356.531157 7.597485 0.106000 0 2 -1
59356.792450 9.823445 0.115000 0 3 -1
59356.793530 9.857445 0.116000 0 3 -1
59356.795697 8.163445 0.116000 0 3 -1
59357.763211 10.036445 0.113000 0 3 -1
59357.764298 8.684445 0.113000 0 3 -1
59357.765379 9.934445 0.113000 0 3 -1
59357.782044 9.819016 0.115000 0 0 -1
59357.800793 9.330016 0.115000 0 0 -1
59357.816124 9.181016 0.115000 0 0 -1
59359.689228 9.398485 0.105000 0 2 -1
59359.692979 9.619485 0.105000 0 2 -1
59359.696738 11.232485 0.105000 0 2 -1
59359.771805 9.759445 0.115000 0 3 -1
59359.772879 8.993445 0.115000 0 3 -1
59359.773965 7.999445 0.115000 0 3 -1
59359.800146 8.917016 0.110000 0 0 -1
59359.810060 9.672016 0.110000 0 0 -1
59359.812870 10.248016 0.110000 0 0 -1
59360.640211 8.250485 0.106000 0 2 -1
59360.647753 7.563485 0.106000 0 2 -1
59360.651510 8.263485 0.106000 0 2 -1
59360.910910 8.736445 0.117000 0 3 -1
59360.913069 8.826445 0.117000 0 3 -1
59360.914146 8.478445 0.117000 0 3 -1
59360.994099 9.313016 0.111000 0 0 -1
59360.996906 10.562016 0.110000 0 0 -1
59361.009464 9.577016 0.109000 0 0 -1
59362.567896 7.070485 0.105000 0 2 -1
59362.571650 6.254485 0.105000 0 2 -1
59362.594336 7.229485 0.105000 0 2 -1
59362.911689 8.212016 0.109000 0 0 -1
59362.917158 9.513016 0.109000 0 0 -1
59362.952000 8.803016 0.109000 0 0 -1
59362.989542 7.996445 0.110000 0 3 -1
59362.990624 11.033445 0.110000 0 3 -1
59362.991706 8.771445 0.114000 0 3 -1
59364.781942 10.611445 0.118000 0 3 -1
59364.784112 11.505445 0.118000 0 3 -1
59364.786269 10.298445 0.118000 0 3 -1
59364.986492 10.573016 0.108000 0 0 -1
59364.990571 11.709016 0.108000 0 0 -1
59364.993260 11.161016 0.108000 0 0 -1
59367.809825 10.555016 0.113000 0 0 -1
59367.850700 10.562016 0.113000 0 0 -1
59367.888116 8.392445 0.119000 0 3 -1
59367.889198 10.609445 0.120000 0 3 -1
59367.890277 10.166445 0.120000 0 3 -1
59369.623053 8.020485 0.106000 0 2 -1
59369.626817 8.870485 0.106000 0 2 -1
59369.630578 9.869485 0.106000 0 2 -1
59369.830306 7.983445 0.121000 0 3 -1
59369.832476 8.039445 0.121000 0 3 -1
59369.834633 8.895445 0.121000 0 3 -1
59369.849027 7.867016 0.110000 0 0 -1
59369.853868 7.846016 0.109000 0 0 -1
59369.858640 7.820016 0.109000 0 0 -1
59373.659212 11.276485 0.106000 0 2 -1
59373.666729 11.482485 0.106000 0 2 -1
59373.674236 11.005485 0.106000 0 2 -1
59373.754009 8.855016 0.108000 0 0 -1
59373.775084 7.741016 0.108000 0 0 -1
59373.777851 9.096016 0.108000 0 0 -1
59373.810573 8.437445 0.117000 0 3 -1
59373.811657 8.446445 0.117000 0 3 -1
59373.813815 9.523445 0.117000 0 3 -1
59377.592362 11.886485 0.106000 0 2 -1
59377.596124 10.781485 0.106000 0 2 -1
59377.599879 11.233485 0.106000 0 2 -1
59377.968880 11.167016 0.113000 0 0 -1
59377.971631 9.987016 0.113000 0 0 -1
59377.992368 11.799016 0.113000 0 0 -1
59379.735077 11.251485 0.103000 0 2 -1
59379.738845 9.926485 0.103000 0 2 -1
59379.742599 11.034485 0.102000 0 2 -1
59379.782259 8.669016 0.111000 0 0 -1
59379.791042 9.498016 0.111000 0 0 -1
59379.798053 9.735016 0.111000 0 0 -1
59379.814717 11.718445 0.118000 0 3 -1
59379.815795 10.655445 0.118000 0 3 -1
59379.817955 10.288445 0.118000 0 3 -1
59381.728041 10.700485 0.103000 0 2 -1
59381.731781 10.415485 0.103000 0 2 -1
59381.735568 12.130485 0.102000 0 2 -1
59381.868116 9.140445 0.121000 0 3 -1
59381.870266 11.987445 0.121000 0 3 -1
59381.871350 10.215445 0.121000 0 3 -1
59381.872906 8.148016 0.108000 0 0 -1
59381.880456 9.246016 0.108000 0 0 -1
59381.886774 8.410016 0.108000 0 0 -1
59387.775282 6.993016 0.107000 0 0 -1
59387.778030 7.832016 0.107000 0 0 -1
59387.780792 9.232016 0.107000 0 0 -1
59390.491178 7.570485 0.096000 0 2 -1
59390.494938 8.924485 0.096000 0 2 -1
59390.502465 6.882485 0.097000 0 2 -1
59390.921700 9.985445 0.120000 0 3 -1
59390.922782 9.992445 0.120000 0 3 -1
59390.924944 8.735445 0.120000 0 3 -1
59392.505546 11.959485 0.103000 0 2 -1
59392.509311 10.943485 0.103000 0 2 -1
59392.516837 11.829485 0.104000 0 2 -1
59392.960147 9.052016 0.109000 0 0 -1
59392.963011 9.828016 0.109000 0 0 -1
59392.971653 9.415016 0.109000 0 0 -1
59393.633615 9.993485 0.105000 0 2 -1
59393.648646 9.372485 0.105000 0 2 -1
59393.686269 8.257485 0.104000 0 2 -1
59393.747867 8.802016 0.110000 0 0 -1
59393.756522 9.710016 0.110000 0 0 -1
59393.759391 9.764016 0.110000 0 0 -1
59395.476277 9.781485 0.098000 0 2 -1
59395.480038 9.366485 0.099000 0 2 -1
59395.491328 7.327485 0.099000 0 2 -1
59395.820428 9.272654 0.121000 0 1 -1
59395.821839 8.543654 0.121000 0 1 -1
59395.822544 9.413654 0.121000 0 1 -1
59395.869374 9.267445 0.122000 0 3 -1
59395.871528 7.342445 0.122000 0 3 -1
59395.872604 8.032445 0.122000 0 3 -1
59398.710680 13.105654 0.120000 0 1 -1
59398.711386 11.449654 0.120000 0 1 -1
59398.712092 10.305654 0.120000 0 1 -1
59398.827897 4.095016 0.105000 0 0 -1
59398.834978 7.447016 0.105000 0 0 -1
59398.841083 6.318016 0.104000 0 0 -1
59398.952307 8.257445 0.119000 0 3 -1
59398.953395 8.357445 0.119000 0 3 -1
59398.956643 9.735445 0.118000 0 3 -1
59400.646392 8.579485 0.106000 0 2 -1
59400.657667 8.233485 0.106000 0 2 -1
59400.661426 8.531485 0.106000 0 2 -1
59400.744296 7.818016 0.109000 0 0 -1
59400.748426 7.165016 0.109000 0 0 -1
59400.751156 8.042016 0.109000 0 0 -1
59400.788343 10.499445 0.118000 0 3 -1
59400.791596 7.998445 0.118000 0 3 -1
59400.792679 9.021445 0.118000 0 3 -1
59400.806188 9.842654 0.116000 0 1 -1
59400.807600 9.706654 0.116000 0 1 -1
59400.809013 8.662654 0.116000 0 1 -1
59401.620171 10.705485 0.105000 0 2 -1
59401.623930 10.606485 0.105000 0 2 -1
59401.631459 10.936485 0.105000 0 2 -1
59401.712219 13.059654 0.122000 0 1 -1
59401.713631 11.535654 0.122000 0 1 -1
59401.715043 11.502654 0.122000 0 1 -1
59401.926604 9.760016 0.108000 0 0 -1
59401.929066 11.430016 0.108000 0 0 -1
59401.934021 12.557016 0.108000 0 0 -1
59401.943130 13.143445 0.118000 0 3 -1
59401.946369 10.934445 0.118000 0 3 -1
59401.947449 9.730445 0.118000 0 3 -1
59403.704762 10.503654 0.119000 0 1 -1
59403.705467 9.444654 0.119000 0 1 -1
59403.707585 11.931654 0.119000 0 1 -1
59403.818444 6.973016 0.107000 0 0 -1
59403.823373 7.551016 0.107000 0 0 -1
59403.833134 9.041016 0.108000 0 0 -1
59403.958462 12.878445 0.116000 0 3 -1
59403.961710 10.351445 0.116000 0 3 -1
59403.962787 11.889445 0.116000 0 3 -1
59404.508045 9.049485 0.103000 0 2 -1
59404.511800 9.747485 0.104000 0 2 -1
59404.515573 8.703485 0.104000 0 2 -1
59404.813681 12.420445 0.115000 0 3 -1
59404.815847 12.382445 0.115000 0 3 -1
59404.818010 10.822445 0.115000 0 3 -1
59404.827450 10.643654 0.117000 0 1 -1
59404.828862 13.040654 0.117000 0 1 -1
59404.830274 12.096654 0.117000 0 1 -1
59404.877869 11.352016 0.107000 0 0 -1
59404.886031 9.875016 0.107000 0 0 -1
59404.891192 11.498016 0.107000 0 0 -1
59406.527049 13.086485 0.105000 0 2 -1
59406.538333 13.747485 0.105000 0 2 -1
59406.802972 12.589445 0.118000 0 3 -1
59406.804046 12.931445 0.118000 0 3 -1
59406.806210 12.916445 0.118000 0 3 -1
59407.823750 12.439654 0.118000 0 1 -1
59407.824459 11.481654 0.118000 0 1 -1
59407.826574 13.160654 0.118000 0 1 -1
59408.004463 8.838016 0.107000 0 0 -1
59408.006974 9.741016 0.107000 0 0 -1
59408.015361 9.251016 0.108000 0 0 -1
59410.920238 11.095445 0.119000 0 3 -1
59410.921316 9.173445 0.119000 0 3 -1
59410.922399 9.853445 0.119000 0 3 -1
59410.944621 7.310016 0.107000 0 0 -1
59410.946937 7.124016 0.107000 0 0 -1
59410.949464 6.897016 0.108000 0 0 -1
59411.599363 9.041485 0.095000 0 2 -1
59411.603115 9.026485 0.095000 0 2 -1
59411.606870 8.493485 0.095000 0 2 -1
59411.781610 9.033654 0.121000 0 1 -1
59411.782316 7.628654 0.121000 0 1 -1
59411.783730 9.251654 0.121000 0 1 -1
59411.816197 6.945016 0.106000 0 0 -1
59411.819974 8.391016 0.107000 0 0 -1
59411.824820 7.508016 0.106000 0 0 -1
59411.906049 9.775445 0.117000 0 3 -1
59411.907133 8.640445 0.117000 0 3 -1
59411.908209 7.792445 0.117000 0 3 -1
59412.490247 6.171485 0.095000 0 2 -1
59412.497770 5.721485 0.096000 0 2 -1
59412.501527 6.614485 0.096000 0 2 -1
59412.829003 4.648016 0.106000 0 0 -1
59412.833593 6.310016 0.106000 0 0 -1
59412.837208 5.142016 0.106000 0 0 -1
59415.570783 10.189485 0.104000 0 2 -1
59415.574543 11.574485 0.104000 0 2 -1
59415.582054 10.687485 0.104000 0 2 -1
59415.885276 9.824445 0.107000 0 3 -1
59415.886359 9.991445 0.105000 0 3 -1
59415.888523 11.019445 0.105000 0 3 -1
59415.932857 7.639016 0.111000 0 0 -1
59415.935313 9.380016 0.111000 0 0 -1
59415.939286 9.676016 0.111000 0 0 -1
59416.585354 10.628485 0.103000 0 2 -1
59416.592860 10.627485 0.103000 0 2 -1
59416.600384 7.717485 0.103000 0 2 -1
59416.825651 7.687016 0.108000 0 0 -1
59416.828226 5.533016 0.109000 0 0 -1
59416.830818 6.061016 0.109000 0 0 -1
59418.786760 5.577016 0.106000 0 0 -1
59418.796578 6.796016 0.106000 0 0 -1
59418.799316 7.343016 0.106000 0 0 -1
59418.864899 6.826445 0.111000 0 3 -1
59418.865982 6.773445 0.111000 0 3 -1
59418.868144 7.045445 0.111000 0 3 -1
