59332.340853 6852.625162 11.037683 0 2 -1
59332.344622 6857.301827 10.691245 0 2 -1
59332.348377 6856.062261 10.922736 0 2 -1
59332.673420 6891.991755 16.781532 0 3 -1
59332.675572 6894.091088 16.212476 0 3 -1
59332.677728 6894.954521 16.595468 0 3 -1
59334.340617 6860.694859 11.630627 0 2 -1
59334.344361 6855.352075 10.998678 0 2 -1
59334.348132 6860.533423 11.635193 0 2 -1
59338.464919 6851.921006 12.655086 0 2 -1
59338.476207 6854.926339 12.351032 0 2 -1
59338.483728 6851.125275 13.145604 0 2 -1
59338.753053 6692.148564 15.338850 0 0 -1
59338.760767 6690.426903 15.545956 0 0 -1
59338.763330 6692.072147 15.191751 0 0 -1
59342.648182 6685.030881 14.651092 0 0 -1
59342.652120 6684.161708 15.153761 0 0 -1
59342.712736 6895.194586 16.417074 0 3 -1
59342.713814 6891.263115 16.546331 0 3 -1
59342.714892 6892.727259 16.354843 0 3 -1
59343.451902 6851.449032 12.059376 0 2 -1
59343.459438 6854.829194 12.791053 0 2 -1
59343.463191 6853.938806 12.127854 0 2 -1
59343.588556 6888.875833 15.837386 0 3 -1
59343.590713 6892.207633 16.272059 0 3 -1
59343.591792 6892.245779 16.945429 0 3 -1
59343.710561 6683.953717 15.920973 0 0 -1
59343.724099 6682.956366 15.586770 0 0 -1
59343.726530 6683.549437 15.720841 0 0 -1
59344.476660 6854.929644 13.076292 0 2 -1
59344.480423 6848.956647 12.376451 0 2 -1
59344.484178 6852.372185 12.201678 0 2 -1
59344.581702 6891.522517 16.372041 0 3 -1
59344.582778 6897.899554 16.397267 0 3 -1
59344.583855 6893.258870 16.548478 0 3 -1
59344.615901 6689.033164 15.377050 0 0 -1
59344.623148 6688.116058 15.161643 0 0 -1
59344.627073 6691.692663 15.144853 0 0 -1
59346.699292 6688.527419 15.886148 0 0 -1
59346.715667 6688.608107 15.570245 0 0 -1
59346.722333 6683.416098 15.099171 0 0 -1
59349.350456 6856.997227 11.212794 0 2 -1
59349.354226 6855.607487 12.130659 0 2 -1
59349.673387 6689.191093 15.379815 0 0 -1
59349.680958 6687.996121 15.310425 0 0 -1
59349.714591 6687.356692 15.315172 0 0 -1
59352.336965 6854.231958 11.161465 0 2 -1
59352.351997 6853.641137 11.724560 0 2 -1
59352.738332 6687.215035 15.095241 0 0 -1
59352.743263 6690.563374 14.850238 0 0 -1
59352.749954 6689.318578 14.973590 0 0 -1
59358.563581 6900.905772 16.357623 0 3 -1
59358.564659 6895.914578 16.310480 0 3 -1
59358.567899 6895.938291 16.228401 0 3 -1
59358.782274 6687.909484 15.572076 0 0 -1
59358.796653 6689.936094 15.541794 0 0 -1
59358.813656 6689.382794 15.882199 0 0 -1
59359.595177 6687.467095 16.423405 0 0 -1
59359.601246 6682.895391 15.973958 0 0 -1
59359.605654 6682.638450 16.060563 0 0 -1
59359.772588 6893.536339 16.523589 0 3 -1
59359.773665 6896.281901 16.632432 0 3 -1
59359.776913 6896.778952 16.701104 0 3 -1
59360.403667 6857.712264 11.387897 0 2 -1
59360.407426 6860.658194 11.924751 0 2 -1
59360.414950 6855.375768 12.232296 0 2 -1
59360.560275 6895.078575 16.546573 0 3 -1
59360.562442 6894.964679 16.513059 0 3 -1
59360.563522 6896.830605 16.388227 0 3 -1
59360.726398 6688.712467 15.158008 0 0 -1
59360.731884 6690.089564 15.054916 0 0 -1
59360.737446 6691.540681 15.450016 0 0 -1
59363.466763 6858.976506 12.784486 0 2 -1
59363.474278 6856.498139 12.109749 0 2 -1
59363.478047 6852.992386 12.895047 0 2 -1
59363.630277 6692.551379 15.991325 0 0 -1
59363.633088 6690.692749 15.425345 0 0 -1
59363.642685 6899.097815 16.400852 0 3 -1
59363.644847 6903.130991 16.441304 0 3 -1
59363.647004 6899.545032 16.235074 0 3 -1
59363.652793 6687.820412 15.745879 0 0 -1
59365.598529 6899.515561 16.640741 0 3 -1
59365.599614 6900.410969 16.794738 0 3 -1
59365.600690 6897.598801 16.414942 0 3 -1
59365.706727 6685.565815 15.257216 0 0 -1
59365.709379 6692.354597 15.508170 0 0 -1
59365.714688 6691.681375 15.496779 0 0 -1
59368.606947 6699.731010 15.004713 0 0 -1
59368.647821 6697.040715 15.402792 0 0 -1
59368.683085 6894.472101 16.454243 0 3 -1
59368.686319 6897.291045 16.437196 0 3 -1
59368.687398 6899.235442 16.578392 0 3 -1
59372.608091 6697.555731 14.980560 0 0 -1
59372.625806 6695.341752 14.822269 0 0 -1
59372.628477 6695.446362 15.335669 0 0 -1
59373.581259 6694.879192 16.095148 0 0 -1
59373.584305 6698.649125 15.648989 0 0 -1
59373.593390 6695.050690 15.663516 0 0 -1
59373.602377 6897.644688 16.784023 0 3 -1
59373.604548 6894.383928 16.550478 0 3 -1
59373.605626 6897.176988 16.699426 0 3 -1
59375.446457 6854.318336 12.940137 0 2 -1
59375.450212 6855.098497 12.149694 0 2 -1
59375.453977 6857.884680 12.179246 0 2 -1
59378.442109 6861.374560 12.174093 0 2 -1
59378.449639 6858.868211 12.552768 0 2 -1
59378.618939 6703.366309 15.333832 0 0 -1
59378.621689 6702.498482 15.281390 0 0 -1
59378.624451 6701.416665 15.411330 0 0 -1
59379.676322 6704.948096 15.583681 0 0 -1
59379.679021 6702.966380 15.765645 0 0 -1
59382.513889 6855.874436 12.760471 0 2 -1
59382.525162 6864.133085 12.453629 0 2 -1
59382.528902 6857.408270 12.323851 0 2 -1
59382.575677 6706.647631 15.244983 0 0 -1
59382.578313 6707.321638 15.454338 0 0 -1
59382.586681 6709.096474 15.011209 0 0 -1
59382.618340 6900.089450 16.067150 0 3 -1
59382.620503 6901.939397 16.396185 0 3 -1
59382.622660 6900.528399 16.434732 0 3 -1
59383.371575 6863.178242 11.203936 0 2 -1
59383.379104 6859.893432 10.928149 0 2 -1
59383.382973 6857.317486 11.540390 0 2 -1
59383.607266 6899.636136 16.567205 0 3 -1
59383.610515 6904.412708 16.357572 0 3 -1
59383.611593 6902.351730 16.739040 0 3 -1
59383.759590 6701.409713 14.890195 0 0 -1
59383.761985 6703.067026 15.147406 0 0 -1
59383.766954 6700.868286 15.000037 0 0 -1
59385.335838 6858.109466 10.707358 0 2 -1
59385.339609 6861.360284 11.287837 0 2 -1
59385.583782 6704.146724 15.574019 0 0 -1
59385.586322 6707.166732 15.577803 0 0 -1
59385.589018 6704.814983 15.720833 0 0 -1
59386.419883 6860.991561 11.912938 0 2 -1
59386.427396 6860.228042 12.462831 0 2 -1
59386.431176 6857.114154 11.188249 0 2 -1
59386.617250 6706.626147 15.170306 0 0 -1
59386.622331 6703.709621 14.753327 0 0 -1
59386.624868 6707.485508 14.731059 0 0 -1
59386.745767 6902.612533 16.748830 0 3 -1
59386.746845 6903.264710 15.905726 0 3 -1
59386.750094 6901.529253 16.868714 0 3 -1
59388.607798 6705.256718 15.329345 0 0 -1
59388.617207 6708.374565 15.146325 0 0 -1
59388.619883 6705.293005 15.310662 0 0 -1
59389.389790 6859.004107 11.212215 0 2 -1
59389.397331 6861.152043 11.047702 0 2 -1
59389.401090 6861.624489 10.793565 0 2 -1
59389.611911 6703.893443 15.445613 0 0 -1
59389.618801 6897.898667 16.426739 0 3 -1
59389.619689 6706.353519 15.419246 0 0 -1
59389.620960 6899.771139 16.423864 0 3 -1
59389.622040 6896.308627 16.643794 0 3 -1
59389.622290 6706.515835 15.057255 0 0 -1
59392.344058 6861.653569 11.793970 0 2 -1
59392.347828 6862.984064 11.516623 0 2 -1
59392.351586 6857.869074 12.353447 0 2 -1
59392.555831 6692.324209 15.312224 0 0 -1
59392.562039 6695.302344 15.329102 0 0 -1
59392.565110 6692.454884 15.308754 0 0 -1
59392.714704 6895.974239 16.000983 0 3 -1
59392.715784 6898.186631 16.470147 0 3 -1
59392.716864 6898.042622 16.527453 0 3 -1
59394.355778 6861.928228 10.508595 0 2 -1
59394.359546 6863.380982 10.949686 0 2 -1
59394.363299 6862.175329 11.418759 0 2 -1
59394.547893 6692.549208 15.124760 0 0 -1
59394.550774 6687.497496 15.099355 0 0 -1
59394.553643 6692.787392 15.249531 0 0 -1
59396.273398 6858.405702 12.562293 0 2 -1
59396.284701 6860.320268 11.195113 0 2 -1
59396.288449 6864.503040 10.326925 0 2 -1
59396.554028 6943.665925 12.497055 0 1 -1
59396.554734 6943.071705 11.956235 0 1 -1
59396.556852 6940.975652 11.360171 0 1 -1
59396.666495 6907.824802 16.985831 0 3 -1
59396.667573 6900.989692 17.009449 0 3 -1
59396.668649 6902.001119 16.732179 0 3 -1
59397.569745 6696.047167 15.524944 0 0 -1
59397.574895 6697.738033 15.629047 0 0 -1
59397.580203 6699.075516 15.413419 0 0 -1
59397.785412 6901.622015 16.918172 0 3 -1
59397.786493 6903.060553 16.743179 0 3 -1
59397.787576 6901.351093 16.787126 0 3 -1
59398.302329 6858.119391 11.486757 0 2 -1
59398.306094 6861.160974 10.711499 0 2 -1
59398.317364 6860.065656 11.601936 0 2 -1
59398.601742 6905.170274 16.555346 0 3 -1
59398.603904 6901.645075 16.563091 0 3 -1
59398.604985 6904.726709 16.522635 0 3 -1
59398.761696 6695.863517 15.085934 0 0 -1
59398.764113 6693.609473 15.351332 0 0 -1
59398.768897 6696.369149 14.834722 0 0 -1
59402.334573 6857.974597 11.546264 0 2 -1
59402.342107 6863.787780 11.996239 0 2 -1
59402.345875 6861.210666 10.966720 0 2 -1
59402.537427 6692.196757 15.021392 0 0 -1
59402.540081 6693.769187 15.189139 0 0 -1
59402.549312 6695.149223 15.247281 0 0 -1
59402.561585 6934.301005 11.319831 0 1 -1
59402.562292 6939.277167 12.172469 0 1 -1
59402.562998 6941.735589 12.345419 0 1 -1
59402.710947 6901.345450 16.677259 0 3 -1
59402.712026 6901.145997 16.674417 0 3 -1
59402.713106 6899.152640 16.286722 0 3 -1
59403.404303 6862.315539 10.617419 0 2 -1
59403.408060 6861.031186 10.867337 0 2 -1
59403.411816 6865.657378 11.401561 0 2 -1
59403.554410 6942.092015 12.921106 0 1 -1
59403.555115 6942.278663 12.959345 0 1 -1
59403.555822 6938.326791 12.579915 0 1 -1
59403.616644 6901.520431 15.919703 0 3 -1
59403.619890 6902.753796 16.362372 0 3 -1
59403.620970 6903.109581 16.181707 0 3 -1
59404.599295 6938.712294 11.838982 0 1 -1
59404.600705 6941.082849 11.953893 0 1 -1
59404.601411 6944.287927 11.599718 0 1 -1
59404.613479 6896.188239 16.181776 0 3 -1
59404.614564 6901.077540 15.923136 0 3 -1
59404.616727 6895.670760 15.882665 0 3 -1
59404.672710 6694.796769 15.332353 0 0 -1
59404.678056 6694.945557 15.356872 0 0 -1
59404.684346 6697.271796 15.146853 0 0 -1
59405.421808 6857.191553 11.170298 0 2 -1
59405.429342 6861.022378 10.250803 0 2 -1
59405.433098 6859.098614 11.518573 0 2 -1
59405.613275 6944.846402 12.193729 0 1 -1
59405.614687 6944.626307 11.563210 0 1 -1
59405.615393 6940.777084 10.847162 0 1 -1
59405.617289 6905.083067 16.425772 0 3 -1
59405.618366 6898.050294 16.343045 0 3 -1
59405.619440 6900.896626 16.470062 0 3 -1
59405.669492 6696.233487 14.860331 0 0 -1
59405.677719 6696.952627 15.203977 0 0 -1
59405.680478 6692.144658 15.576718 0 0 -1
59406.490356 6861.809777 11.604983 0 2 -1
59406.497859 6859.085753 12.473901 0 2 -1
59406.501627 6862.500976 11.990834 0 2 -1
59406.607268 6941.818730 12.051387 0 1 -1
59406.609386 6945.505122 11.265038 0 1 -1
59406.610092 6943.470599 11.751629 0 1 -1
59406.689893 6898.635134 16.390231 0 3 -1
59406.690976 6899.417251 16.744609 0 3 -1
59406.693139 6899.325944 15.968880 0 3 -1
59408.568649 6947.725910 11.816915 0 1 -1
59408.569355 6946.128010 12.235017 0 1 -1
59408.570061 6947.184017 12.943697 0 1 -1
59408.794312 6700.200709 14.818276 0 0 -1
59408.801584 6702.094612 15.354302 0 0 -1
59408.806456 6698.420278 14.942680 0 0 -1
59409.733869 6904.859603 16.216509 0 3 -1
59409.734951 6904.044383 16.860543 0 3 -1
59409.736036 6901.785196 16.655072 0 3 -1
59409.737069 6702.765531 15.111895 0 0 -1
59409.741721 6704.169379 14.999974 0 0 -1
59409.749139 6699.511809 15.592175 0 0 -1
59411.737574 6903.193943 16.308385 0 3 -1
59411.738650 6903.837958 16.849312 0 3 -1
59411.739729 6903.375825 16.959167 0 3 -1
59411.773174 6696.800795 15.280456 0 0 -1
59411.780277 6700.741222 15.380260 0 0 -1
59411.784015 6701.390106 14.705137 0 0 -1
59415.475837 6861.882834 11.804221 0 2 -1
59415.479593 6861.873229 12.158869 0 2 -1
59415.483360 6858.082437 10.648118 0 2 -1
59415.508628 6946.712485 11.931280 0 1 -1
59415.510040 6945.557615 11.819860 0 1 -1
59415.511452 6946.002850 12.216526 0 1 -1
59415.573362 6700.011923 15.172932 0 0 -1
59415.575902 6698.238328 15.637244 0 0 -1
59415.586743 6699.070778 15.932801 0 0 -1
59415.667319 6903.327629 16.333326 0 3 -1
59415.668403 6906.249360 16.861863 0 3 -1
59415.669483 6903.052273 16.456375 0 3 -1
59416.537072 6862.564943 10.979707 0 2 -1
59416.540840 6860.480008 11.554267 0 2 -1
59416.544601 6860.917438 11.741691 0 2 -1
59416.550130 6697.115320 14.815014 0 0 -1
59416.561033 6698.588386 15.328228 0 0 -1
59416.563718 6697.047454 15.026016 0 0 -1
59416.681321 6900.902345 16.285711 0 3 -1
59416.682397 6900.967812 16.539055 0 3 -1
59416.683480 6904.115773 16.111467 0 3 -1
59417.344859 6859.904708 12.496581 0 2 -1
59417.348618 6854.499923 12.103026 0 2 -1
59417.359909 6860.525758 11.836851 0 2 -1
59417.665273 6700.448623 15.407084 0 0 -1
59417.676392 6702.863568 15.138831 0 0 -1
59417.683075 6700.266315 15.051858 0 0 -1
59419.540547 6694.124269 15.197736 0 0 -1
59419.547735 6693.015324 15.054946 0 0 -1
59419.553489 6695.318617 15.680207 0 0 -1
59419.601380 6894.555715 16.307506 0 3 -1
59419.602458 6894.277529 16.155485 0 3 -1
59419.605710 6895.111098 16.282398 0 3 -1
59421.431082 6868.423821 10.887832 0 2 -1
59421.438598 6859.373135 10.996098 0 2 -1
59421.442361 6864.015668 11.365463 0 2 -1
59421.530736 6943.863505 11.440830 0 1 -1
59421.532854 6943.924716 11.857078 0 1 -1
59421.533561 6947.490141 11.081094 0 1 -1
59421.552437 6694.836981 14.727812 0 0 -1
59421.558884 6697.439153 14.810371 0 0 -1
59421.562099 6698.113051 14.432152 0 0 -1
59421.616714 6900.004953 16.842238 0 3 -1
59421.617796 6899.695291 16.570557 0 3 -1
59421.618875 6899.264914 16.244957 0 3 -1
59422.492197 6859.237730 11.416439 0 2 -1
59422.499717 6858.422598 11.128279 0 2 -1
59422.503487 6866.288924 11.238134 0 2 -1
59422.584829 6941.111430 11.895293 0 1 -1
59422.585534 6941.234713 11.449924 0 1 -1
59422.586241 6940.797016 12.423621 0 1 -1
59422.637321 6898.271236 16.614402 0 3 -1
59422.638392 6902.338971 16.522069 0 3 -1
59422.639473 6898.687289 16.448047 0 3 -1
59422.752668 6697.788676 15.477358 0 0 -1
59422.775935 6696.808621 15.748367 0 0 -1
59422.796142 6701.296768 15.643967 0 0 -1
