# time Tc_folded Tref_folded value value_err offset model full_model val_compare val_compare_err residuals residuals_err jitter jitter_flag offset_flag subset_flag 
2455480.529186 0.000000 0.000000 -26.909975 0.971355 -24.450787 -2.315238 -26.766025 -2.459188 0.971355 -0.143950 0.971355 1.024678   1   2  -1 
2455480.532970 0.000000 0.000000 -26.058843 0.880169 -24.450787 -2.311289 -26.762076 -1.608056 0.880169 0.703233 0.880169 1.024678   1   2  -1 
2455480.536778 0.000000 0.000000 -26.244486 0.930093 -24.450787 -2.307327 -26.758114 -1.793699 0.930093 0.513628 0.930093 1.024678   1   2  -1 
2455482.554786 0.000000 0.000000 -25.645222 0.707811 -24.450787 -1.686154 -26.136941 -1.194435 0.707811 0.491719 0.707811 1.024678   1   2  -1 
2455484.542056 0.000000 0.000000 -27.186795 1.028638 -24.450787 -1.129470 -25.580257 -2.736008 1.028638 -1.606538 1.028638 1.024678   1   2  -1 
2455484.545828 0.000000 0.000000 -26.136740 1.065413 -24.450787 -1.126667 -25.577454 -1.685953 1.065413 -0.559286 1.065413 1.024678   1   2  -1 
2455484.549671 0.000000 0.000000 -24.017564 1.016694 -24.450787 -1.123807 -25.574593 0.433223 1.016694 1.557029 1.016694 1.024678   1   2  -1 
2455485.527184 0.000000 0.000000 -25.766756 0.864068 -24.450787 -0.350880 -24.801667 -1.315969 0.864068 -0.965089 0.864068 1.024678   1   2  -1 
2455485.532971 0.000000 0.000000 -27.967751 0.891412 -24.450787 -0.346691 -24.797478 -3.516964 0.891412 -3.170273 0.891412 1.024678   1   2  -1 
2455487.543214 0.000000 0.000000 -26.158314 0.808873 -24.450787 -0.198866 -24.649653 -1.707527 0.808873 -1.508661 0.808873 1.024678   1   2  -1 
2455487.548897 0.000000 0.000000 -23.138260 0.803534 -24.450787 -0.202438 -24.653225 1.312527 0.803534 1.514965 0.803534 1.024678   1   2  -1 
2455493.544252 0.000000 0.000000 -25.229085 0.793201 -24.450787 -0.105865 -24.556652 -0.778298 0.793201 -0.672433 0.793201 1.024678   1   2  -1 
2455493.550478 0.000000 0.000000 -23.168274 0.810440 -24.450787 -0.106210 -24.556997 1.282513 0.810440 1.388723 0.810440 1.024678   1   2  -1 
2455495.535877 0.000000 0.000000 -22.710575 0.802492 -24.450787 -0.284221 -24.735008 1.740212 0.802492 2.024433 0.802492 1.024678   1   2  -1 
2455495.541664 0.000000 0.000000 -25.642209 0.850836 -24.450787 -0.283504 -24.734291 -1.191422 0.850836 -0.907918 0.850836 1.024678   1   2  -1 
2455498.517820 0.000000 0.000000 -24.342041 1.327692 -24.450787 0.257359 -24.193427 0.108746 1.327692 -0.148614 1.327692 1.024678   1   2  -1 
2455498.523445 0.000000 0.000000 -24.738223 1.200196 -24.450787 0.255436 -24.195351 -0.287436 1.200196 -0.542872 1.200196 1.024678   1   2  -1 
2455500.544007 0.000000 0.000000 -24.476855 0.683673 -24.450787 -1.135813 -25.586600 -0.026068 0.683673 1.109745 0.683673 1.024678   1   2  -1 
2455500.549389 0.000000 0.000000 -24.813524 0.744348 -24.450787 -1.139503 -25.590290 -0.362737 0.744348 0.776766 0.744348 1.024678   1   2  -1 
2455501.547102 0.000000 0.000000 -24.783974 0.605317 -24.450787 -1.583606 -26.034393 -0.333187 0.605317 1.250419 0.605317 1.024678   1   2  -1 
2455501.552738 0.000000 0.000000 -26.031797 0.578445 -24.450787 -1.584584 -26.035371 -1.581010 0.578445 0.003574 0.578445 1.024678   1   2  -1 
2455505.514789 0.000000 0.000000 -24.965633 0.688526 -24.450787 -2.013573 -26.464360 -0.514846 0.688526 1.498727 0.688526 1.024678   1   2  -1 
2455505.520425 0.000000 0.000000 -25.963370 0.681455 -24.450787 -2.017770 -26.468557 -1.512583 0.681455 0.505187 0.681455 1.024678   1   2  -1 
2455507.517142 0.000000 0.000000 -27.398443 0.529962 -24.450787 -3.083147 -27.533934 -2.947656 0.529962 0.135491 0.529962 1.024678   1   2  -1 
2455507.522824 0.000000 0.000000 -26.516546 0.540417 -24.450787 -3.083505 -27.534292 -2.065759 0.540417 1.017746 0.540417 1.024678   1   2  -1 
2455509.518050 0.000000 0.000000 -26.509772 0.760523 -24.450787 -2.481727 -26.932514 -2.058985 0.760523 0.422742 0.760523 1.024678   1   2  -1 
2455509.523524 0.000000 0.000000 -26.058801 0.709529 -24.450787 -2.479660 -26.930446 -1.608014 0.709529 0.871645 0.709529 1.024678   1   2  -1 
2455511.516449 0.000000 0.000000 -28.045351 0.796997 -24.450787 -2.312123 -26.762910 -3.594564 0.796997 -1.282441 0.796997 1.024678   1   2  -1 
2455511.521935 0.000000 0.000000 -25.840348 0.793324 -24.450787 -2.312945 -26.763732 -1.389561 0.793324 0.923384 0.793324 1.024678   1   2  -1 
2455513.504562 0.000000 0.000000 -26.063860 0.836669 -24.450787 -2.428840 -26.879627 -1.613073 0.836669 0.815767 0.836669 1.024678   1   2  -1 
2455513.510244 0.000000 0.000000 -26.656020 0.882170 -24.450787 -2.428333 -26.879119 -2.205233 0.882170 0.223099 0.882170 1.024678   1   2  -1 
2455514.505835 0.000000 0.000000 -28.058961 0.671812 -24.450787 -2.347643 -26.798430 -3.608174 0.671812 -1.260531 0.671812 1.024678   1   2  -1 
2455514.511356 0.000000 0.000000 -26.642215 0.683432 -24.450787 -2.347533 -26.798320 -2.191428 0.683432 0.156105 0.683432 1.024678   1   2  -1 
2455519.503938 0.000000 0.000000 -24.641989 1.033370 -24.450787 -0.603046 -25.053833 -0.191202 1.033370 0.411844 1.033370 1.024678   1   2  -1 
2455519.508811 0.000000 0.000000 -25.135445 0.996146 -24.450787 -0.594593 -25.045380 -0.684658 0.996146 -0.090065 0.996146 1.024678   1   2  -1 
2455523.508036 0.000000 0.000000 -23.856297 0.829835 -24.450787 -0.409222 -24.860009 0.594490 0.829835 1.003712 0.829835 1.024678   1   2  -1 
2455523.513036 0.000000 0.000000 -22.994255 0.865769 -24.450787 -0.414125 -24.864912 1.456532 0.865769 1.870657 0.865769 1.024678   1   2  -1 
2455524.521481 0.000000 0.000000 -24.709671 0.667948 -24.450787 -0.711011 -25.161798 -0.258884 0.667948 0.452127 0.667948 1.024678   1   2  -1 
2455524.526446 0.000000 0.000000 -24.308004 0.678388 -24.450787 -0.708372 -25.159159 0.142783 0.678388 0.851155 0.678388 1.024678   1   2  -1 
2455653.900831 0.000000 0.000000 -25.612029 0.744608 -24.450787 0.099071 -24.351716 -1.161242 0.744608 -1.260313 0.744608 1.024678   1   2  -1 
2455653.906410 0.000000 0.000000 -24.161106 0.736194 -24.450787 0.100977 -24.349810 0.289681 0.736194 0.188704 0.736194 1.024678   1   2  -1 
2455654.900357 0.000000 0.000000 -24.436787 0.814117 -24.450787 0.194041 -24.256746 0.014000 0.814117 -0.180041 0.814117 1.024678   1   2  -1 
2455654.905936 0.000000 0.000000 -24.084025 0.731415 -24.450787 0.193487 -24.257300 0.366762 0.731415 0.173275 0.731415 1.024678   1   2  -1 
2455657.909222 0.000000 0.000000 -24.104658 0.605709 -24.450787 -0.291817 -24.742604 0.346129 0.605709 0.637946 0.605709 1.024678   1   2  -1 
2455657.914813 0.000000 0.000000 -23.667872 0.631733 -24.450787 -0.292279 -24.743066 0.782915 0.631733 1.075194 0.631733 1.024678   1   2  -1 
2455659.907949 0.000000 0.000000 -23.898066 0.769486 -24.450787 -0.310573 -24.761360 0.552721 0.769486 0.863294 0.769486 1.024678   1   2  -1 
2455659.913540 0.000000 0.000000 -23.238369 0.803020 -24.450787 -0.310010 -24.760797 1.212418 0.803020 1.522428 0.803020 1.024678   1   2  -1 
2455660.901884 0.000000 0.000000 -24.754074 0.502349 -24.450787 -0.143856 -24.594642 -0.303287 0.502349 -0.159432 0.502349 1.024678   1   2  -1 
2455662.902485 0.000000 0.000000 -24.200224 0.948916 -24.450787 -0.031611 -24.482398 0.250563 0.948916 0.282174 0.948916 1.024678   1   2  -1 
2455662.908180 0.000000 0.000000 -24.067169 0.909242 -24.450787 -0.033675 -24.484462 0.383618 0.909242 0.417293 0.909242 1.024678   1   2  -1 
2455663.839263 0.000000 0.000000 -26.097182 1.737212 -24.450787 -0.675876 -25.126663 -1.646395 1.737212 -0.970519 1.737212 1.024678   1   2  -1 
2455672.897729 0.000000 0.000000 -25.596039 0.653920 -24.450787 -1.157270 -25.608057 -1.145252 0.653920 0.012018 0.653920 1.024678   1   2  -1 
2455672.902775 0.000000 0.000000 -25.939332 0.601277 -24.450787 -1.169258 -25.620045 -1.488545 0.601277 -0.319287 0.601277 1.024678   1   2  -1 
2455675.905453 0.000000 0.000000 -25.957415 0.422700 -24.450787 -2.777769 -27.228556 -1.506628 0.422700 1.271141 0.422700 1.024678   1   2  -1 
2455679.879903 0.000000 0.000000 -24.345286 0.504578 -24.450787 -1.602471 -26.053258 0.105501 0.504578 1.707972 0.504578 1.024678   1   2  -1 
2455679.885123 0.000000 0.000000 -25.711920 0.513702 -24.450787 -1.607703 -26.058490 -1.261133 0.513702 0.346570 0.513702 1.024678   1   2  -1 
2455712.893679 0.000000 0.000000 -25.516104 0.560355 -24.450787 -1.780136 -26.230923 -1.065317 0.560355 0.714819 0.560355 1.024678   1   2  -1 
2455715.864679 0.000000 0.000000 -22.931541 1.363467 -24.450787 -1.362474 -25.813260 1.519246 1.363467 2.881719 1.363467 1.024678   1   2  -1 
2455715.867376 0.000000 0.000000 -28.616863 1.418842 -24.450787 -1.361941 -25.812728 -4.166076 1.418842 -2.804135 1.418842 1.024678   1   2  -1 
2455715.869992 0.000000 0.000000 -25.093281 1.436778 -24.450787 -1.361423 -25.812210 -0.642494 1.436778 0.718929 1.436778 1.024678   1   2  -1 
2455715.872747 0.000000 0.000000 -24.781614 1.484829 -24.450787 -1.360877 -25.811663 -0.330827 1.484829 1.030049 1.484829 1.024678   1   2  -1 
2455727.859452 0.000000 0.000000 -23.690321 1.056398 -24.450787 0.418603 -24.032184 0.760466 1.056398 0.341863 1.056398 1.024678   1   2  -1 
2455727.863145 0.000000 0.000000 -25.870346 1.033327 -24.450787 0.421648 -24.029138 -1.419559 1.033327 -1.841208 1.033327 1.024678   1   2  -1 
2455727.866953 0.000000 0.000000 -25.899190 1.119485 -24.450787 0.424765 -24.026022 -1.448403 1.119485 -1.873168 1.119485 1.024678   1   2  -1 
2455735.809170 0.000000 0.000000 -25.001888 0.526032 -24.450787 -0.964954 -25.415740 -0.551101 0.526032 0.413852 0.526032 1.024678   1   2  -1 
2455754.777241 0.000000 0.000000 -23.310355 1.091349 -24.450787 -0.066035 -24.516822 1.140432 1.091349 1.206467 1.091349 1.024678   1   2  -1 
2455755.755721 0.000000 0.000000 -27.691015 0.768792 -24.450787 -0.328785 -24.779572 -3.240228 0.768792 -2.911443 0.768792 1.024678   1   2  -1 
2455769.736300 0.000000 0.000000 -23.807786 0.677532 -24.450787 -0.776523 -25.227310 0.643001 0.677532 1.419524 0.677532 1.024678   1   2  -1 
2455769.742075 0.000000 0.000000 -25.737885 0.770313 -24.450787 -0.763454 -25.214241 -1.287098 0.770313 -0.523644 0.770313 1.024678   1   2  -1 
2455776.628483 0.000000 0.000000 -24.967384 0.712348 -24.450787 -0.759029 -25.209816 -0.516597 0.712348 0.242432 0.712348 1.024678   1   2  -1 
2455782.624998 0.000000 0.000000 -26.013016 0.761072 -24.450787 -0.512282 -24.963069 -1.562229 0.761072 -1.049947 0.761072 1.024678   1   2  -1 
2455784.737667 0.000000 0.000000 -26.498015 0.545366 -24.450787 -2.378171 -26.828957 -2.047228 0.545366 0.330942 0.545366 1.024678   1   2  -1 
2455801.526698 0.000000 0.000000 -24.288917 1.273141 -24.450787 -0.037412 -24.488198 0.161870 1.273141 0.199281 1.273141 1.024678   1   2  -1 
2455801.531628 0.000000 0.000000 -26.351823 1.177162 -24.450787 -0.031199 -24.481986 -1.901036 1.177162 -1.869837 1.177162 1.024678   1   2  -1 
2455804.632333 0.000000 0.000000 -26.712023 1.120566 -24.450787 -0.562545 -25.013332 -2.261236 1.120566 -1.698691 1.120566 1.024678   1   2  -1 
2455804.637669 0.000000 0.000000 -26.500980 1.032150 -24.450787 -0.567812 -25.018599 -2.050193 1.032150 -1.482381 1.032150 1.024678   1   2  -1 
2455807.626267 0.000000 0.000000 -25.803456 0.965710 -24.450787 -1.577788 -26.028575 -1.352669 0.965710 0.225119 0.965710 1.024678   1   2  -1 
2455807.631162 0.000000 0.000000 -27.246843 0.886584 -24.450787 -1.577500 -26.028287 -2.796056 0.886584 -1.218556 0.886584 1.024678   1   2  -1 
2455810.581550 0.000000 0.000000 -26.536934 0.754194 -24.450787 -0.970141 -25.420928 -2.086147 0.754194 -1.116006 0.754194 1.024678   1   2  -1 
2455810.586723 0.000000 0.000000 -26.643570 0.797392 -24.450787 -0.965385 -25.416172 -2.192783 0.797392 -1.227398 0.797392 1.024678   1   2  -1 
2455816.587002 0.000000 0.000000 -27.268074 0.959785 -24.450787 -2.218209 -26.668996 -2.817287 0.959785 -0.599078 0.959785 1.024678   1   2  -1 
2455816.590578 0.000000 0.000000 -24.693999 0.889883 -24.450787 -2.227351 -26.678137 -0.243212 0.889883 1.984138 0.889883 1.024678   1   2  -1 
2455816.594154 0.000000 0.000000 -25.997669 0.876464 -24.450787 -2.236481 -26.687268 -1.546882 0.876464 0.689599 0.876464 1.024678   1   2  -1 
2455834.622073 0.000000 0.000000 -25.259445 0.577372 -24.450787 -2.272891 -26.723677 -0.808658 0.577372 1.464232 0.577372 1.024678   1   2  -1 
2455834.627593 0.000000 0.000000 -25.841078 0.576524 -24.450787 -2.274045 -26.724832 -1.390291 0.576524 0.883754 0.576524 1.024678   1   2  -1 
2455836.585712 0.000000 0.000000 -26.404099 0.680522 -24.450787 -2.244822 -26.695609 -1.953312 0.680522 0.291510 0.680522 1.024678   1   2  -1 
2455836.591440 0.000000 0.000000 -25.180084 0.679136 -24.450787 -2.243186 -26.693973 -0.729297 0.679136 1.513889 0.679136 1.024678   1   2  -1 
2455839.585007 0.000000 0.000000 -23.458640 0.910132 -24.450787 -0.428463 -24.879250 0.992147 0.910132 1.420610 0.910132 1.024678   1   2  -1 
2455839.590794 0.000000 0.000000 -25.200869 0.919769 -24.450787 -0.424619 -24.875406 -0.750082 0.919769 -0.325463 0.919769 1.024678   1   2  -1 
2455842.549547 0.000000 0.000000 -22.047028 1.066299 -24.450787 0.172185 -24.278602 2.403759 1.066299 2.231574 1.066299 1.024678   1   2  -1 
2455842.555033 0.000000 0.000000 -25.918735 0.873203 -24.450787 0.170829 -24.279957 -1.467948 0.873203 -1.638778 0.873203 1.024678   1   2  -1 
2455845.575633 0.000000 0.000000 -25.259730 1.067738 -24.450787 -0.091182 -24.541969 -0.808943 1.067738 -0.717761 1.067738 1.024678   1   2  -1 
2455845.581258 0.000000 0.000000 -25.817378 0.922401 -24.450787 -0.089432 -24.540219 -1.366591 0.922401 -1.277159 0.922401 1.024678   1   2  -1 
2455870.498785 0.000000 0.000000 -26.611150 0.730627 -24.450787 -1.945817 -26.396604 -2.160363 0.730627 -0.214546 0.730627 1.024678   1   2  -1 
2455870.504422 0.000000 0.000000 -27.219360 0.718479 -24.450787 -1.955561 -26.406347 -2.768573 0.718479 -0.813013 0.718479 1.024678   1   2  -1 
2455874.532217 0.000000 0.000000 -26.523893 1.027595 -24.450787 -1.352704 -25.803491 -2.073106 1.027595 -0.720402 1.027595 1.024678   1   2  -1 
2455874.537437 0.000000 0.000000 -24.043101 1.390676 -24.450787 -1.351560 -25.802347 0.407686 1.390676 1.759246 1.390676 1.024678   1   2  -1 
2455878.549549 0.000000 0.000000 -26.332169 1.360956 -24.450787 -2.969842 -27.420629 -1.881382 1.360956 1.088460 1.360956 1.024678   1   2  -1 
2455878.554965 0.000000 0.000000 -27.171511 1.321422 -24.450787 -2.966261 -27.417048 -2.720724 1.321422 0.245537 1.321422 1.024678   1   2  -1 
2456020.892743 0.000000 0.000000 -26.398556 0.800504 -24.450787 -0.418773 -24.869560 -1.947769 0.800504 -1.528996 0.800504 1.024678   1   2  -1 
2456020.898160 0.000000 0.000000 -24.498061 0.781449 -24.450787 -0.421947 -24.872734 -0.047274 0.781449 0.374673 0.781449 1.024678   1   2  -1 
2456022.889397 0.000000 0.000000 -25.350339 0.994688 -24.450787 -0.298564 -24.749351 -0.899552 0.994688 -0.600988 0.994688 1.024678   1   2  -1 
2456022.894884 0.000000 0.000000 -26.468069 1.113054 -24.450787 -0.296405 -24.747192 -2.017282 1.113054 -1.720877 1.113054 1.024678   1   2  -1 
2456024.891353 0.000000 0.000000 -25.969708 0.857313 -24.450787 -0.416668 -24.867455 -1.518921 0.857313 -1.102253 0.857313 1.024678   1   2  -1 
2456024.897048 0.000000 0.000000 -25.325267 0.814076 -24.450787 -0.420225 -24.871012 -0.874480 0.814076 -0.454255 0.814076 1.024678   1   2  -1 
2456028.922257 0.000000 0.000000 -26.626536 0.690565 -24.450787 -0.606626 -25.057413 -2.175749 0.690565 -1.569123 0.690565 1.024678   1   2  -1 
2456029.892891 0.000000 0.000000 -27.734634 1.086998 -24.450787 0.133765 -24.317022 -3.283847 1.086998 -3.417612 1.086998 1.024678   1   2  -1 
2456029.898354 0.000000 0.000000 -24.980386 1.038533 -24.450787 0.136758 -24.314029 -0.529599 1.038533 -0.666357 1.038533 1.024678   1   2  -1 
2456031.852968 0.000000 0.000000 -23.499732 0.817617 -24.450787 0.079271 -24.371516 0.951055 0.817617 0.871784 0.817617 1.024678   1   2  -1 
2456052.857065 0.000000 0.000000 -27.077636 0.812636 -24.450787 -0.591300 -25.042087 -2.626849 0.812636 -2.035549 0.812636 1.024678   1   2  -1 
2456052.862482 0.000000 0.000000 -25.515691 0.787680 -24.450787 -0.594085 -25.044872 -1.064904 0.787680 -0.470819 0.787680 1.024678   1   2  -1 
2456053.851639 0.000000 0.000000 -27.718607 0.874947 -24.450787 -1.068193 -25.518979 -3.267820 0.874947 -2.199628 0.874947 1.024678   1   2  -1 
2456053.857114 0.000000 0.000000 -24.875823 0.828685 -24.450787 -1.070599 -25.521386 -0.425036 0.828685 0.645563 0.828685 1.024678   1   2  -1 
2456054.839916 0.000000 0.000000 -26.614037 0.533012 -24.450787 -1.421377 -25.872164 -2.163250 0.533012 -0.741873 0.533012 1.024678   1   2  -1 
2456055.886865 0.000000 0.000000 -26.560052 0.509706 -24.450787 -1.459507 -25.910294 -2.109265 0.509706 -0.649758 0.509706 1.024678   1   2  -1 
2456056.818146 0.000000 0.000000 -25.035898 0.893302 -24.450787 -1.076922 -25.527709 -0.585111 0.893302 0.491811 0.893302 1.024678   1   2  -1 
2456056.823714 0.000000 0.000000 -25.575505 0.813986 -24.450787 -1.073577 -25.524364 -1.124718 0.813986 -0.051141 0.813986 1.024678   1   2  -1 
2456078.843392 0.000000 0.000000 -24.518196 0.647558 -24.450787 -0.006500 -24.457287 -0.067409 0.647558 -0.060909 0.647558 1.024678   1   2  -1 
2456078.849075 0.000000 0.000000 -24.174693 0.632973 -24.450787 -0.003574 -24.454361 0.276094 0.632973 0.279668 0.632973 1.024678   1   2  -1 
2456081.832748 0.000000 0.000000 -22.774279 0.796018 -24.450787 0.380334 -24.070452 1.676508 0.796018 1.296173 0.796018 1.024678   1   2  -1 
2456081.838651 0.000000 0.000000 -23.542613 0.647447 -24.450787 0.379601 -24.071186 0.908174 0.647447 0.528573 0.647447 1.024678   1   2  -1 
2456085.820521 0.000000 0.000000 -24.535394 0.878497 -24.450787 -0.445306 -24.896093 -0.084607 0.878497 0.360699 0.878497 1.024678   1   2  -1 
2456085.826250 0.000000 0.000000 -25.784214 0.917873 -24.450787 -0.448240 -24.899027 -1.333427 0.917873 -0.885187 0.917873 1.024678   1   2  -1 
2456088.742747 0.000000 0.000000 -24.555140 0.549399 -24.450787 -1.006828 -25.457615 -0.104353 0.549399 0.902475 0.549399 1.024678   1   2  -1 
2456092.900369 0.000000 0.000000 -25.520468 0.628826 -24.450787 -1.350284 -25.801071 -1.069681 0.628826 0.280603 0.628826 1.024678   1   2  -1 
2456115.815540 0.000000 0.000000 -24.478774 0.776191 -24.450787 0.790501 -23.660286 -0.027987 0.776191 -0.818488 0.776191 1.024678   1   2  -1 
2456118.809984 0.000000 0.000000 -25.405570 0.512854 -24.450787 0.764213 -23.686574 -0.954783 0.512854 -1.718996 0.512854 1.024678   1   2  -1 
2456121.820367 0.000000 0.000000 -25.220090 1.411859 -24.450787 0.391956 -24.058831 -0.769303 1.411859 -1.161259 1.411859 1.024678   1   2  -1 
2456149.686124 0.000000 0.000000 -25.751686 0.845009 -24.450787 -1.064924 -25.515711 -1.300899 0.845009 -0.235975 0.845009 1.024678   1   2  -1 
2456154.723489 0.000000 0.000000 -23.590960 0.865117 -24.450787 1.027975 -23.422812 0.859827 0.865117 -0.168148 0.865117 1.024678   1   2  -1 
2456154.728442 0.000000 0.000000 -25.978785 1.281739 -24.450787 1.035874 -23.414913 -1.527998 1.281739 -2.563872 1.281739 1.024678   1   2  -1 
2456166.527551 0.000000 0.000000 -23.896330 0.645517 -24.450787 1.343460 -23.107327 0.554457 0.645517 -0.789003 0.645517 1.024678   1   2  -1 
2456168.609469 0.000000 0.000000 -25.596469 0.971404 -24.450787 -0.253082 -24.703869 -1.145682 0.971404 -0.892600 0.971404 1.024678   1   2  -1 
2456168.615105 0.000000 0.000000 -23.735823 0.857956 -24.450787 -0.260267 -24.711054 0.714964 0.857956 0.975231 0.857956 1.024678   1   2  -1 
2456171.510563 0.000000 0.000000 -25.064368 0.523911 -24.450787 -0.795140 -25.245927 -0.613581 0.523911 0.181559 0.523911 1.024678   1   2  -1 
2456173.694840 0.000000 0.000000 -23.658056 0.870055 -24.450787 -0.458574 -24.909361 0.792731 0.870055 1.251305 0.870055 1.024678   1   2  -1 
2456181.612869 0.000000 0.000000 -25.749650 0.609426 -24.450787 -0.869437 -25.320224 -1.298863 0.609426 -0.429426 0.609426 1.024678   1   2  -1 
2456186.623747 0.000000 0.000000 -24.370201 0.538290 -24.450787 0.379241 -24.071546 0.080586 0.538290 -0.298655 0.538290 1.024678   1   2  -1 
2456189.666838 0.000000 0.000000 -25.693203 1.709832 -24.450787 -0.007135 -24.457922 -1.242416 1.709832 -1.235281 1.709832 1.024678   1   2  -1 
2456190.592865 0.000000 0.000000 -21.505898 0.873280 -24.450787 0.502050 -23.948737 2.944889 0.873280 2.442839 0.873280 1.024678   1   2  -1 
2456190.598548 0.000000 0.000000 -22.814816 0.820368 -24.450787 0.503306 -23.947480 1.635971 0.820368 1.132664 0.820368 1.024678   1   2  -1 
2456195.586272 0.000000 0.000000 -23.991425 0.911842 -24.450787 0.001932 -24.448855 0.459362 0.911842 0.457430 0.911842 1.024678   1   2  -1 
2456195.591793 0.000000 0.000000 -25.301327 0.913007 -24.450787 0.011601 -24.439186 -0.850540 0.913007 -0.862141 0.913007 1.024678   1   2  -1 
2456198.564091 0.000000 0.000000 -19.336707 1.186346 -24.450787 1.862782 -22.588005 5.114080 1.186346 3.251298 1.186346 1.024678   1   2  -1 
2456198.569866 0.000000 0.000000 -24.445113 1.250845 -24.450787 1.857476 -22.593311 0.005674 1.250845 -1.851802 1.250845 1.024678   1   2  -1 
2456204.547188 0.000000 0.000000 -20.889997 0.781661 -24.450787 1.520269 -22.930518 3.560790 0.781661 2.040521 0.781661 1.024678   1   2  -1 
2456205.523197 0.000000 0.000000 -22.994646 0.447471 -24.450787 0.059725 -24.391062 1.456141 0.447471 1.396416 0.447471 1.024678   1   2  -1 
2456208.615737 0.000000 0.000000 -27.443259 0.942056 -24.450787 -0.288257 -24.739044 -2.992472 0.942056 -2.704215 0.942056 1.024678   1   2  -1 
2456209.540800 0.000000 0.000000 -25.491736 1.053758 -24.450787 0.395496 -24.055291 -1.040949 1.053758 -1.436445 1.053758 1.024678   1   2  -1 
2456210.532155 0.000000 0.000000 -25.261528 0.864183 -24.450787 0.508022 -23.942765 -0.810741 0.864183 -1.318763 0.864183 1.024678   1   2  -1 
2456212.523498 0.000000 0.000000 -25.294554 0.479583 -24.450787 -0.446303 -24.897090 -0.843767 0.479583 -0.397464 0.479583 1.024678   1   2  -1 
2456217.523649 0.000000 0.000000 -19.703787 0.740951 -24.450787 1.301349 -23.149438 4.747000 0.740951 3.445651 0.740951 1.024678   1   2  -1 
2456217.529482 0.000000 0.000000 -19.326386 0.723468 -24.450787 1.301357 -23.149430 5.124401 0.723468 3.823044 0.723468 1.024678   1   2  -1 
2456218.587951 0.000000 0.000000 -19.082533 0.783291 -24.450787 1.264709 -23.186078 5.368254 0.783291 4.103545 0.783291 1.024678   1   2  -1 
2456219.500319 0.000000 0.000000 -19.527157 0.495656 -24.450787 1.249753 -23.201034 4.923630 0.495656 3.673877 0.495656 1.024678   1   2  -1 
2456220.491327 0.000000 0.000000 -20.168133 0.783227 -24.450787 1.253902 -23.196885 4.282654 0.783227 3.028752 0.783227 1.024678   1   2  -1 
2456220.514069 0.000000 0.000000 -21.014052 0.640640 -24.450787 1.253715 -23.197072 3.436735 0.640640 2.183020 0.640640 1.024678   1   2  -1 
2456409.867093 0.000000 0.000000 -20.591699 1.234666 -24.450787 2.874349 -21.576438 3.859088 1.234666 0.984739 1.234666 1.024678   1   2  -1 
2456409.872719 0.000000 0.000000 -20.151012 1.190406 -24.450787 2.907391 -21.543396 4.299775 1.190406 1.392384 1.190406 1.024678   1   2  -1 
2456410.795661 0.000000 0.000000 -13.148007 6.542149 -24.450787 7.276891 -17.173896 11.302780 6.542149 4.025889 6.542149 1.024678   1   2  -1 
2456410.804261 0.000000 0.000000 -28.759549 4.854859 -24.450787 7.303645 -17.147142 -4.308762 4.854859 -11.612407 4.854859 1.024678   1   2  -1 
2456416.824768 0.000000 0.000000 -22.159939 1.100783 -24.450787 0.827440 -23.623347 2.290848 1.100783 1.463408 1.100783 1.024678   1   2  -1 
2456416.828565 0.000000 0.000000 -23.100921 1.091725 -24.450787 0.838821 -23.611965 1.349866 1.091725 0.511044 1.091725 1.024678   1   2  -1 
2456416.832443 0.000000 0.000000 -22.956212 1.133660 -24.450787 0.850436 -23.600351 1.494575 1.133660 0.644139 1.133660 1.024678   1   2  -1 
2456432.884915 0.000000 0.000000 -27.579236 0.787972 -24.450787 -1.107685 -25.558472 -3.128449 0.787972 -2.020764 0.787972 1.024678   1   2  -1 
2456432.890124 0.000000 0.000000 -26.715660 0.901606 -24.450787 -1.108884 -25.559671 -2.264873 0.901606 -1.155989 0.901606 1.024678   1   2  -1 
2456433.905268 0.000000 0.000000 -25.594069 1.477288 -24.450787 -1.031014 -25.481801 -1.143282 1.477288 -0.112268 1.477288 1.024678   1   2  -1 
2456433.910395 0.000000 0.000000 -28.401349 1.603077 -24.450787 -1.029379 -25.480166 -3.950562 1.603077 -2.921183 1.603077 1.024678   1   2  -1 
2456434.892458 0.000000 0.000000 -25.809648 0.969582 -24.450787 -0.644214 -25.095000 -1.358861 0.969582 -0.714648 0.969582 1.024678   1   2  -1 
2456434.898129 0.000000 0.000000 -23.506674 0.937709 -24.450787 -0.642020 -25.092807 0.944113 0.937709 1.586133 0.937709 1.024678   1   2  -1 
2456437.889188 0.000000 0.000000 -24.884604 0.801579 -24.450787 -0.247233 -24.698019 -0.433817 0.801579 -0.186585 0.801579 1.024678   1   2  -1 
2456437.894720 0.000000 0.000000 -25.072705 0.735776 -24.450787 -0.246355 -24.697141 -0.621918 0.735776 -0.375564 0.735776 1.024678   1   2  -1 
2456438.860772 0.000000 0.000000 -25.990651 0.640814 -24.450787 0.014272 -24.436515 -1.539864 0.640814 -1.554136 0.640814 1.024678   1   2  -1 
2456441.860316 0.000000 0.000000 -24.014503 0.846284 -24.450787 0.633125 -23.817662 0.436284 0.846284 -0.196841 0.846284 1.024678   1   2  -1 
2456454.832361 0.000000 0.000000 -23.997808 0.709239 -24.450787 0.972750 -23.478037 0.452979 0.709239 -0.519771 0.709239 1.024678   1   2  -1 
2456454.837894 0.000000 0.000000 -22.599444 0.711651 -24.450787 0.967938 -23.482849 1.851343 0.711651 0.883405 0.711651 1.024678   1   2  -1 
2456467.823190 0.000000 0.000000 -25.761156 1.255655 -24.450787 -0.790959 -25.241746 -1.310369 1.255655 -0.519410 1.255655 1.024678   1   2  -1 
2456467.826929 0.000000 0.000000 -24.870329 1.113375 -24.450787 -0.795071 -25.245857 -0.419542 1.113375 0.375528 1.113375 1.024678   1   2  -1 
2456467.830702 0.000000 0.000000 -26.757156 1.185837 -24.450787 -0.799191 -25.249978 -2.306369 1.185837 -1.507178 1.185837 1.024678   1   2  -1 
2456473.860840 0.000000 0.000000 -26.025579 1.051321 -24.450787 -1.354213 -25.805000 -1.574792 1.051321 -0.220579 1.051321 1.024678   1   2  -1 
2456473.864821 0.000000 0.000000 -26.100899 1.016901 -24.450787 -1.363387 -25.814174 -1.650112 1.016901 -0.286725 1.016901 1.024678   1   2  -1 
2456473.868595 0.000000 0.000000 -29.196466 1.098920 -24.450787 -1.372059 -25.822846 -4.745679 1.098920 -3.373620 1.098920 1.024678   1   2  -1 
2456480.776552 0.000000 0.000000 -23.192493 0.996431 -24.450787 -0.570869 -25.021656 1.258294 0.996431 1.829163 0.996431 1.024678   1   2  -1 
2456480.782281 0.000000 0.000000 -24.495239 0.925325 -24.450787 -0.575515 -25.026302 -0.044452 0.925325 0.531063 0.925325 1.024678   1   2  -1 
2456481.631506 0.000000 0.000000 -26.796869 1.240759 -24.450787 -0.546298 -24.997085 -2.346082 1.240759 -1.799784 1.240759 1.024678   1   2  -1 
2456481.637189 0.000000 0.000000 -26.767470 1.259412 -24.450787 -0.541466 -24.992253 -2.316683 1.259412 -1.775217 1.259412 1.024678   1   2  -1 
2456501.599929 0.000000 0.000000 -24.740542 0.631664 -24.450787 0.089023 -24.361764 -0.289755 0.631664 -0.378778 0.631664 1.024678   1   2  -1 
2456523.744316 0.000000 0.000000 -25.807160 0.567478 -24.450787 -0.025093 -24.475880 -1.356373 0.567478 -1.331280 0.567478 1.024678   1   2  -1 
2456524.691276 0.000000 0.000000 -25.319964 0.703132 -24.450787 -0.934761 -25.385548 -0.869177 0.703132 0.065584 0.703132 1.024678   1   2  -1 
2456524.696693 0.000000 0.000000 -24.516845 0.716695 -24.450787 -0.937660 -25.388447 -0.066058 0.716695 0.871602 0.716695 1.024678   1   2  -1 
2456525.743740 0.000000 0.000000 -25.822667 0.637734 -24.450787 -0.841753 -25.292540 -1.371880 0.637734 -0.530127 0.637734 1.024678   1   2  -1 
2456569.534062 0.000000 0.000000 -26.502332 1.076929 -24.450787 -0.687468 -25.138255 -2.051545 1.076929 -1.364077 1.076929 1.024678   1   2  -1 
2456585.564665 0.000000 0.000000 -24.318027 0.855663 -24.450787 -0.856161 -25.306948 0.132760 0.855663 0.988921 0.855663 1.024678   1   2  -1 
2456585.568473 0.000000 0.000000 -25.604567 0.828824 -24.450787 -0.858116 -25.308903 -1.153780 0.828824 -0.295664 0.828824 1.024678   1   2  -1 
2456585.572350 0.000000 0.000000 -26.300858 0.846101 -24.450787 -0.860095 -25.310882 -1.850071 0.846101 -0.989976 0.846101 1.024678   1   2  -1 
2456586.547688 0.000000 0.000000 -22.976857 0.928572 -24.450787 -0.986973 -25.437760 1.473930 0.928572 2.460903 0.928572 1.024678   1   2  -1 
2456586.551530 0.000000 0.000000 -24.816035 0.993006 -24.450787 -0.986166 -25.436952 -0.365248 0.993006 0.620917 0.993006 1.024678   1   2  -1 
2456586.555442 0.000000 0.000000 -25.499232 1.030307 -24.450787 -0.985335 -25.436122 -1.048445 1.030307 -0.063110 1.030307 1.024678   1   2  -1 
2456590.510961 0.000000 0.000000 -24.188890 1.367518 -24.450787 -1.990923 -26.441710 0.261897 1.367518 2.252820 1.367518 1.024678   1   2  -1 
2456590.514943 0.000000 0.000000 -26.805340 1.522789 -24.450787 -1.995274 -26.446061 -2.354553 1.522789 -0.359279 1.522789 1.024678   1   2  -1 
2456590.518611 0.000000 0.000000 -28.066154 1.287716 -24.450787 -1.999278 -26.450065 -3.615367 1.287716 -1.616089 1.287716 1.024678   1   2  -1 
2456765.917789 0.000000 0.000000 -25.232175 0.712210 -24.450787 -0.900581 -25.351368 -0.781388 0.712210 0.119193 0.712210 1.024678   1   2  -1 
2456765.923021 0.000000 0.000000 -25.375142 0.718686 -24.450787 -0.898720 -25.349507 -0.924355 0.718686 -0.025635 0.718686 1.024678   1   2  -1 
2456789.854143 0.000000 0.000000 -27.340576 0.783119 -24.450787 -0.607120 -25.057907 -2.889789 0.783119 -2.282669 0.783119 1.024678   1   2  -1 
2456789.859722 0.000000 0.000000 -26.773936 0.810184 -24.450787 -0.605411 -25.056198 -2.323149 0.810184 -1.717738 0.810184 1.024678   1   2  -1 
2456806.890179 0.000000 0.000000 -27.483229 0.848654 -24.450787 -0.158337 -24.609123 -3.032442 0.848654 -2.874106 0.848654 1.024678   1   2  -1 
2456829.893363 0.000000 0.000000 -28.440148 0.544726 -24.450787 -1.808901 -26.259688 -3.989361 0.544726 -2.180460 0.544726 1.024678   1   2  -1 
2456857.748704 0.000000 0.000000 -25.370298 0.916881 -24.450787 -0.298794 -24.749581 -0.919511 0.916881 -0.620717 0.916881 1.024678   1   2  -1 
2456857.754433 0.000000 0.000000 -26.513555 0.896024 -24.450787 -0.299653 -24.750440 -2.062768 0.896024 -1.763115 0.896024 1.024678   1   2  -1 
2456866.784629 0.000000 0.000000 -28.725741 0.744866 -24.450787 -1.864941 -26.315728 -4.274954 0.744866 -2.410013 0.744866 1.024678   1   2  -1 
2456896.727940 0.000000 0.000000 -25.463793 1.053796 -24.450787 -1.128282 -25.579068 -1.013006 1.053796 0.115275 1.053796 1.024678   1   2  -1 
2456896.733287 0.000000 0.000000 -23.350729 1.302275 -24.450787 -1.120634 -25.571421 1.100058 1.302275 2.220692 1.302275 1.024678   1   2  -1 
2457146.919889 0.000000 0.000000 -25.875665 0.544417 -24.450787 -0.927383 -25.378170 -1.424878 0.544417 -0.497495 0.544417 1.024678   1   2  -1 
2457176.844500 0.000000 0.000000 -13.102205 0.482556 -11.984582 -0.447873 -12.432455 -1.117623 0.482556 -0.669750 0.482556 1.024678   1   3  -1 
2457180.950532 0.000000 0.000000 -12.827294 0.611496 -11.984582 0.482302 -11.502280 -0.842712 0.611496 -1.325014 0.611496 1.024678   1   3  -1 
2457180.956053 0.000000 0.000000 -12.819042 0.642310 -11.984582 0.478529 -11.506053 -0.834460 0.642310 -1.312989 0.642310 1.024678   1   3  -1 
2457257.708144 0.000000 0.000000 -7.073812 0.957095 -11.984582 1.293120 -10.691462 4.910770 0.957095 3.617650 0.957095 1.024678   1   3  -1 
2457257.713815 0.000000 0.000000 -12.236885 1.031637 -11.984582 1.297829 -10.686753 -0.252303 1.031637 -1.550132 1.031637 1.024678   1   3  -1 
2457307.523708 0.000000 0.000000 -13.332331 0.569213 -11.984582 -0.426264 -12.410846 -1.347749 0.569213 -0.921485 0.569213 1.024678   1   3  -1 
2457307.529113 0.000000 0.000000 -13.026912 0.591603 -11.984582 -0.421483 -12.406065 -1.042330 0.591603 -0.620847 0.591603 1.024678   1   3  -1 
2457675.588735 0.000000 0.000000 -9.236350 0.533261 -11.984582 1.604070 -10.380512 2.748232 0.533261 1.144162 0.533261 1.024678   1   3  -1 
2457879.840329 0.000000 0.000000 -11.576868 0.840815 -11.984582 0.860938 -11.123643 0.407714 0.840815 -0.453225 0.840815 1.024678   1   3  -1 
2457943.770578 0.000000 0.000000 -11.998049 0.454087 -11.984582 0.968885 -11.015697 -0.013467 0.454087 -0.982352 0.454087 1.024678   1   3  -1 
2457968.637355 0.000000 0.000000 -11.203839 0.766025 -11.984582 1.803449 -10.181133 0.780743 0.766025 -1.022706 0.766025 1.024678   1   3  -1 
2460042.883932 0.000000 0.000000 -58.442022 0.194366 -58.789511 1.243635 -57.545876 0.347489 0.194366 -0.896146 0.194366 4.303277   0   1  -1 
2460042.889532 0.000000 0.000000 -58.629252 0.197675 -58.789511 1.239229 -57.550282 0.160259 0.197675 -1.078970 0.197675 4.303277   0   1  -1 
2460043.870973 0.000000 0.000000 -58.219986 0.231538 -58.789511 0.557570 -58.231941 0.569525 0.231538 0.011955 0.231538 4.303277   0   1  -1 
2460043.876677 0.000000 0.000000 -57.899291 0.215486 -58.789511 0.554348 -58.235163 0.890220 0.215486 0.335872 0.215486 4.303277   0   1  -1 
2460044.793251 0.000000 0.000000 -56.849206 0.238014 -58.789511 0.187219 -58.602291 1.940305 0.238014 1.753085 0.238014 4.303277   0   1  -1 
2460044.798982 0.000000 0.000000 -57.145893 0.236508 -58.789511 0.185905 -58.603606 1.643618 0.236508 1.457713 0.236508 4.303277   0   1  -1 
2460045.773704 0.000000 0.000000 -57.007798 0.527086 -58.789511 0.123223 -58.666288 1.781713 0.527086 1.658490 0.527086 4.303277   0   1  -1 
2460045.779649 0.000000 0.000000 -56.938954 0.356358 -58.789511 0.123677 -58.665834 1.850557 0.356358 1.726880 0.356358 4.303277   0   1  -1 
2460046.786658 0.000000 0.000000 -57.040367 0.216596 -58.789511 0.271881 -58.517630 1.749144 0.216596 1.477263 0.216596 4.303277   0   1  -1 
2460046.792204 0.000000 0.000000 -57.278637 0.200898 -58.789511 0.272839 -58.516672 1.510874 0.200898 1.238035 0.200898 4.303277   0   1  -1 
2460047.789500 0.000000 0.000000 -57.927209 0.215835 -58.789511 0.385384 -58.404127 0.862302 0.215835 0.476918 0.215835 4.303277   0   1  -1 
2460047.795047 0.000000 0.000000 -58.119277 0.207999 -58.789511 0.385479 -58.404032 0.670234 0.207999 0.284755 0.207999 4.303277   0   1  -1 
2460048.783364 0.000000 0.000000 -58.118469 0.259180 -58.789511 0.266026 -58.523485 0.671042 0.259180 0.405016 0.259180 4.303277   0   1  -1 
2460048.789012 0.000000 0.000000 -58.073804 0.241587 -58.789511 0.264532 -58.524979 0.715707 0.241587 0.451175 0.241587 4.303277   0   1  -1 
2460049.801102 0.000000 0.000000 -58.859288 0.223882 -58.789511 -0.126668 -58.916179 -0.069777 0.223882 0.056891 0.223882 4.303277   0   1  -1 
2460049.806533 0.000000 0.000000 -58.376523 0.237350 -58.789511 -0.129266 -58.918777 0.412988 0.237350 0.542254 0.237350 4.303277   0   1  -1 
2460050.776767 0.000000 0.000000 -58.619721 0.220926 -58.789511 -0.600786 -59.390297 0.169790 0.220926 0.770576 0.220926 4.303277   0   1  -1 
2460050.782471 0.000000 0.000000 -58.676295 0.212336 -58.789511 -0.603331 -59.392842 0.113216 0.212336 0.716547 0.212336 4.303277   0   1  -1 
2460068.823617 0.000000 0.000000 -57.564815 0.250917 -58.789511 0.986843 -57.802668 1.224696 0.250917 0.237853 0.250917 4.303277   0   1  -1 
2460068.829253 0.000000 0.000000 -57.865247 0.315822 -58.789511 0.993117 -57.796394 0.924264 0.315822 -0.068853 0.315822 4.303277   0   1  -1 
2460073.775251 0.000000 0.000000 -58.686864 0.273036 -58.789511 -0.776474 -59.565985 0.102647 0.273036 0.879121 0.273036 4.303277   0   1  -1 
2460073.780774 0.000000 0.000000 -59.826438 0.249282 -58.789511 -0.782386 -59.571897 -1.036927 0.249282 -0.254541 0.249282 4.303277   0   1  -1 
2460076.728213 0.000000 0.000000 -60.233316 0.253446 -58.789511 -1.813901 -60.603412 -1.443805 0.253446 0.370096 0.253446 4.303277   0   1  -1 
2460076.733797 0.000000 0.000000 -60.562447 0.242470 -58.789511 -1.814147 -60.603658 -1.772936 0.242470 0.041211 0.242470 4.303277   0   1  -1 
2460077.755001 0.000000 0.000000 -61.037365 0.312506 -58.789511 -1.807046 -60.596557 -2.247854 0.312506 -0.440808 0.312506 4.303277   0   1  -1 
2460077.760768 0.000000 0.000000 -61.187467 0.301092 -58.789511 -1.806423 -60.595934 -2.397956 0.301092 -0.591533 0.301092 4.303277   0   1  -1 
2460078.818364 0.000000 0.000000 -61.107816 0.236131 -58.789511 -1.456036 -60.245547 -2.318305 0.236131 -0.862269 0.236131 4.303277   0   1  -1 
2460078.823976 0.000000 0.000000 -60.811890 0.231515 -58.789511 -1.452696 -60.242207 -2.022379 0.231515 -0.569683 0.231515 4.303277   0   1  -1 
2460079.846559 0.000000 0.000000 -60.159488 0.225727 -58.789511 -0.611901 -59.401412 -1.369977 0.225727 -0.758076 0.225727 4.303277   0   1  -1 
2460079.852048 0.000000 0.000000 -60.314338 0.228638 -58.789511 -0.606564 -59.396075 -1.524827 0.228638 -0.918263 0.228638 4.303277   0   1  -1 
2460080.730235 0.000000 0.000000 -59.799608 0.243529 -58.789511 0.180912 -58.608599 -1.010097 0.243529 -1.191009 0.243529 4.303277   0   1  -1 
2460080.735864 0.000000 0.000000 -59.979018 0.224766 -58.789511 0.184853 -58.604658 -1.189507 0.224766 -1.374360 0.224766 4.303277   0   1  -1 
2460082.755256 0.000000 0.000000 -59.155917 0.286786 -58.789511 -0.702545 -59.492056 -0.366406 0.286786 0.336139 0.286786 4.303277   0   1  -1 
2460082.760842 0.000000 0.000000 -58.974641 0.259323 -58.789511 -0.711754 -59.501265 -0.185130 0.259323 0.526624 0.259323 4.303277   0   1  -1 
2460085.681985 0.000000 0.000000 -85.120883 0.365564 -58.789511 -2.866065 -61.655576 -26.331372 0.365564 -23.465307 0.365564 4.303277   0   1  -1 
2460085.687655 0.000000 0.000000 -84.430836 0.384345 -58.789511 -2.854510 -61.644021 -25.641325 0.384345 -22.786815 0.384345 4.303277   0   1  -1 
2460086.748603 0.000000 0.000000 -57.379791 0.193185 -58.789511 0.428110 -58.361401 1.409720 0.193185 0.981610 0.193185 4.303277   0   1  -1 
2460086.754324 0.000000 0.000000 -57.655925 0.208316 -58.789511 0.450068 -58.339443 1.133586 0.208316 0.683518 0.208316 4.303277   0   1  -1 
2460199.601214 0.000000 0.000000 -60.237827 0.389251 -58.789511 -3.155596 -61.945107 -1.448316 0.389251 1.707280 0.389251 4.303277   0   1  -1 
2460199.607025 0.000000 0.000000 -59.321609 0.381438 -58.789511 -3.153853 -61.943364 -0.532098 0.381438 2.621755 0.381438 4.303277   0   1  -1 
2460201.515076 0.000000 0.000000 -59.992946 0.272613 -58.789511 -1.862024 -60.651535 -1.203435 0.272613 0.658589 0.272613 4.303277   0   1  -1 
2460201.520627 0.000000 0.000000 -59.837838 0.294212 -58.789511 -1.858651 -60.648162 -1.048327 0.294212 0.810324 0.294212 4.303277   0   1  -1 
2460202.533617 0.000000 0.000000 -60.316621 0.232737 -58.789511 -1.484757 -60.274268 -1.527110 0.232737 -0.042353 0.232737 4.303277   0   1  -1 
2460202.539273 0.000000 0.000000 -60.064845 0.220468 -58.789511 -1.483982 -60.273493 -1.275334 0.220468 0.208648 0.220468 4.303277   0   1  -1 
2460203.571018 0.000000 0.000000 -60.190673 0.337253 -58.789511 -1.482664 -60.272175 -1.401162 0.337253 0.081502 0.337253 4.303277   0   1  -1 
2460203.577196 0.000000 0.000000 -60.378625 0.360328 -58.789511 -1.483027 -60.272538 -1.589114 0.360328 -0.106087 0.360328 4.303277   0   1  -1 
2460204.530857 0.000000 0.000000 -60.576471 0.197030 -58.789511 -1.478915 -60.268426 -1.786960 0.197030 -0.308045 0.197030 4.303277   0   1  -1 
2460204.536387 0.000000 0.000000 -60.449009 0.208547 -58.789511 -1.478354 -60.267865 -1.659498 0.208547 -0.181144 0.208547 4.303277   0   1  -1 
2460205.516019 0.000000 0.000000 -60.633611 0.244280 -58.789511 -1.285716 -60.075226 -1.844100 0.244280 -0.558385 0.244280 4.303277   0   1  -1 
2460205.521490 0.000000 0.000000 -60.604071 0.216530 -58.789511 -1.284338 -60.073848 -1.814560 0.216530 -0.530223 0.216530 4.303277   0   1  -1 
2460206.534104 0.000000 0.000000 -60.273073 0.247014 -58.789511 -1.107195 -59.896706 -1.483562 0.247014 -0.376367 0.247014 4.303277   0   1  -1 
2460206.539634 0.000000 0.000000 -60.618007 0.225863 -58.789511 -1.107074 -59.896585 -1.828496 0.225863 -0.721422 0.225863 4.303277   0   1  -1 
2460208.612713 0.000000 0.000000 -59.998253 0.238171 -58.789511 -2.061241 -60.850752 -1.208742 0.238171 0.852499 0.238171 4.303277   0   1  -1 
2460208.618030 0.000000 0.000000 -59.687757 0.245322 -58.789511 -2.065188 -60.854699 -0.898246 0.245322 1.166942 0.245322 4.303277   0   1  -1 
2460209.504007 0.000000 0.000000 -59.606726 0.494812 -58.789511 -2.575827 -61.365338 -0.817215 0.494812 1.758612 0.494812 4.303277   0   1  -1 
2460209.509978 0.000000 0.000000 -59.406245 0.441044 -58.789511 -2.577626 -61.367137 -0.616734 0.441044 1.960892 0.441044 4.303277   0   1  -1 
2460210.587394 0.000000 0.000000 -59.811154 0.275366 -58.789511 -2.292942 -61.082453 -1.021643 0.275366 1.271299 0.275366 4.303277   0   1  -1 
2460210.593026 0.000000 0.000000 -59.626164 0.295408 -58.789511 -2.287874 -61.077385 -0.836653 0.295408 1.451221 0.295408 4.303277   0   1  -1 
2460211.516295 0.000000 0.000000 -58.909396 0.380462 -58.789511 -0.970473 -59.759984 -0.119885 0.380462 0.850588 0.380462 4.303277   0   1  -1 
2460211.522268 0.000000 0.000000 -58.728326 0.306169 -58.789511 -0.959224 -59.748735 0.061185 0.306169 1.020409 0.306169 4.303277   0   1  -1 
