# time model 
2455007.429878 0.000110 
2455009.095720 0.000114 
2455010.761563 0.000032 
2455012.427406 0.000030 
2455014.093248 0.000105 
2455015.759091 0.000051 
2455017.424934 -0.000079 
2455019.090776 -0.000069 
2455020.756619 -0.000043 
2455022.422462 -0.000238 
2455024.088304 -0.000451 
2455025.754147 -0.000367 
2455027.419989 -0.000141 
2455029.085832 -0.000060 
2455030.751675 -0.000035 
2455032.417517 0.000056 
2455034.083360 0.000062 
2455035.749203 -0.000042 
2455037.415045 -0.000042 
2455039.080888 0.000052 
2455040.746730 0.000026 
2455042.412573 -0.000057 
2455044.078416 -0.000019 
2455045.744258 -0.000006 
2455047.410101 -0.000179 
2455049.075944 -0.000324 
2455050.741786 -0.000258 
2455052.407629 -0.000168 
2455054.073472 -0.000183 
2455055.739314 -0.000163 
2455057.405157 -0.000081 
2455059.070999 -0.000085 
2455060.736842 -0.000149 
2455062.402685 -0.000147 
2455064.068527 -0.000104 
2455065.734370 -0.000056 
2455067.400213 0.000027 
2455069.066055 0.000053 
2455070.731898 -0.000033 
2455072.397741 -0.000035 
2455074.063583 0.000094 
2455075.729426 0.000055 
2455077.395268 -0.000189 
2455079.061111 -0.000272 
2455080.726954 -0.000166 
2455082.392796 -0.000186 
2455084.058639 -0.000257 
2455085.724482 -0.000162 
2455087.390324 -0.000149 
2455089.056167 -0.000302 
2455090.722010 -0.000153 
2455092.387852 0.000207 
2455094.053695 0.000058 
2455095.719537 -0.000328 
2455097.385380 0.000008 
2455099.051223 0.000599 
2455100.717065 0.000247 
2455102.382908 -0.000469 
2455104.048751 -0.000254 
2455105.714593 0.000294 
2455107.380436 0.000083 
2455109.046279 -0.000161 
2455110.712121 0.000227 
2455112.377964 0.000240 
2455114.043806 -0.000290 
2455115.709649 -0.000043 
2455117.375492 0.000544 
2455119.041334 -0.000197 
2455120.707177 -0.001197 
2455122.373020 -0.000439 
2455124.038862 0.000448 
2455125.704705 -0.000746 
2455127.370547 -0.001799 
2455129.036390 -0.000225 
2455130.702233 0.001599 
2455132.368075 0.001265 
2455134.033918 0.000794 
2455135.699761 0.001523 
2455137.365603 0.001383 
2455139.031446 0.000370 
2455140.697289 0.000779 
2455142.363131 0.001176 
2455144.028974 -0.001005 
2455145.694816 -0.002925 
2455147.360659 -0.001805 
2455149.026502 -0.001649 
2455150.692344 -0.004894 
2455152.358187 -0.005668 
2455154.024030 -0.000698 
2455155.689872 0.003779 
2455157.355715 0.003721 
2455159.021558 0.003294 
2455160.687400 0.004253 
2455162.353243 0.003413 
2455164.019085 0.002005 
2455165.684928 0.002981 
2455167.350771 0.002343 
2455169.016613 -0.002633 
2455170.682456 -0.005499 
2455172.348299 -0.004088 
2455174.014141 -0.006909 
2455175.679984 -0.014397 
2455177.345827 -0.013817 
2455179.011669 -0.002667 
2455180.677512 0.005914 
2455182.343354 0.006826 
2455184.009197 0.007412 
2455185.675040 0.008418 
2455187.340882 0.005705 
2455189.006725 0.004178 
2455190.672568 0.006777 
2455192.338410 0.004215 
2455194.004253 -0.005033 
2455195.670096 -0.008246 
2455197.335938 -0.006304 
2455199.001781 -0.015074 
2455200.667623 -0.029558 
2455202.333466 -0.026528 
2455203.999309 -0.007082 
2455205.665151 0.005793 
2455207.330994 0.008130 
2455208.996837 0.011442 
2455210.662679 0.012541 
2455212.328522 0.006391 
2455213.994364 0.004976 
2455215.660207 0.010764 
2455217.326050 0.006314 
2455218.991892 -0.007455 
2455220.657735 -0.009588 
2455222.323578 -0.006474 
2455223.989420 -0.022885 
2455225.655263 -0.045436 
2455227.321106 -0.039655 
2455228.986948 -0.013465 
2455230.652791 0.000622 
2455232.318633 0.003680 
2455233.984476 0.011208 
2455235.650319 0.012827 
2455237.316161 0.002593 
2455238.982004 0.001247 
2455240.647847 0.010912 
2455242.313689 0.006627 
2455243.979532 -0.008176 
2455245.645375 -0.007369 
2455247.311217 -0.003181 
2455248.977060 -0.024305 
2455250.642902 -0.049673 
2455252.308745 -0.042445 
2455253.974588 -0.018643 
2455255.640430 -0.010646 
2455257.306273 -0.008664 
2455258.972116 0.001989 
2455260.637958 0.004013 
2455262.303801 -0.007488 
2455263.969644 -0.008710 
2455265.635486 0.001633 
2455267.301329 0.001518 
2455268.967171 -0.004605 
2455270.633014 -0.000351 
2455272.298857 0.000576 
2455273.964699 -0.014992 
2455275.630542 -0.026559 
2455277.296385 -0.021690 
2455278.962227 -0.019036 
2455280.628070 -0.024403 
2455282.293913 -0.022034 
2455283.959755 -0.014429 
2455285.625598 -0.015434 
2455287.291440 -0.019440 
2455288.957283 -0.019127 
2455290.623126 -0.018637 
2455292.288968 -0.011014 
2455293.954811 0.006526 
2455295.620654 0.008561 
2455297.286496 -0.008076 
2455298.952339 -0.001808 
2455300.618181 0.027047 
2455302.284024 0.019759 
2455303.949867 -0.022641 
2455305.615709 -0.032895 
2455307.281552 -0.012351 
2455308.947395 -0.017828 
2455310.613237 -0.031854 
2455312.279080 -0.014267 
2455313.944923 -0.009337 
2455315.610765 -0.037101 
2455317.276608 -0.021867 
2455318.942450 0.030303 
2455320.608293 0.007684 
2455322.274136 -0.055663 
2455323.939978 -0.012665 
2455325.605821 0.074343 
2455327.271664 0.026080 
2455328.937506 -0.075534 
2455330.603349 -0.034530 
2455332.269192 0.061528 
2455333.935034 0.039127 
2455335.600877 -0.002125 
2455337.266719 0.050070 
2455338.932562 0.058198 
2455340.598405 -0.018009 
2455342.264247 0.003541 
2455343.930090 0.078068 
2455345.595933 -0.026956 
2455347.261775 -0.178549 
2455348.927618 -0.094488 
2455350.593461 0.015579 
2455352.259303 -0.152998 
2455353.925146 -0.295688 
2455355.590988 -0.057087 
2455357.256831 0.235214 
2455358.922674 0.217333 
2455360.588516 0.148215 
2455362.254359 0.237275 
2455363.920202 0.222940 
2455365.586044 0.088168 
2455367.251887 0.131986 
2455368.917730 0.173942 
2455370.583572 -0.128213 
2455372.249415 -0.405041 
2455373.915257 -0.284228 
2455375.581100 -0.295479 
2455377.246943 -0.761649 
2455378.912785 -0.879191 
2455380.578628 -0.182034 
2455382.244471 0.486105 
2455383.910313 0.533355 
2455385.576156 0.486763 
2455387.241998 0.602888 
2455388.907841 0.484477 
2455390.573684 0.298845 
2455392.239526 0.434161 
2455393.905369 0.352106 
2455395.571212 -0.319925 
2455397.237054 -0.721052 
2455398.902897 -0.551137 
2455400.568740 -0.957418 
2455402.234582 -2.019625 
2455403.900425 -2.010644 
2455405.566267 -0.532694 
2455407.232110 0.670206 
2455408.897953 0.859379 
2455410.563795 0.973750 
2455412.229638 1.115907 
2455413.895481 0.739011 
2455415.561323 0.517932 
2455417.227166 0.893285 
2455418.893009 0.620411 
2455420.558851 -0.582147 
2455422.224694 -1.027943 
2455423.890536 -0.745256 
2455425.556379 -1.855016 
2455427.222222 -3.833035 
2455428.888064 -3.612060 
2455430.553907 -1.175330 
2455432.219750 0.511982 
2455433.885592 0.850909 
2455435.551435 1.330478 
2455437.217278 1.538993 
2455438.883120 0.733460 
2455440.548963 0.476059 
2455442.214805 1.265845 
2455443.880648 0.870549 
2455445.546491 -0.812228 
2455447.212333 -1.120561 
2455448.878176 -0.637324 
2455450.544019 -2.533733 
2455452.209861 -5.419668 
2455453.875704 -4.979420 
2455455.541547 -1.934914 
2455457.207389 -0.265418 
2455458.873232 0.064974 
2455460.539074 1.024866 
2455462.204917 1.357631 
2455463.870760 0.127698 
2455465.536602 -0.173719 
2455467.202445 1.016675 
2455468.868288 0.776292 
2455470.534130 -0.809092 
2455472.199973 -0.739820 
2455473.865815 -0.160154 
2455475.531658 -2.353099 
2455477.197501 -5.204723 
2455478.863343 -4.649902 
2455480.529186 -2.315238 
2455482.195029 -1.653103 
2455483.860871 -1.538616 
2455485.526714 -0.351221 
2455487.192557 -0.014270 
2455488.858399 -1.194782 
2455490.524242 -1.440429 
2455492.190084 -0.423444 
2455493.855927 -0.136554 
2455495.521770 -0.285919 
2455497.187612 0.224435 
2455498.853455 0.111263 
2455500.519298 -1.118740 
2455502.185140 -1.592132 
2455503.850983 -1.296148 
2455505.516826 -2.015089 
2455507.182668 -3.028811 
2455508.848511 -2.763308 
2455510.514353 -2.249173 
2455512.180196 -2.410850 
2455513.846039 -2.395331 
2455515.511881 -2.464203 
2455517.177724 -2.901853 
2455518.843567 -1.684159 
2455520.509409 0.974831 
2455522.175252 1.172568 
2455523.841095 -0.674687 
2455525.506937 0.618015 
2455527.172780 4.154709 
2455528.838622 3.452451 
2455530.504465 -1.047849 
2455532.170308 -3.091188 
2455533.836150 -2.563972 
2455535.501993 -3.278746 
2455537.167836 -3.829401 
2455538.833678 -2.464417 
2455540.499521 -2.664293 
2455542.165364 -4.558379 
2455543.831206 -2.657689 
2455545.497049 1.831453 
2455547.162891 1.558416 
2455548.828734 -1.536151 
2455550.494577 1.066416 
2455552.160419 6.899380 
2455553.826262 6.344786 
2455555.492105 0.620366 
2455557.157947 -2.022337 
2455558.823790 -1.739564 
2455560.489632 -2.853551 
2455562.155475 -3.406362 
2455563.821318 -1.827688 
2455565.487160 -2.335718 
2455567.153003 -4.735253 
2455568.818846 -2.882610 
2455570.484688 1.831824 
2455572.150531 1.599631 
2455573.816374 -1.926458 
2455575.482216 -0.151509 
2455577.148059 5.536840 
2455578.813901 6.396714 
2455580.479744 2.246182 
2455582.145587 -0.504154 
2455583.811429 -1.043163 
2455585.477272 -1.873632 
2455587.143115 -1.888711 
2455588.808957 -0.936856 
2455590.474800 -2.196424 
2455592.140643 -4.452735 
2455593.806485 -2.656837 
2455595.472328 1.497545 
2455597.138170 1.415503 
2455598.804013 -1.987362 
2455600.469856 -1.834915 
2455602.135698 2.258016 
2455603.801541 4.482263 
2455605.467384 3.027993 
2455607.133226 0.782606 
2455608.799069 -0.662287 
2455610.464912 -1.125012 
2455612.130754 -0.366729 
2455613.796597 -0.167750 
2455615.462439 -2.455174 
2455617.128282 -4.461337 
2455618.794125 -2.349124 
2455620.459967 1.322945 
2455622.125810 1.147927 
2455623.791653 -2.051648 
2455625.457495 -3.001444 
2455627.123338 -0.537420 
2455628.789181 1.964436 
2455630.455023 2.327810 
2455632.120866 1.054445 
2455633.786708 -0.467110 
2455635.452551 -0.696712 
2455637.118394 0.362889 
2455638.784236 0.056881 
2455640.450079 -2.794452 
2455642.115922 -4.497294 
2455643.781764 -1.923530 
2455645.447607 1.512481 
2455647.113449 0.885084 
2455648.779292 -2.358172 
2455650.445135 -3.332922 
2455652.110977 -1.486837 
2455653.776820 0.051859 
2455655.442663 0.109814 
2455657.108505 -0.205556 
2455658.774348 -0.342154 
2455660.440191 -0.236597 
2455662.106033 0.074380 
2455663.771876 -0.608850 
2455665.437718 -2.800977 
2455667.103561 -3.681382 
2455668.769404 -0.921051 
2455670.435246 2.080714 
2455672.101089 0.693086 
2455673.766932 -2.956157 
2455675.432774 -3.373341 
2455677.098617 -1.010406 
2455678.764460 -0.552697 
2455680.430302 -2.083762 
2455682.096145 -1.911099 
2455683.761987 -0.086661 
2455685.427830 0.337261 
2455687.093673 -0.807736 
2455688.759515 -1.763463 
2455690.425358 -2.323761 
2455692.091201 -1.937085 
2455693.757043 0.632158 
2455695.422886 2.864286 
2455697.088729 0.617617 
2455698.754571 -3.756019 
2455700.420414 -3.975672 
2455702.086256 -0.711916 
2455703.752099 -0.034798 
2455705.417942 -2.058803 
2455707.083784 -1.861444 
2455708.749627 0.314355 
2455710.415470 0.346207 
2455712.081312 -1.341256 
2455713.747155 -1.805226 
2455715.412998 -1.444147 
2455717.078840 -0.859366 
2455718.744683 1.389008 
2455720.410525 3.255864 
2455722.076368 0.437430 
2455723.742211 -4.444887 
2455725.408053 -4.531432 
2455727.073896 -0.722325 
2455728.739739 0.538007 
2455730.405581 -0.863942 
2455732.071424 -0.744214 
2455733.737266 0.075537 
2455735.403109 -0.733309 
2455737.068952 -0.900939 
2455738.734794 0.520231 
2455740.400637 0.113445 
2455742.066480 -1.572141 
2455743.732322 -0.060005 
2455745.398165 2.459571 
2455747.064008 -0.024997 
2455748.729850 -4.684116 
2455750.395693 -4.266867 
2455752.061535 -0.507200 
2455753.727378 0.511897 
2455755.393221 -0.295512 
2455757.059063 -0.101335 
2455758.724906 -0.920495 
2455760.390749 -2.325991 
2455762.056591 0.177151 
2455763.722434 4.102150 
2455765.388277 2.111231 
2455767.054119 -3.195747 
2455768.719962 -3.134544 
2455770.385804 0.409644 
2455772.051647 -0.570783 
2455773.717490 -4.115969 
2455775.383332 -3.313188 
2455777.049175 -0.097655 
2455778.715018 0.321945 
2455780.380860 -0.478357 
2455782.046703 -0.353598 
2455783.712546 -1.453227 
2455785.378388 -2.332389 
2455787.044231 1.365801 
2455788.710073 5.685598 
2455790.375916 2.744759 
2455792.041759 -4.185412 
2455793.707601 -5.419951 
2455795.373444 -1.568678 
2455797.039287 -0.438589 
2455798.705129 -2.202080 
2455800.370972 -1.650758 
2455802.036815 0.500340 
2455803.702657 0.347160 
2455805.368500 -1.191102 
2455807.034342 -1.613781 
2455808.700185 -1.561894 
2455810.366028 -1.148459 
2455812.031870 1.107546 
2455813.697713 3.155958 
2455815.363556 1.096835 
2455817.029398 -3.245391 
2455818.695241 -4.217602 
2455820.361083 -1.366496 
2455822.026926 0.677259 
2455823.692769 0.162765 
2455825.358611 -0.444578 
2455827.024454 0.115068 
2455828.690297 0.464504 
2455830.356139 -0.222475 
2455832.021982 -1.250750 
2455833.687825 -2.008806 
2455835.353667 -2.374186 
2455837.019510 -2.092724 
2455838.685352 -1.072822 
2455840.351195 0.010134 
2455842.017038 0.275256 
2455843.682880 -0.135889 
2455845.348723 -0.154721 
2455847.014566 0.478318 
2455848.680408 0.584584 
2455850.346251 -0.469150 
2455852.012094 -1.402445 
2455853.677936 -0.878941 
2455855.343779 0.473571 
2455857.009621 0.975040 
2455858.675464 -0.292075 
2455860.341307 -2.834224 
2455862.007149 -4.522740 
2455863.672992 -2.818589 
2455865.338835 1.683521 
2455867.004677 4.433432 
2455868.670520 2.375225 
2455870.336363 -1.648603 
2455872.002205 -3.030226 
2455873.668048 -1.816497 
2455875.333890 -1.443829 
2455876.999733 -2.732861 
2455878.665576 -2.885543 
2455880.331418 -0.177569 
2455881.997261 3.034954 
2455883.663104 2.878826 
2455885.328946 -1.096198 
2455886.994789 -4.435220 
2455888.660632 -2.493961 
2455890.326474 3.339148 
2455891.992317 6.394806 
2455893.658159 2.839893 
2455895.324002 -3.422720 
2455896.989845 -6.057043 
2455898.655687 -4.268682 
2455900.321530 -2.432911 
2455901.987373 -2.997659 
2455903.653215 -3.399286 
2455905.319058 -0.710679 
2455906.984900 3.384076 
2455908.650743 4.343408 
2455910.316586 0.837352 
2455911.982428 -2.865897 
2455913.648271 -1.758553 
2455915.314114 3.336769 
2455916.979956 6.145641 
2455918.645799 2.699713 
2455920.311642 -3.558105 
2455921.977484 -6.514948 
2455923.643327 -5.118583 
2455925.309169 -3.140586 
2455926.975012 -2.736309 
2455928.640855 -2.236892 
2455930.306697 -0.059451 
2455931.972540 2.611731 
2455933.638383 3.458001 
2455935.304225 1.597752 
2455936.970068 -1.142812 
2455938.635911 -1.269277 
2455940.301753 2.165590 
2455941.967596 4.930058 
2455943.633438 2.634744 
2455945.299281 -2.643987 
2455946.965124 -5.383416 
2455948.630966 -4.664556 
2455950.296809 -3.585517 
2455951.962652 -2.742479 
2455953.628494 -0.652803 
2455955.294337 1.562935 
2455956.960180 1.955040 
2455958.626022 1.462994 
2455960.291865 1.148156 
2455961.957707 -0.027652 
2455963.623550 -1.182747 
2455965.289393 0.566885 
2455966.955235 3.599402 
2455968.621078 2.793284 
2455970.286921 -1.486133 
2455971.952763 -3.919390 
2455973.618606 -3.598176 
2455975.284449 -3.586288 
2455976.950291 -3.077631 
2455978.616134 0.162323 
2455980.281976 2.948699 
2455981.947819 1.775346 
2455983.613662 -0.256605 
2455985.279504 0.136801 
2455986.945347 0.245129 
2455988.611190 -1.424746 
2455990.277032 -0.963231 
2455991.942875 2.190731 
2455993.608717 2.706770 
2455995.274560 -0.487789 
2455996.940403 -2.454678 
2455998.606245 -2.131033 
2456000.272088 -2.676543 
2456001.937931 -2.978945 
2456003.603773 -0.151396 
2456005.269616 2.645382 
2456006.935459 1.397291 
2456008.601301 -0.918188 
2456010.267144 -0.627587 
2456011.932986 -0.252726 
2456013.598829 -1.808455 
2456015.264672 -1.976647 
2456016.930514 0.437422 
2456018.596357 1.514642 
2456020.262200 0.081411 
2456021.928042 -0.621463 
2456023.593885 -0.090920 
2456025.259728 -0.670819 
2456026.925570 -1.647038 
2456028.591413 -0.899635 
2456030.257255 0.293353 
2456031.923098 0.047449 
2456033.588941 -0.556082 
2456035.254783 -0.586659 
2456036.920626 -1.120783 
2456038.586469 -2.074279 
2456040.252311 -2.051282 
2456041.918154 -1.348097 
2456043.583997 -0.884104 
2456045.249839 0.040859 
2456046.915682 1.612947 
2456048.581524 2.182304 
2456050.247367 1.186725 
2456051.913210 -0.060104 
2456053.579052 -0.944743 
2456055.244895 -1.490202 
2456056.910738 -1.020041 
2456058.576580 0.054213 
2456060.242423 -0.163419 
2456061.908266 -1.510754 
2456063.574108 -1.791344 
2456065.239951 -1.265559 
2456066.905793 -1.972844 
2456068.571636 -2.652305 
2456070.237479 -0.403659 
2456071.903321 3.152060 
2456073.569164 3.654277 
2456075.235007 1.115604 
2456076.900849 -0.587157 
2456078.566692 -0.152261 
2456080.232534 0.462559 
2456081.898377 0.372219 
2456083.564220 0.222647 
2456085.230062 -0.166725 
2456086.895905 -0.974951 
2456088.561748 -1.070534 
2456090.227590 -0.337959 
2456091.893433 -0.597611 
2456093.559276 -1.710223 
2456095.225118 -0.613714 
2456096.890961 2.804129 
2456098.556803 3.704493 
2456100.222646 0.098929 
2456101.888489 -2.737526 
2456103.554331 -0.547124 
2456105.220174 2.939237 
2456106.886017 2.814446 
2456108.551859 0.689438 
2456110.217702 -0.077158 
2456111.883545 -0.285801 
2456113.549387 -0.837461 
2456115.215230 0.080421 
2456116.881072 1.789255 
2456118.546915 1.089551 
2456120.212758 -0.629969 
2456121.878600 0.471791 
2456123.544443 1.904505 
2456125.210286 -0.920194 
2456126.876128 -4.250285 
2456128.541971 -1.832783 
2456130.207814 3.107715 
2456131.873656 3.745082 
2456133.539499 1.409361 
2456135.205341 0.597086 
2456136.871184 0.287733 
2456138.537027 -0.758189 
2456140.202869 0.243968 
2456141.868712 2.705306 
2456143.534555 1.950850 
2456145.200397 -1.139568 
2456146.866240 -1.520511 
2456148.532083 -0.338986 
2456150.197925 -1.794187 
2456151.863768 -3.470958 
2456153.529610 -1.358676 
2456155.195453 1.653198 
2456156.861296 1.849095 
2456158.527138 1.198929 
2456160.192981 1.331199 
2456161.858824 0.459585 
2456163.524666 -0.673794 
2456165.190509 0.322263 
2456166.856351 1.357097 
2456168.522194 -0.141151 
2456170.188037 -1.450367 
2456171.853879 -0.540146 
2456173.519722 -0.348966 
2456175.185565 -1.571075 
2456176.851407 -0.866718 
2456178.517250 1.087493 
2456180.183093 0.545603 
2456181.848935 -0.962093 
2456183.514778 0.045902 
2456185.180620 1.322597 
2456186.846463 0.146789 
2456188.512306 -0.690807 
2456190.178148 0.336974 
2456191.843991 0.008198 
2456193.509834 -1.654732 
2456195.175676 -0.683019 
2456196.841519 1.942964 
2456198.507362 1.913961 
2456200.173204 0.546703 
2456201.839047 1.409522 
2456203.504889 2.390878 
2456205.170732 0.597137 
2456206.836575 -1.196410 
2456208.502417 -0.390440 
2456210.168260 0.552197 
2456211.834103 -0.138607 
2456213.499945 -0.446687 
2456215.165788 0.533331 
2456216.831631 1.253025 
2456218.497473 1.268280 
2456220.163316 1.254310 
2456221.829158 1.212355 
2456223.495001 1.396252 
2456225.160844 2.232971 
2456226.826686 2.699453 
2456228.492529 1.835385 
2456230.158372 0.685223 
2456231.824214 0.238352 
2456233.490057 -0.028475 
2456235.155900 -0.268431 
2456236.821742 -0.122635 
2456238.487585 0.001281 
2456240.153427 0.515908 
2456241.819270 2.678498 
2456243.485113 4.628928 
2456245.150955 2.834360 
2456246.816798 -0.809261 
2456248.482641 -0.824313 
2456250.148483 2.239746 
2456251.814326 2.922611 
2456253.480168 0.867476 
2456255.146011 0.188023 
2456256.811854 0.960810 
2456258.477696 0.541511 
2456260.143539 -0.225887 
2456261.809382 0.167913 
2456263.475224 0.255890 
2456265.141067 0.232568 
2456266.806910 2.663459 
2456268.472752 5.375357 
2456270.138595 3.246742 
2456271.804437 -1.602698 
2456273.470280 -2.196099 
2456275.136123 1.188756 
2456276.801965 2.313507 
2456278.467808 0.315217 
2456280.133651 -0.653164 
2456281.799493 0.162912 
2456283.465336 0.748874 
2456285.131179 1.068318 
2456286.797021 1.205077 
2456288.462864 0.212458 
2456290.128706 -0.273408 
2456291.794549 2.021982 
2456293.460392 4.268317 
2456295.126234 2.332237 
2456296.792077 -1.486293 
2456298.457920 -2.105868 
2456300.123762 0.106998 
2456301.789605 1.278939 
2456303.455448 0.261837 
2456305.121290 -1.490321 
2456306.787133 -2.070687 
2456308.452975 0.147457 
2456310.118818 3.595525 
2456311.784661 3.645599 
2456313.450503 0.095824 
2456315.116346 -1.187506 
2456316.782189 1.633049 
2456318.448031 3.057614 
2456320.113874 0.623598 
2456321.779717 -1.458353 
2456323.445559 -1.109764 
2456325.111402 -0.461654 
2456326.777244 0.137477 
2456328.443087 0.516092 
2456330.108930 -2.012445 
2456331.774772 -5.177977 
2456333.440615 -1.545366 
2456335.106458 6.711749 
2456336.772300 7.636748 
2456338.438143 0.355159 
2456340.103986 -2.632747 
2456341.769828 1.615294 
2456343.435671 2.877767 
2456345.101513 -0.991730 
2456346.767356 -2.032337 
2456348.433199 -0.014787 
2456350.099041 -0.425126 
2456351.764884 -0.898317 
2456353.430727 0.796268 
2456355.096569 -1.868995 
2456356.762412 -7.898446 
2456358.428254 -4.072129 
2456360.094097 8.873803 
2456361.759940 11.868953 
2456363.425782 1.261423 
2456365.091625 -4.188192 
2456366.757468 1.534516 
2456368.423310 3.709501 
2456370.089153 -1.598385 
2456371.754996 -2.858370 
2456373.420838 0.570220 
2456375.086681 0.046471 
2456376.752523 -1.510286 
2456378.418366 0.836740 
2456380.084209 -0.903450 
2456381.750051 -8.283266 
2456383.415894 -5.974579 
2456385.081737 8.152772 
2456386.747579 13.117437 
2456388.413422 2.222165 
2456390.079265 -4.692170 
2456391.745107 1.059196 
2456393.410950 4.413372 
2456395.076792 -0.679901 
2456396.742635 -2.775382 
2456398.408478 0.448795 
2456400.074320 0.495378 
2456401.740163 -1.223892 
2456403.406006 0.680698 
2456405.071848 0.416729 
2456406.737691 -5.047237 
2456408.403534 -4.951118 
2456410.069376 4.031476 
2456411.735219 8.157269 
2456413.401061 1.725053 
2456415.066904 -2.950175 
2456416.732747 0.549075 
2456418.398589 3.505432 
2456420.064432 1.235307 
2456421.730275 -0.675712 
2456423.396117 0.032952 
2456425.061960 0.229202 
2456426.727803 0.034055 
2456428.393645 0.965405 
2456430.059488 1.106143 
2456431.725330 -0.399442 
2456433.391173 -1.141016 
2456435.057016 -0.582739 
2456436.722858 -0.314306 
2456438.388701 -0.138246 
2456440.054544 0.449301 
2456441.720386 0.632278 
2456443.386229 1.030258 
2456445.052071 2.435739 
2456446.717914 2.430291 
2456448.383757 -0.058766 
2456450.049599 -1.036191 
2456451.715442 1.147489 
2456453.381285 2.181764 
2456455.047127 0.799399 
2456456.712970 0.871810 
2456458.378813 1.663777 
2456460.044655 -0.955871 
2456461.710498 -3.678215 
2456463.376340 -0.879123 
2456465.042183 2.935531 
2456466.708026 1.271353 
2456468.373868 -1.070925 
2456470.039711 1.686107 
2456471.705554 3.682564 
2456473.371396 -0.060657 
2456475.037239 -2.477382 
2456476.703082 1.048159 
2456478.368924 3.260011 
2456480.034767 0.488187 
2456481.700609 -0.483851 
2456483.366452 2.056018 
2456485.032295 1.547063 
2456486.698137 -1.391801 
2456488.363980 0.082878 
2456490.029823 3.490779 
2456491.695665 1.699209 
2456493.361508 -1.683326 
2456495.027351 0.136197 
2456496.693193 2.650295 
2456498.359036 -0.109055 
2456500.024878 -2.655677 
2456501.690721 0.325560 
2456503.356564 2.909592 
2456505.022406 0.510530 
2456506.688249 -1.176173 
2456508.354092 1.290989 
2456510.019934 2.789120 
2456511.685777 1.374255 
2456513.351620 1.384968 
2456515.017462 2.694114 
2456516.683305 1.077615 
2456518.349147 -1.651714 
2456520.014990 -0.840798 
2456521.680833 1.302136 
2456523.346675 0.472233 
2456525.012518 -1.047262 
2456526.678361 0.112658 
2456528.344203 1.399007 
2456530.010046 0.270453 
2456531.675888 -0.593084 
2456533.341731 0.754287 
2456535.007574 1.999529 
2456536.673416 1.865367 
2456538.339259 1.729539 
2456540.005102 1.339091 
2456541.670944 -0.483946 
2456543.336787 -1.962489 
2456545.002630 -0.878898 
2456546.668472 1.279324 
2456548.334315 1.988000 
2456550.000157 1.416920 
2456551.666000 0.708629 
2456553.331843 0.060089 
2456554.997685 -0.122605 
2456556.663528 0.489594 
2456558.329371 0.896299 
2456559.995213 0.554191 
2456561.661056 0.547962 
2456563.326899 0.866960 
2456564.992741 -0.151003 
2456566.658584 -2.071446 
2456568.324426 -2.182467 
2456569.990269 0.038717 
2456571.656112 2.384378 
2456573.321954 3.512005 
2456574.987797 3.318472 
2456576.653640 1.573552 
2456578.319482 -0.491325 
2456579.985325 -0.401450 
2456581.651168 1.282197 
2456583.317010 1.301026 
2456584.982853 -0.431374 
2456586.648695 -0.963128 
2456588.314538 -0.428834 
2456589.980381 -1.403381 
2456591.646223 -2.867099 
2456593.312066 -1.683177 
2456594.977909 1.402535 
2456596.643751 3.387932 
2456598.309594 3.950651 
2456599.975437 3.751989 
2456601.641279 1.980750 
2456603.307122 -0.440999 
2456604.972964 -0.491349 
2456606.638807 1.390683 
2456608.304650 1.429260 
2456609.970492 -0.632085 
2456611.636335 -1.542015 
2456613.302178 -1.164856 
2456614.968020 -1.896936 
2456616.633863 -2.736043 
2456618.299705 -1.001752 
2456619.965548 2.037307 
2456621.631391 3.399110 
2456623.297233 3.302110 
2456624.963076 2.990431 
2456626.628919 1.741202 
2456628.294761 -0.178369 
2456629.960604 -0.405949 
2456631.626447 1.016212 
2456633.292289 1.190272 
2456634.958132 -0.331221 
2456636.623974 -1.191065 
2456638.289817 -1.142232 
2456639.955660 -1.760258 
2456641.621502 -2.204442 
2456643.287345 -0.623141 
2456644.953188 1.765008 
2456646.619030 2.603047 
2456648.284873 2.211707 
2456649.950716 1.861698 
2456651.616558 1.166549 
2456653.282401 0.009935 
2456654.948243 -0.244243 
2456656.614086 0.554570 
2456658.279929 0.783159 
2456659.945771 0.082277 
2456661.611614 -0.403129 
2456663.277457 -0.694461 
2456664.943299 -1.485249 
2456666.609142 -1.826531 
2456668.274985 -0.574198 
2456669.940827 1.130942 
2456671.606670 1.616044 
2456673.272512 1.226298 
2456674.938355 0.958499 
2456676.604198 0.624336 
2456678.270040 0.036365 
2456679.935883 -0.141595 
2456681.601726 0.208515 
2456683.267568 0.419373 
2456684.933411 0.412821 
2456686.599254 0.400768 
2456688.265096 -0.158112 
2456689.930939 -1.359246 
2456691.596781 -1.819230 
2456693.262624 -0.723614 
2456694.928467 0.628491 
2456696.594309 0.912802 
2456698.260152 0.599592 
2456699.925995 0.464251 
2456701.591837 0.280897 
2456703.257680 -0.091082 
2456704.923522 -0.205183 
2456706.589365 -0.021512 
2456708.255208 0.195504 
2456709.921050 0.600250 
2456711.586893 0.949139 
2456713.252736 0.244857 
2456714.918578 -1.344536 
2456716.584421 -1.946945 
2456718.250264 -0.786246 
2456719.916106 0.528445 
2456721.581949 0.694814 
2456723.247791 0.387144 
2456724.913634 0.322686 
2456726.579477 0.096473 
2456728.245319 -0.378986 
2456729.911162 -0.495000 
2456731.577005 -0.212791 
2456733.242847 0.120618 
2456734.908690 0.636116 
2456736.574533 1.048740 
2456738.240375 0.327662 
2456739.906218 -1.235854 
2456741.572060 -1.652795 
2456743.237903 -0.312592 
2456744.903746 0.949554 
2456746.569588 0.939376 
2456748.235431 0.564061 
2456749.901274 0.447324 
2456751.567116 -0.044411 
2456753.232959 -0.858645 
2456754.898802 -1.007264 
2456756.564644 -0.408633 
2456758.230487 0.193218 
2456759.896329 0.593011 
2456761.562172 0.680139 
2456763.228015 -0.017269 
2456764.893857 -0.929036 
2456766.559700 -0.549229 
2456768.225543 0.988252 
2456769.891385 1.823653 
2456771.557228 1.436956 
2456773.223071 1.044313 
2456774.888913 0.826766 
2456776.554756 -0.169755 
2456778.220598 -1.491261 
2456779.886441 -1.619890 
2456781.552284 -0.547100 
2456783.218126 0.430567 
2456784.883969 0.700431 
2456786.549812 0.344955 
2456788.215654 -0.412768 
2456789.881497 -0.598559 
2456791.547339 0.699499 
2456793.213182 2.370455 
2456794.879025 2.573750 
2456796.544867 1.787652 
2456798.210710 1.624969 
2456799.876553 1.489669 
2456801.542395 -0.095753 
2456803.208238 -2.013352 
2456804.874081 -2.037270 
2456806.539923 -0.490175 
2456808.205766 0.733362 
2456809.871608 1.066078 
2456811.537451 0.763089 
2456813.203294 -0.127080 
2456814.869136 -0.593623 
2456816.534979 0.600272 
2456818.200822 2.257639 
2456819.866664 2.302501 
2456821.532507 1.603350 
2456823.198350 2.079799 
2456824.864192 2.420463 
2456826.530035 0.527609 
2456828.195877 -1.839455 
2456829.861720 -1.832265 
2456831.527563 -0.307219 
2456833.193405 0.565483 
2456834.859248 1.039450 
2456836.525091 1.496940 
2456838.190933 0.723354 
2456839.856776 -0.794021 
2456841.522619 -0.716205 
2456843.188461 0.619538 
2456844.854304 0.903982 
2456846.520146 0.822024 
2456848.185989 2.303768 
2456849.851832 3.490448 
2456851.517674 1.810637 
2456853.183517 -0.665094 
2456854.849360 -0.940574 
2456856.515202 -0.253613 
2456858.181045 -0.353073 
2456859.846888 0.196370 
2456861.512730 1.706169 
2456863.178573 1.448569 
2456864.844415 -0.817953 
2456866.510258 -1.908463 
2456868.176101 -1.235215 
2456869.841943 -0.925550 
2456871.507786 -0.358807 
2456873.173629 2.184610 
2456874.839471 4.328041 
2456876.505314 3.135151 
2456878.171156 0.700569 
2456879.836999 0.017491 
2456881.502842 -0.143290 
2456883.168684 -1.055719 
2456884.834527 -0.676562 
2456886.500370 1.299076 
2456888.166212 1.589100 
2456889.832055 -0.553806 
2456891.497898 -2.089946 
2456893.163740 -2.126462 
2456894.829583 -2.208163 
2456896.495425 -1.433194 
2456898.161268 1.669942 
2456899.827111 4.424548 
2456901.492953 3.753603 
2456903.158796 1.514248 
2456904.824639 0.583163 
2456906.490481 0.058874 
2456908.156324 -1.087841 
2456909.822167 -1.008163 
2456911.488009 0.687950 
2456913.153852 1.238717 
2456914.819694 -0.232323 
2456916.485537 -1.527544 
2456918.151380 -1.929560 
2456919.817222 -2.368259 
2456921.483065 -1.807272 
2456923.148908 0.953651 
2456924.814750 3.576616 
2456926.480593 3.356116 
2456928.146436 1.598770 
2456929.812278 0.686434 
2456931.478121 0.175125 
2456933.143963 -0.745282 
2456934.809806 -0.857852 
2456936.475649 0.229808 
2456938.141491 0.736346 
2456939.807334 -0.042764 
2456941.473177 -0.834319 
2456943.139019 -1.227655 
2456944.804862 -1.731781 
2456946.470705 -1.499925 
2456948.136547 0.359455 
2456949.802390 2.286348 
2456951.468232 2.340035 
2456953.134075 1.210575 
2456954.799918 0.515708 
2456956.465760 0.164887 
2456958.131603 -0.379718 
2456959.797446 -0.521195 
2456961.463288 0.019042 
2456963.129131 0.335475 
2456964.794973 0.013040 
2456966.460816 -0.345439 
2456968.126659 -0.577814 
2456969.792501 -0.948011 
2456971.458344 -0.925254 
2456973.124187 0.056223 
2456974.790029 1.175427 
2456976.455872 1.302538 
2456978.121715 0.708182 
2456979.787557 0.286230 
2456981.453400 0.097683 
2456983.119242 -0.142877 
2456984.785085 -0.227407 
2456986.450928 -0.022367 
2456988.116770 0.113491 
2456989.782613 0.012785 
2456991.448456 -0.100760 
2456993.114298 -0.216054 
2456994.780141 -0.438225 
2456996.445984 -0.455449 
2456998.111826 0.011982 
2456999.777669 0.548659 
2457001.443511 0.610693 
2457003.109354 0.329202 
2457004.775197 0.124546 
2457006.441039 0.041436 
2457008.106882 -0.038388 
2457009.772725 -0.057486 
2457011.438567 0.001220 
2457013.104410 0.027532 
2457014.770253 0.020130 
2457016.436095 -0.000258 
2457018.101938 -0.152979 
2457019.767780 -0.369378 
2457021.433623 -0.280184 
2457023.099466 0.164916 
2457024.765308 0.477770 
2457026.431151 0.379808 
2457028.096994 0.164069 
2457029.762836 0.075316 
2457031.428679 0.011023 
2457033.094522 -0.050150 
2457034.760364 -0.008855 
2457036.426207 0.031075 
2457038.092049 -0.002075 
2457039.757892 0.055178 
2457041.423735 0.079257 
2457043.089577 -0.316213 
2457044.755420 -0.794464 
2457046.421263 -0.467642 
2457048.087105 0.520436 
2457049.752948 0.985750 
2457051.418790 0.600842 
2457053.084633 0.210492 
2457054.750476 0.148421 
2457056.416318 -0.019562 
2457058.082161 -0.222294 
2457059.748004 -0.094225 
2457061.413846 0.047185 
2457063.079689 -0.040600 
2457064.745532 0.096877 
2457066.411374 0.232093 
2457068.077217 -0.598908 
2457069.743059 -1.700978 
2457071.408902 -1.033449 
2457073.074745 1.112187 
2457074.740587 2.083917 
2457076.406430 1.205167 
2457078.072273 0.406561 
2457079.738115 0.343722 
2457081.403958 -0.074707 
2457083.069801 -0.649848 
2457084.735643 -0.394441 
2457086.401486 0.025601 
2457088.067328 -0.121993 
2457089.733171 0.093335 
2457091.399014 0.490233 
2457093.064856 -0.844967 
2457094.730699 -2.907070 
2457096.396542 -1.885390 
2457098.062384 1.902373 
2457099.728227 3.620184 
2457101.394070 1.988245 
2457103.059912 0.599662 
2457104.725755 0.623258 
2457106.391597 -0.139698 
2457108.057440 -1.377487 
2457109.723283 -1.013226 
2457111.389125 -0.092141 
2457113.054968 -0.248754 
2457114.720811 -0.011729 
2457116.386653 0.786056 
2457118.052496 -0.871848 
2457119.718339 -3.933476 
2457121.384181 -2.669306 
2457123.050024 2.730053 
2457124.715866 5.076575 
2457126.381709 2.478096 
2457128.047552 0.497523 
2457129.713394 0.847048 
2457131.379237 -0.160187 
2457133.045080 -2.244588 
2457134.710922 -1.912497 
2457136.376765 -0.368341 
2457138.042607 -0.397126 
2457139.708450 -0.223618 
2457141.374293 0.957020 
2457143.040135 -0.591255 
2457144.705978 -4.121666 
2457146.371821 -2.784189 
2457148.037663 3.345558 
2457149.703506 5.624409 
2457151.369349 2.045366 
2457153.035191 -0.231208 
2457154.701034 0.762950 
2457156.366876 -0.085140 
2457158.032719 -2.790648 
2457159.698562 -2.705174 
2457161.364404 -0.744513 
2457163.030247 -0.516548 
2457164.696090 -0.443259 
2457166.361932 0.873675 
2457168.027775 -0.142365 
2457169.693618 -3.243673 
2457171.359460 -2.031075 
2457173.025303 3.408642 
2457174.691145 4.813446 
2457176.356988 0.695053 
2457178.022831 -1.471438 
2457179.688673 0.201267 
2457181.354516 0.100080 
2457183.020359 -2.409238 
2457184.686201 -2.674686 
2457186.352044 -0.911786 
2457188.017887 -0.518489 
2457189.683729 -0.514398 
2457191.349572 0.599231 
2457193.015414 0.173548 
2457194.681257 -1.957511 
2457196.347100 -1.089806 
2457198.012942 2.755549 
2457199.678785 3.284198 
2457201.344628 -0.525624 
2457203.010470 -2.498070 
2457204.676313 -0.703120 
2457206.342156 0.303925 
2457208.007998 -0.954470 
2457209.673841 -1.393174 
2457211.339683 -0.519644 
2457213.005526 -0.335708 
2457214.671369 -0.383461 
2457216.337211 0.324113 
2457218.003054 0.235092 
2457219.668897 -0.917010 
2457221.334739 -0.420132 
2457223.000582 1.770466 
2457224.666424 1.826583 
2457226.332267 -1.043837 
2457227.998110 -2.853573 
2457229.663952 -1.594835 
2457231.329795 0.255672 
2457232.995638 0.724060 
2457234.661480 0.545998 
2457236.327323 0.366107 
2457237.993166 -0.007167 
2457239.659008 -0.150113 
2457241.324851 0.178550 
2457242.990693 0.151167 
2457244.656536 -0.325828 
2457246.322379 -0.059340 
2457247.988221 0.913943 
2457249.654064 0.803117 
2457251.319907 -0.935167 
2457252.985749 -2.438747 
2457254.651592 -2.038355 
2457256.317435 -0.193544 
2457257.983277 1.504731 
2457259.649120 1.974896 
2457261.314962 1.277651 
2457262.980805 0.367204 
2457264.646648 0.056888 
2457266.312490 0.152395 
2457267.978333 0.069611 
2457269.644176 -0.096622 
2457271.310018 0.075935 
2457272.975861 0.393415 
2457274.641704 0.264772 
2457276.307546 -0.491714 
2457277.973389 -1.454231 
2457279.639231 -1.798883 
2457281.305074 -0.833330 
2457282.970917 1.003698 
2457284.636759 2.146799 
2457286.302602 1.726186 
2457287.968445 0.669426 
2457289.634287 0.179784 
2457291.300130 0.164325 
2457292.965973 0.051484 
2457294.631815 -0.050127 
2457296.297658 0.076562 
2457297.963500 0.162511 
2457299.629343 0.069091 
2457301.295186 -0.069405 
2457302.961028 -0.453347 
2457304.626871 -1.134366 
2457306.292714 -1.214328 
2457307.958556 -0.021103 
2457309.624399 1.406548 
2457311.290241 1.601337 
2457312.956084 0.794923 
2457314.621927 0.225207 
2457316.287769 0.153542 
2457317.953612 0.067745 
2457319.619455 -0.047106 
2457321.285297 0.024227 
2457322.951140 0.077466 
2457324.616983 0.034718 
2457326.282825 0.137064 
2457327.948668 0.125336 
2457329.614510 -0.480044 
2457331.280353 -1.103005 
2457332.946196 -0.664540 
2457334.612038 0.534987 
2457336.277881 1.109863 
2457337.943724 0.701011 
2457339.609566 0.208232 
2457341.275409 0.111426 
2457342.941252 0.073624 
2457344.607094 -0.035100 
2457346.272937 -0.021510 
2457347.938779 0.039975 
2457349.604622 0.045985 
2457351.270465 0.166241 
2457352.936307 0.276840 
2457354.602150 -0.083751 
2457356.267993 -0.714237 
2457357.933835 -0.738680 
2457359.599678 -0.008674 
2457361.265521 0.576404 
2457362.931363 0.477239 
2457364.597206 0.153731 
2457366.263048 0.062332 
2457367.928891 0.057889 
2457369.594734 -0.017681 
2457371.260576 -0.038724 
2457372.926419 0.017575 
2457374.592262 0.054613 
2457376.258104 0.125376 
2457377.923947 0.211022 
2457379.589790 0.051758 
2457381.255632 -0.348858 
2457382.921475 -0.508373 
2457384.587317 -0.181734 
2457386.253160 0.211835 
2457387.919003 0.253033 
2457389.584845 0.091143 
2457391.250688 0.026017 
2457392.916531 0.032731 
2457394.582373 -0.007194 
2457396.248216 -0.035029 
2457397.914058 0.005421 
2457399.579901 0.051681 
2457401.245744 0.080607 
2457402.911586 0.105627 
2457404.577429 0.045961 
2457406.243272 -0.132546 
2457407.909114 -0.249159 
2457409.574957 -0.145319 
2457411.240800 0.045041 
2457412.906642 0.102528 
2457414.572485 0.041828 
2457416.238327 0.006606 
2457417.904170 0.011794 
2457419.570013 -0.005939 
2457421.235855 -0.025373 
2457422.901698 0.001518 
2457424.567541 0.042914 
2457426.233383 0.051997 
2457427.899226 0.037191 
2457429.565069 0.007736 
2457431.230911 -0.045104 
2457432.896754 -0.085536 
2457434.562596 -0.060117 
2457436.228439 0.004696 
2457437.894282 0.032471 
2457439.560124 0.013870 
2457441.225967 -0.000586 
2457442.891810 0.000589 
2457444.557652 -0.008423 
2457446.223495 -0.017899 
2457447.889338 0.001523 
2457449.555180 0.033311 
2457451.221023 0.036499 
2457452.886865 0.010605 
2457454.552708 -0.013611 
2457456.218551 -0.022386 
2457457.884393 -0.019074 
2457459.550236 -0.005043 
2457461.216079 0.011178 
2457462.881921 0.013705 
2457464.547764 0.004102 
2457466.213607 -0.001457 
2457467.879449 -0.002374 
2457469.545292 -0.008983 
2457471.211134 -0.012937 
2457472.876977 0.001663 
2457474.542820 0.023669 
2457476.208662 0.025992 
2457477.874505 0.005777 
2457479.540348 -0.014345 
2457481.206190 -0.017771 
2457482.872033 -0.006063 
2457484.537875 0.010374 
2457486.203718 0.019208 
2457487.869561 0.014374 
2457489.535403 0.004160 
2457491.201246 -0.000228 
2457492.867089 -0.001737 
2457494.532931 -0.007623 
2457496.198774 -0.010620 
2457497.864617 -0.000117 
2457499.530459 0.015806 
2457501.196302 0.019593 
2457502.862144 0.008539 
2457504.527987 -0.005619 
2457506.193830 -0.012742 
2457507.859672 -0.008698 
2457509.525515 0.004902 
2457511.191358 0.017048 
2457512.857200 0.016065 
2457514.523043 0.006097 
2457516.188886 0.000002 
2457517.854728 -0.003281 
2457519.520571 -0.013264 
2457521.186413 -0.021689 
2457522.852256 -0.009199 
2457524.518099 0.019575 
2457526.183941 0.036098 
2457527.849784 0.027479 
2457529.515627 0.009147 
2457531.181469 -0.003544 
2457532.847312 -0.008442 
2457534.513155 -0.003649 
2457536.178997 0.008977 
2457537.844840 0.014208 
2457539.510682 0.005101 
2457541.176525 -0.004217 
2457542.842368 -0.013505 
2457544.508210 -0.043738 
2457546.174053 -0.075710 
2457547.839896 -0.044653 
2457549.505738 0.053350 
2457551.171581 0.124354 
2457552.837424 0.105037 
2457554.503266 0.046163 
2457556.169109 0.013405 
2457557.834951 0.001160 
2457559.500794 -0.007175 
2457561.166637 0.000534 
2457562.832479 0.011598 
2457564.498322 -0.000157 
2457566.164165 -0.017248 
2457567.830007 -0.038583 
2457569.495850 -0.119447 
2457571.161692 -0.217701 
2457572.827535 -0.147149 
2457574.493378 0.131428 
2457576.159220 0.357237 
2457577.825063 0.318549 
2457579.490906 0.144987 
2457581.156748 0.048628 
2457582.822591 0.024083 
2457584.488434 -0.003544 
2457586.154276 -0.007226 
2457587.820119 0.011881 
2457589.485961 -0.007914 
2457591.151804 -0.042745 
2457592.817647 -0.081176 
2457594.483489 -0.248229 
2457596.149332 -0.482368 
2457597.815175 -0.368012 
2457599.481017 0.240819 
2457601.146860 0.790061 
2457602.812703 0.750140 
2457604.478545 0.357677 
2457606.144388 0.117824 
2457607.810230 0.064390 
2457609.476073 0.009025 
2457611.141916 -0.016236 
2457612.807758 0.015513 
2457614.473601 -0.013912 
2457616.139444 -0.079397 
2457617.805286 -0.135551 
2457619.471129 -0.405859 
2457621.136972 -0.845123 
2457622.802814 -0.722614 
2457624.468657 0.327003 
2457626.134499 1.381566 
2457627.800342 1.404419 
2457629.466185 0.708005 
2457631.132027 0.229765 
2457632.797870 0.120379 
2457634.463713 0.032393 
2457636.129555 -0.026784 
2457637.795398 0.018671 
2457639.461241 -0.013469 
2457641.127083 -0.116075 
2457642.792926 -0.183886 
2457644.458768 -0.527945 
2457646.124611 -1.178346 
2457647.790454 -1.118444 
2457649.456296 0.319508 
2457651.122139 1.924757 
2457652.787982 2.097456 
2457654.453824 1.119648 
2457656.119667 0.363699 
2457657.785509 0.175447 
2457659.451352 0.062294 
2457661.117195 -0.034401 
2457662.783037 0.015850 
2457664.448880 -0.005691 
2457666.114723 -0.132592 
2457667.780565 -0.199764 
2457669.446408 -0.536429 
2457671.112251 -1.281330 
2457672.778093 -1.336263 
2457674.443936 0.200436 
2457676.109778 2.097081 
2457677.775621 2.445287 
2457679.441464 1.378922 
2457681.107306 0.453876 
2457682.773149 0.198676 
2457684.438992 0.083027 
2457686.104834 -0.033147 
2457687.770677 0.005729 
2457689.436520 0.004016 
2457691.102362 -0.114041 
2457692.768205 -0.168234 
2457694.434047 -0.414038 
2457696.099890 -1.060201 
2457697.765733 -1.211358 
2457699.431575 0.035172 
2457701.097418 1.742597 
2457702.763261 2.181698 
2457704.429103 1.300561 
2457706.094946 0.437976 
2457707.760789 0.172755 
2457709.426631 0.079723 
2457711.092474 -0.024426 
2457712.758316 -0.005591 
2457714.424159 0.010486 
2457716.090002 -0.069952 
2457717.755844 -0.109477 
2457719.421687 -0.248973 
2457721.087530 -0.683472 
2457722.753372 -0.857270 
2457724.419215 -0.077898 
2457726.085058 1.125770 
2457727.750900 1.531838 
2457729.416743 0.969366 
2457731.082585 0.331510 
2457732.748428 0.110152 
2457734.414271 0.052153 
2457736.080113 -0.016620 
2457737.745956 -0.012314 
2457739.411799 0.013751 
2457741.077641 -0.022513 
2457742.743484 -0.053944 
2457744.409326 -0.126108 
2457746.075169 -0.358567 
2457747.741012 -0.489802 
2457749.406854 -0.105457 
2457751.072697 0.586564 
2457752.738540 0.893265 
2457754.404382 0.605647 
2457756.070225 0.190684 
2457757.736068 0.018068 
2457759.401910 -0.001595 
2457761.067753 -0.019329 
2457762.733595 -0.017692 
2457764.399438 0.006834 
2457766.065281 0.001979 
2457767.731123 -0.022614 
2457769.396966 -0.057648 
2457771.062809 -0.149201 
2457772.728651 -0.227270 
2457774.394494 -0.088434 
2457776.060337 0.268136 
2457777.726179 0.510704 
2457779.392022 0.386124 
2457781.057864 0.065904 
2457782.723707 -0.118367 
2457784.389550 -0.102347 
2457786.055392 -0.046095 
2457787.721235 -0.033960 
2457789.387078 -0.036769 
2457791.052920 -0.042281 
2457792.718763 -0.039585 
2457794.384606 0.001909 
2457796.050448 0.027822 
2457797.716291 -0.036656 
2457799.382133 -0.061241 
2457801.047976 0.149242 
2457802.713819 0.433230 
2457804.379661 0.387439 
2457806.045504 -0.008943 
2457807.711347 -0.317960 
2457809.377189 -0.284068 
2457811.043032 -0.119039 
2457812.708875 -0.079137 
2457814.374717 -0.159769 
2457816.040560 -0.228807 
2457817.706402 -0.150514 
2457819.372245 0.117802 
2457821.038088 0.343288 
2457822.703930 0.237371 
2457824.369773 0.006269 
2457826.035616 0.153343 
2457827.701458 0.579771 
2457829.367301 0.587735 
2457831.033143 -0.012941 
2457832.698986 -0.564269 
2457834.364829 -0.556891 
2457836.030671 -0.260769 
2457837.696514 -0.173061 
2457839.362357 -0.396933 
2457841.028199 -0.626673 
2457842.694042 -0.414288 
2457844.359885 0.331321 
2457846.025727 0.964151 
2457847.691570 0.793896 
2457849.357412 0.212693 
2457851.023255 0.223934 
2457852.689098 0.801449 
2457854.354940 0.870765 
2457856.020783 0.052390 
2457857.686626 -0.775341 
2457859.352468 -0.852986 
2457861.018311 -0.464066 
2457862.684154 -0.329343 
2457864.349996 -0.737736 
2457866.015839 -1.214676 
2457867.681681 -0.834064 
2457869.347524 0.624337 
2457871.013367 1.912752 
2457872.679209 1.726121 
2457874.345052 0.657776 
2457876.010895 0.345669 
2457877.676737 0.933213 
2457879.342580 1.049007 
2457881.008423 0.142261 
2457882.674265 -0.830045 
2457884.340108 -1.014476 
2457886.005950 -0.657486 
2457887.671793 -0.540255 
2457889.337636 -1.100485 
2457891.003478 -1.780175 
2457892.669321 -1.229147 
2457894.335164 0.928026 
2457896.001006 2.905551 
2457897.666849 2.798582 
2457899.332692 1.284883 
2457900.998534 0.506579 
2457902.664377 0.877116 
2457904.330219 0.991977 
2457905.996062 0.197115 
2457907.661905 -0.686579 
2457909.327747 -0.926367 
2457910.993590 -0.737142 
2457912.659433 -0.764154 
2457914.325275 -1.352439 
2457915.991118 -1.918901 
2457917.656960 -1.157545 
2457919.322803 1.201814 
2457920.988646 3.323324 
2457922.654488 3.304445 
2457924.320331 1.717668 
2457925.986174 0.621273 
2457927.652016 0.661057 
2457929.317859 0.757098 
2457930.983702 0.204815 
2457932.649544 -0.470110 
2457934.315387 -0.680400 
2457935.981229 -0.657237 
2457937.647072 -0.917523 
2457939.312915 -1.373048 
2457940.978757 -1.289082 
2457942.644600 -0.165135 
2457944.310443 1.498863 
2457945.976285 2.568444 
2457947.642128 2.393160 
2457949.307971 1.383597 
2457950.973813 0.517725 
2457952.639656 0.339937 
2457954.305498 0.450761 
2457955.971341 0.191418 
2457957.637184 -0.299589 
2457959.303026 -0.441527 
2457960.968869 -0.448177 
2457962.634712 -0.888180 
2457964.300554 -1.147137 
2457965.966397 -0.165214 
2457967.632240 1.377005 
2457969.298082 1.754660 
2457970.963925 0.922347 
2457972.629767 0.299643 
2457974.295610 0.270498 
2457975.961453 0.169796 
2457977.627295 0.022043 
2457979.293138 0.162174 
2457980.958981 0.162818 
2457982.624823 -0.180021 
2457984.290666 -0.280263 
2457985.956509 -0.222641 
2457987.622351 -0.660795 
2457989.288194 -0.822491 
2457990.954036 0.543356 
2457992.619879 2.200614 
2457994.285722 1.755964 
2457995.951564 -0.287518 
2457997.617407 -1.292897 
2457999.283250 -0.716597 
2458000.949092 -0.161676 
2458002.614935 -0.150833 
2458004.280777 -0.022520 
2458005.946620 0.114205 
2458007.612463 -0.089931 
2458009.278305 -0.178089 
2458010.944148 -0.078640 
2458012.609991 -0.376489 
2458014.275833 -0.518136 
2458015.941676 0.617654 
2458017.607519 2.007071 
2458019.273361 1.463648 
2458020.939204 -0.608827 
2458022.605046 -1.679855 
2458024.270889 -1.064521 
2458025.936732 -0.312754 
2458027.602574 -0.177857 
2458029.268417 -0.087070 
2458030.934260 0.063808 
2458032.600102 -0.031878 
2458034.265945 -0.108409 
2458035.931788 -0.020464 
2458037.597630 -0.163568 
2458039.263473 -0.278196 
2458040.929315 0.405357 
2458042.595158 1.322160 
2458044.261001 0.988566 
2458045.926843 -0.451792 
2458047.592686 -1.283230 
2458049.258529 -0.891618 
2458050.924371 -0.292869 
2458052.590214 -0.130921 
2458054.256057 -0.074921 
2458055.921899 0.029345 
2458057.587742 -0.004289 
2458059.253584 -0.059929 
2458060.919427 -0.008534 
2458062.585270 -0.052872 
2458064.251112 -0.121841 
2458065.916955 0.188525 
2458067.582798 0.658654 
2458069.248640 0.522759 
2458070.914483 -0.220053 
2458072.580326 -0.698263 
2458074.246168 -0.523673 
2458075.912011 -0.187257 
2458077.577853 -0.070769 
2458079.243696 -0.038708 
2458080.909539 0.013630 
2458082.575381 0.003786 
2458084.241224 -0.029400 
2458085.907067 -0.009597 
2458087.572909 -0.013732 
2458089.238752 -0.042160 
2458090.904594 0.060011 
2458092.570437 0.236295 
2458094.236280 0.199387 
2458095.902122 -0.073965 
2458097.567965 -0.263632 
2458099.233808 -0.207843 
2458100.899650 -0.078723 
2458102.565493 -0.026193 
2458104.231336 -0.010088 
2458105.897178 0.009202 
2458107.563021 0.003962 
2458109.228863 -0.013244 
2458110.894706 -0.009868 
2458112.560549 -0.006255 
2458114.226391 -0.013302 
2458115.892234 0.006055 
2458117.558077 0.045298 
2458119.223919 0.040708 
2458120.889762 -0.012899 
2458122.555605 -0.047043 
2458124.221447 -0.033389 
2458125.887290 -0.010587 
2458127.553132 -0.002629 
2458129.218975 0.002809 
2458130.884818 0.007931 
2458132.550660 0.002828 
2458134.216503 -0.006184 
2458135.882346 -0.007839 
2458137.548188 -0.006167 
2458139.214031 -0.007754 
2458140.879874 -0.009696 
2458142.545716 -0.008644 
2458144.211559 -0.003908 
2458145.877401 0.006462 
2458147.543244 0.018721 
2458149.209087 0.021816 
2458150.874929 0.013367 
2458152.540772 0.005021 
2458154.206615 0.004580 
2458155.872457 0.005943 
2458157.538300 0.002215 
2458159.204143 -0.003406 
2458160.869985 -0.005331 
2458162.535828 -0.005244 
2458164.201670 -0.007883 
2458165.867513 -0.011501 
2458167.533356 -0.009026 
2458169.199198 0.001477 
2458170.865041 0.013148 
2458172.530884 0.018569 
2458174.196726 0.016571 
2458175.862569 0.010273 
2458177.528411 0.004123 
2458179.194254 0.002092 
2458180.860097 0.003141 
2458182.525939 0.001872 
2458184.191782 -0.002067 
2458185.857625 -0.003442 
2458187.523467 -0.003225 
2458189.189310 -0.006996 
2458190.855153 -0.009494 
2458192.520995 -0.000137 
2458194.186838 0.014409 
2458195.852680 0.016186 
2458197.518523 0.005104 
2458199.184366 -0.002213 
2458200.850208 -0.000727 
2458202.516051 0.000600 
2458204.181894 -0.000375 
2458205.847736 0.000718 
2458207.513579 0.001417 
2458209.179422 -0.001136 
2458210.845264 -0.002226 
2458212.511107 -0.001447 
2458214.176949 -0.004729 
2458215.842792 -0.006711 
2458217.508635 0.004213 
2458219.174477 0.019030 
2458220.840320 0.015976 
2458222.506163 -0.002730 
2458224.172005 -0.013258 
2458225.837848 -0.008328 
2458227.503691 -0.002164 
2458229.169533 -0.001486 
2458230.835376 -0.000595 
2458232.501218 0.000869 
2458234.167061 -0.000471 
2458235.832904 -0.001413 
2458237.498746 -0.000482 
2458239.164589 -0.002433 
2458240.830432 -0.004078 
2458242.496274 0.004082 
2458244.162117 0.015679 
2458245.827960 0.012678 
2458247.493802 -0.004016 
2458249.159645 -0.014100 
2458250.825487 -0.009823 
2458252.491330 -0.003094 
2458254.157173 -0.001492 
2458255.823015 -0.000879 
2458257.488858 0.000420 
2458259.154701 -0.000098 
2458260.820543 -0.000832 
2458262.486386 -0.000153 
2458264.152228 -0.000938 
2458265.818071 -0.002062 
2458267.483914 0.002418 
2458269.149756 0.009512 
2458270.815599 0.008000 
2458272.481442 -0.002579 
2458274.147284 -0.009675 
2458275.813127 -0.007334 
2458277.478970 -0.002571 
2458279.144812 -0.001018 
2458280.810655 -0.000626 
2458282.476497 0.000170 
2458284.142340 0.000041 
2458285.808183 -0.000435 
2458287.474025 -0.000100 
2458289.139868 -0.000265 
2458290.805711 -0.000835 
2458292.471553 0.001011 
2458294.137396 0.004343 
2458295.803239 0.003881 
2458297.469081 -0.001094 
2458299.134924 -0.004771 
2458300.800766 -0.003880 
2458302.466609 -0.001477 
2458304.132452 -0.000512 
2458305.798294 -0.000279 
2458307.464137 0.000085 
2458309.129980 0.000058 
2458310.795822 -0.000201 
2458312.461665 -0.000101 
2458314.127508 -0.000072 
2458315.793350 -0.000267 
2458317.459193 0.000264 
2458319.125035 0.001370 
2458320.790878 0.001298 
2458322.456721 -0.000311 
2458324.122563 -0.001565 
2458325.788406 -0.001316 
2458327.454249 -0.000522 
2458329.120091 -0.000164 
2458330.785934 -0.000052 
2458332.451777 0.000072 
2458334.117619 0.000041 
2458335.783462 -0.000087 
2458337.449304 -0.000087 
2458339.115147 -0.000052 
2458340.780990 -0.000090 
2458342.446832 -0.000020 
2458344.112675 0.000169 
2458345.778518 0.000181 
2458347.444360 -0.000028 
2458349.110203 -0.000151 
2458350.776045 -0.000079 
2458352.441888 -0.000001 
2458354.107731 0.000007 
2458355.773573 0.000033 
2458357.439416 0.000066 
2458359.105259 0.000028 
2458360.771101 -0.000041 
2458362.436944 -0.000063 
2458364.102787 -0.000054 
2458365.768629 -0.000065 
2458367.434472 -0.000095 
2458369.100314 -0.000102 
2458370.766157 -0.000051 
2458372.432000 0.000069 
2458374.097842 0.000190 
2458375.763685 0.000213 
2458377.429528 0.000133 
2458379.095370 0.000050 
2458380.761213 0.000035 
2458382.427056 0.000046 
2458384.092898 0.000022 
2458385.758741 -0.000023 
2458387.424583 -0.000041 
2458389.090426 -0.000041 
2458390.756269 -0.000066 
2458392.422111 -0.000097 
2458394.087954 -0.000062 
2458395.753797 0.000041 
2458397.419639 0.000122 
2458399.085482 0.000131 
2458400.751325 0.000101 
2458402.417167 0.000067 
2458404.083010 0.000030 
2458405.748852 0.000011 
2458407.414695 0.000020 
2458409.080538 0.000017 
2458410.746380 -0.000014 
2458412.412223 -0.000027 
2458414.078066 -0.000023 
2458415.743908 -0.000053 
2458417.409751 -0.000078 
2458419.075594 0.000005 
2458420.741436 0.000140 
2458422.407279 0.000151 
2458424.073121 0.000027 
2458425.738964 -0.000056 
2458427.404807 -0.000034 
2458429.070649 -0.000004 
2458430.736492 -0.000007 
2458432.402335 0.000001 
2458434.068177 0.000011 
2458435.734020 -0.000006 
2458437.399862 -0.000018 
2458439.065705 -0.000009 
2458440.731548 -0.000032 
2458442.397390 -0.000054 
2458444.063233 0.000030 
2458445.729076 0.000158 
2458447.394918 0.000143 
2458449.060761 -0.000020 
2458450.726604 -0.000125 
2458452.392446 -0.000087 
2458454.058289 -0.000025 
2458455.724131 -0.000014 
2458457.389974 -0.000008 
2458459.055817 0.000006 
2458460.721659 -0.000002 
2458462.387502 -0.000011 
2458464.053345 -0.000003 
2458465.719187 -0.000015 
2458467.385030 -0.000031 
2458469.050873 0.000025 
2458470.716715 0.000119 
2458472.382558 0.000107 
2458474.048400 -0.000023 
2458475.714243 -0.000114 
2458477.380086 -0.000087 
2458479.045928 -0.000029 
2458480.711771 -0.000012 
2458482.377614 -0.000008 
2458484.043456 0.000002 
2458485.709299 0.000000 
2458487.375142 -0.000006 
2458489.040984 -0.000001 
2458490.706827 -0.000005 
2458492.372669 -0.000015 
2458494.038512 0.000013 
2458495.704355 0.000066 
2458497.370197 0.000063 
2458499.036040 -0.000013 
2458500.701883 -0.000070 
2458502.367725 -0.000058 
2458504.033568 -0.000022 
2458505.699411 -0.000008 
2458507.365253 -0.000005 
2458509.031096 0.000001 
2458510.696938 0.000001 
2458512.362781 -0.000003 
2458514.028624 -0.000001 
2458515.694466 -0.000001 
2458517.360309 -0.000005 
2458519.026152 0.000005 
2458520.691994 0.000028 
2458522.357837 0.000028 
2458524.023679 -0.000004 
2458525.689522 -0.000031 
2458527.355365 -0.000028 
2458529.021207 -0.000011 
2458530.687050 -0.000004 
2458532.352893 -0.000002 
2458534.018735 0.000001 
2458535.684578 0.000001 
2458537.350421 -0.000001 
2458539.016263 -0.000001 
2458540.682106 -0.000000 
2458542.347948 -0.000002 
2458544.013791 0.000001 
2458545.679634 0.000007 
2458547.345476 0.000008 
2458549.011319 -0.000001 
2458550.677162 -0.000009 
2458552.343004 -0.000008 
2458554.008847 -0.000003 
2458555.674690 -0.000001 
2458557.340532 -0.000000 
2458559.006375 0.000001 
2458560.672217 0.000000 
2458562.338060 -0.000001 
2458564.003903 -0.000001 
2458565.669745 -0.000000 
2458567.335588 -0.000001 
2458569.001431 -0.000001 
2458570.667273 0.000000 
2458572.333116 0.000000 
2458573.998959 0.000000 
2458575.664801 0.000000 
2458577.330644 0.000001 
2458578.996486 0.000001 
2458580.662329 0.000000 
2458582.328172 0.000000 
2458583.994014 0.000001 
2458585.659857 0.000000 
2458587.325700 -0.000000 
2458588.991542 -0.000000 
2458590.657385 -0.000000 
2458592.323228 -0.000001 
2458593.989070 -0.000001 
2458595.654913 -0.000001 
2458597.320755 -0.000000 
2458598.986598 0.000001 
2458600.652441 0.000002 
2458602.318283 0.000002 
2458603.984126 0.000001 
2458605.649969 0.000000 
2458607.315811 0.000000 
2458608.981654 0.000000 
2458610.647496 0.000000 
2458612.313339 -0.000000 
2458613.979182 -0.000000 
2458615.645024 -0.000000 
2458617.310867 -0.000001 
2458618.976710 -0.000001 
2458620.642552 -0.000000 
2458622.308395 0.000001 
2458623.974238 0.000001 
2458625.640080 0.000001 
2458627.305923 0.000000 
2458628.971765 0.000000 
2458630.637608 0.000000 
2458632.303451 0.000000 
2458633.969293 0.000000 
2458635.635136 0.000000 
2458637.300979 -0.000000 
2458638.966821 -0.000000 
2458640.632664 -0.000000 
2458642.298507 -0.000000 
2458643.964349 -0.000001 
2458645.630192 0.000000 
2458647.296034 0.000001 
2458648.961877 0.000001 
2458650.627720 0.000000 
2458652.293562 -0.000001 
2458653.959405 -0.000001 
2458655.625248 -0.000000 
2458657.291090 -0.000000 
2458658.956933 -0.000000 
2458660.622776 0.000000 
2458662.288618 -0.000000 
2458663.954461 -0.000000 
2458665.620303 -0.000000 
2458667.286146 -0.000000 
2458668.951989 -0.000000 
2458670.617831 0.000000 
2458672.283674 0.000001 
2458673.949517 0.000001 
2458675.615359 -0.000000 
2458677.281202 -0.000001 
2458678.947045 -0.000001 
2458680.612887 -0.000000 
2458682.278730 -0.000000 
2458683.944572 -0.000000 
2458685.610415 0.000000 
2458687.276258 -0.000000 
2458688.942100 -0.000000 
2458690.607943 -0.000000 
2458692.273786 -0.000000 
2458693.939628 -0.000000 
2458695.605471 0.000000 
2458697.271313 0.000001 
2458698.937156 0.000001 
2458700.602999 -0.000000 
2458702.268841 -0.000001 
2458703.934684 -0.000001 
2458705.600527 -0.000000 
2458707.266369 -0.000000 
2458708.932212 -0.000000 
2458710.598055 0.000000 
2458712.263897 0.000000 
2458713.929740 -0.000000 
2458715.595582 -0.000000 
2458717.261425 -0.000000 
2458718.927268 -0.000000 
2458720.593110 0.000000 
2458722.258953 0.000000 
2458723.924796 0.000000 
2458725.590638 -0.000000 
2458727.256481 -0.000000 
2458728.922324 -0.000000 
2458730.588166 -0.000000 
2458732.254009 -0.000000 
2458733.919851 -0.000000 
2458735.585694 0.000000 
2458737.251537 0.000000 
2458738.917379 -0.000000 
2458740.583222 -0.000000 
2458742.249065 -0.000000 
2458743.914907 -0.000000 
2458745.580750 0.000000 
2458747.246593 0.000000 
2458748.912435 0.000000 
2458750.578278 -0.000000 
2458752.244120 -0.000000 
2458753.909963 -0.000000 
2458755.575806 -0.000000 
2458757.241648 -0.000000 
2458758.907491 -0.000000 
2458760.573334 0.000000 
2458762.239176 0.000000 
2458763.905019 -0.000000 
2458765.570862 -0.000000 
2458767.236704 -0.000000 
2458768.902547 -0.000000 
2458770.568389 0.000000 
2458772.234232 0.000000 
2458773.900075 0.000000 
2458775.565917 -0.000000 
2458777.231760 -0.000000 
2458778.897603 -0.000000 
2458780.563445 -0.000000 
2458782.229288 -0.000000 
2458783.895130 0.000000 
2458785.560973 0.000000 
2458787.226816 0.000000 
2458788.892658 -0.000000 
2458790.558501 -0.000000 
2458792.224344 -0.000000 
2458793.890186 -0.000000 
2458795.556029 -0.000000 
2458797.221872 -0.000000 
2458798.887714 -0.000000 
2458800.553557 0.000000 
2458802.219399 0.000000 
2458803.885242 0.000000 
2458805.551085 0.000000 
2458807.216927 0.000000 
2458808.882770 0.000000 
2458810.548613 0.000000 
2458812.214455 0.000000 
2458813.880298 -0.000000 
2458815.546141 -0.000000 
2458817.211983 -0.000000 
2458818.877826 -0.000000 
2458820.543668 -0.000000 
2458822.209511 -0.000000 
2458823.875354 -0.000000 
2458825.541196 0.000000 
2458827.207039 0.000000 
2458828.872882 0.000000 
2458830.538724 0.000000 
2458832.204567 0.000000 
2458833.870410 0.000000 
2458835.536252 0.000000 
2458837.202095 0.000000 
2458838.867937 -0.000000 
2458840.533780 -0.000000 
2458842.199623 -0.000000 
2458843.865465 -0.000000 
2458845.531308 -0.000000 
2458847.197151 -0.000000 
2458848.862993 0.000000 
2458850.528836 0.000000 
2458852.194679 0.000000 
2458853.860521 0.000000 
2458855.526364 0.000000 
2458857.192206 0.000000 
2458858.858049 0.000000 
2458860.523892 0.000000 
2458862.189734 0.000000 
2458863.855577 -0.000000 
2458865.521420 -0.000000 
2458867.187262 -0.000000 
2458868.853105 -0.000000 
2458870.518947 -0.000000 
2458872.184790 0.000000 
2458873.850633 0.000000 
2458875.516475 0.000000 
2458877.182318 0.000000 
2458878.848161 -0.000000 
2458880.514003 -0.000000 
2458882.179846 -0.000000 
2458883.845689 -0.000000 
2458885.511531 -0.000000 
2458887.177374 0.000000 
2458888.843216 -0.000000 
2458890.509059 -0.000000 
2458892.174902 -0.000000 
2458893.840744 -0.000000 
2458895.506587 -0.000000 
2458897.172430 0.000000 
2458898.838272 0.000000 
2458900.504115 0.000000 
2458902.169958 -0.000000 
2458903.835800 -0.000000 
2458905.501643 -0.000000 
2458907.167485 -0.000000 
2458908.833328 -0.000000 
2458910.499171 -0.000000 
2458912.165013 0.000000 
2458913.830856 0.000000 
2458915.496699 -0.000000 
2458917.162541 -0.000000 
2458918.828384 -0.000000 
2458920.494227 -0.000000 
2458922.160069 0.000000 
2458923.825912 0.000000 
2458925.491754 0.000000 
2458927.157597 -0.000000 
2458928.823440 -0.000000 
2458930.489282 -0.000000 
2458932.155125 -0.000000 
2458933.820968 -0.000000 
2458935.486810 -0.000000 
2458937.152653 -0.000000 
2458938.818496 0.000000 
2458940.484338 -0.000000 
2458942.150181 -0.000000 
2458943.816023 -0.000000 
2458945.481866 -0.000000 
2458947.147709 0.000000 
2458948.813551 0.000000 
2458950.479394 0.000000 
2458952.145237 -0.000000 
2458953.811079 -0.000000 
2458955.476922 -0.000000 
2458957.142764 -0.000000 
2458958.808607 -0.000000 
2458960.474450 -0.000000 
2458962.140292 0.000000 
2458963.806135 0.000000 
2458965.471978 -0.000000 
2458967.137820 -0.000000 
2458968.803663 -0.000000 
2458970.469506 -0.000000 
2458972.135348 0.000000 
2458973.801191 0.000000 
2458975.467033 0.000000 
2458977.132876 -0.000000 
2458978.798719 -0.000000 
2458980.464561 -0.000000 
2458982.130404 -0.000000 
2458983.796247 -0.000000 
2458985.462089 -0.000000 
2458987.127932 0.000000 
2458988.793775 0.000000 
2458990.459617 -0.000000 
2458992.125460 -0.000000 
2458993.791302 -0.000000 
2458995.457145 -0.000000 
2458997.122988 -0.000000 
2458998.788830 0.000000 
2459000.454673 0.000000 
2459002.120516 -0.000000 
2459003.786358 -0.000000 
2459005.452201 0.000000 
2459007.118044 0.000000 
2459008.783886 0.000000 
2459010.449729 0.000000 
2459012.115571 -0.000000 
2459013.781414 -0.000000 
2459015.447257 -0.000000 
2459017.113099 0.000000 
2459018.778942 -0.000000 
2459020.444785 -0.000000 
2459022.110627 0.000000 
2459023.776470 -0.000000 
2459025.442313 -0.000000 
2459027.108155 -0.000000 
2459028.773998 0.000000 
2459030.439840 -0.000000 
2459032.105683 0.000000 
2459033.771526 0.000000 
2459035.437368 0.000000 
2459037.103211 -0.000000 
2459038.769054 -0.000000 
2459040.434896 -0.000000 
2459042.100739 0.000000 
2459043.766581 0.000000 
2459045.432424 0.000000 
2459047.098267 0.000000 
2459048.764109 0.000000 
2459050.429952 -0.000000 
2459052.095795 -0.000000 
2459053.761637 0.000000 
2459055.427480 -0.000000 
2459057.093323 -0.000000 
2459058.759165 0.000000 
2459060.425008 0.000000 
2459062.090850 -0.000000 
2459063.756693 -0.000000 
2459065.422536 -0.000000 
2459067.088378 0.000000 
2459068.754221 0.000000 
2459070.420064 0.000000 
2459072.085906 0.000000 
2459073.751749 0.000000 
2459075.417592 -0.000000 
2459077.083434 -0.000000 
2459078.749277 0.000000 
2459080.415119 -0.000000 
2459082.080962 -0.000000 
2459083.746805 0.000000 
2459085.412647 0.000000 
2459087.078490 -0.000000 
2459088.744333 -0.000000 
2459090.410175 -0.000000 
2459092.076018 0.000000 
2459093.741861 0.000000 
2459095.407703 0.000000 
2459097.073546 0.000000 
2459098.739388 0.000000 
2459100.405231 -0.000000 
2459102.071074 -0.000000 
2459103.736916 -0.000000 
2459105.402759 -0.000000 
2459107.068602 -0.000000 
2459108.734444 0.000000 
2459110.400287 0.000000 
2459112.066130 -0.000000 
2459113.731972 -0.000000 
2459115.397815 -0.000000 
2459117.063657 0.000000 
2459118.729500 0.000000 
2459120.395343 0.000000 
2459122.061185 0.000000 
2459123.727028 0.000000 
2459125.392871 -0.000000 
2459127.058713 -0.000000 
2459128.724556 -0.000000 
2459130.390398 -0.000000 
2459132.056241 0.000000 
2459133.722084 0.000000 
2459135.387926 0.000000 
2459137.053769 -0.000000 
2459138.719612 -0.000000 
2459140.385454 -0.000000 
2459142.051297 0.000000 
2459143.717140 0.000000 
2459145.382982 -0.000000 
2459147.048825 0.000000 
2459148.714667 0.000000 
2459150.380510 -0.000000 
2459152.046353 -0.000000 
2459153.712195 -0.000000 
2459155.378038 0.000000 
2459157.043881 0.000000 
2459158.709723 0.000000 
2459160.375566 0.000000 
2459162.041409 0.000000 
2459163.707251 -0.000000 
2459165.373094 0.000000 
2459167.038936 0.000000 
2459168.704779 -0.000000 
2459170.370622 -0.000000 
2459172.036464 -0.000000 
2459173.702307 0.000000 
2459175.368150 -0.000000 
2459177.033992 -0.000000 
2459178.699835 -0.000000 
2459180.365678 0.000000 
2459182.031520 0.000000 
2459183.697363 0.000000 
2459185.363205 0.000000 
2459187.029048 0.000000 
2459188.694891 0.000000 
2459190.360733 0.000000 
2459192.026576 -0.000000 
2459193.692419 -0.000000 
2459195.358261 -0.000000 
2459197.024104 -0.000000 
2459198.689947 0.000000 
2459200.355789 0.000000 
2459202.021632 -0.000000 
2459203.687474 -0.000000 
2459205.353317 0.000000 
2459207.019160 0.000000 
2459208.685002 0.000000 
2459210.350845 0.000000 
2459212.016688 0.000000 
2459213.682530 0.000000 
2459215.348373 0.000000 
2459217.014215 -0.000000 
2459218.680058 -0.000000 
2459220.345901 -0.000000 
2459222.011743 -0.000000 
2459223.677586 0.000000 
2459225.343429 0.000000 
2459227.009271 -0.000000 
2459228.675114 -0.000000 
2459230.340957 0.000000 
2459232.006799 0.000000 
2459233.672642 0.000000 
2459235.338484 0.000000 
2459237.004327 0.000000 
2459238.670170 -0.000000 
2459240.336012 -0.000000 
2459242.001855 -0.000000 
2459243.667698 0.000000 
2459245.333540 0.000000 
2459246.999383 0.000000 
2459248.665226 0.000000 
2459250.331068 0.000000 
2459251.996911 -0.000000 
2459253.662753 -0.000000 
2459255.328596 0.000000 
2459256.994439 -0.000000 
2459258.660281 -0.000000 
2459260.326124 0.000000 
2459261.991967 0.000000 
2459263.657809 -0.000000 
2459265.323652 -0.000000 
2459266.989495 -0.000000 
2459268.655337 0.000000 
2459270.321180 0.000000 
2459271.987022 0.000000 
2459273.652865 0.000000 
2459275.318708 0.000000 
2459276.984550 -0.000000 
2459278.650393 -0.000000 
2459280.316236 0.000000 
2459281.982078 -0.000000 
2459283.647921 -0.000000 
2459285.313764 0.000000 
2459286.979606 0.000000 
2459288.645449 -0.000000 
2459290.311291 -0.000001 
2459291.977134 -0.000000 
2459293.642977 0.000000 
2459295.308819 0.000000 
2459296.974662 0.000000 
2459298.640505 0.000000 
2459300.306347 0.000000 
2459301.972190 -0.000000 
2459303.638032 -0.000000 
2459305.303875 -0.000000 
2459306.969718 -0.000000 
2459308.635560 -0.000000 
2459310.301403 0.000001 
2459311.967246 0.000001 
2459313.633088 -0.000000 
2459315.298931 -0.000001 
2459316.964774 -0.000000 
2459318.630616 0.000001 
2459320.296459 0.000000 
2459321.962301 0.000000 
2459323.628144 0.000000 
2459325.293987 0.000000 
2459326.959829 -0.000000 
2459328.625672 -0.000000 
2459330.291515 -0.000000 
2459331.957357 -0.000000 
2459333.623200 0.000000 
2459335.289043 0.000001 
2459336.954885 0.000001 
2459338.620728 -0.000000 
2459340.286570 -0.000001 
2459341.952413 -0.000000 
2459343.618256 0.000001 
2459345.284098 0.000001 
2459346.949941 0.000000 
2459348.615784 0.000001 
2459350.281626 0.000001 
2459351.947469 -0.000000 
2459353.613312 -0.000001 
2459355.279154 -0.000000 
2459356.944997 0.000000 
2459358.610839 0.000001 
2459360.276682 0.000002 
2459361.942525 0.000002 
2459363.608367 0.000000 
2459365.274210 -0.000001 
2459366.940053 -0.000000 
2459368.605895 0.000001 
2459370.271738 0.000000 
2459371.937581 -0.000000 
2459373.603423 0.000000 
2459375.269266 0.000001 
2459376.935108 -0.000000 
2459378.600951 -0.000001 
2459380.266794 -0.000001 
2459381.932636 0.000000 
2459383.598479 0.000002 
2459385.264322 0.000002 
2459386.930164 0.000001 
2459388.596007 0.000001 
2459390.261850 0.000000 
2459391.927692 0.000000 
2459393.593535 0.000000 
2459395.259377 -0.000000 
2459396.925220 -0.000001 
2459398.591063 -0.000000 
2459400.256905 0.000000 
2459401.922748 0.000000 
2459403.588591 -0.000002 
2459405.254433 -0.000002 
2459406.920276 0.000001 
2459408.586118 0.000003 
2459410.251961 0.000002 
2459411.917804 0.000000 
2459413.583646 0.000001 
2459415.249489 0.000002 
2459416.915332 0.000001 
2459418.581174 -0.000001 
2459420.247017 -0.000001 
2459421.912860 -0.000001 
2459423.578702 -0.000001 
2459425.244545 -0.000000 
2459426.910387 0.000000 
2459428.576230 -0.000002 
2459430.242073 -0.000002 
2459431.907915 0.000001 
2459433.573758 0.000004 
2459435.239601 0.000003 
2459436.905443 0.000001 
2459438.571286 0.000001 
2459440.237129 0.000001 
2459441.902971 -0.000001 
2459443.568814 -0.000001 
2459445.234656 -0.000000 
2459446.900499 -0.000001 
2459448.566342 -0.000001 
2459450.232184 0.000001 
2459451.898027 0.000001 
2459453.563870 -0.000002 
2459455.229712 -0.000002 
2459456.895555 0.000001 
2459458.561398 0.000001 
2459460.227240 0.000001 
2459461.893083 0.000006 
2459463.558925 0.000007 
2459465.224768 -0.000004 
2459466.890611 -0.000011 
2459468.556453 -0.000003 
2459470.222296 0.000006 
2459471.888139 0.000003 
2459473.553981 0.000002 
2459475.219824 0.000005 
2459476.885667 0.000002 
2459478.551509 -0.000005 
2459480.217352 -0.000002 
2459481.883194 0.000001 
2459483.549037 -0.000007 
2459485.214880 -0.000003 
2459486.880722 0.000021 
2459488.546565 0.000024 
2459490.212408 -0.000014 
2459491.878250 -0.000038 
2459493.544093 -0.000010 
2459495.209935 0.000020 
2459496.875778 0.000014 
2459498.541621 0.000008 
2459500.207463 0.000018 
2459501.873306 0.000009 
2459503.539149 -0.000012 
2459505.204991 -0.000007 
2459506.870834 0.000002 
2459508.536677 -0.000018 
2459510.202519 -0.000012 
2459511.868362 0.000049 
2459513.534204 0.000062 
2459515.200047 -0.000024 
2459516.865890 -0.000084 
2459518.531732 -0.000026 
2459520.197575 0.000044 
2459521.863418 0.000034 
2459523.529260 0.000016 
2459525.195103 0.000037 
2459526.860946 0.000026 
2459528.526788 -0.000023 
2459530.192631 -0.000024 
2459531.858473 -0.000002 
2459533.524316 -0.000025 
2459535.190159 -0.000016 
2459536.856001 0.000087 
2459538.521844 0.000121 
2459540.187687 -0.000020 
2459541.853529 -0.000134 
2459543.519372 -0.000051 
2459545.185215 0.000069 
2459546.851057 0.000057 
2459548.516900 0.000020 
2459550.182742 0.000056 
2459551.848585 0.000052 
2459553.514428 -0.000032 
2459555.180270 -0.000060 
2459556.846113 -0.000020 
2459558.511956 -0.000017 
2459560.177798 0.000007 
2459561.843641 0.000131 
2459563.509484 0.000178 
2459565.175326 0.000008 
2459566.841169 -0.000149 
2459568.507011 -0.000067 
2459570.172854 0.000078 
2459571.838697 0.000063 
2459573.504539 0.000008 
2459575.170382 0.000055 
2459576.836225 0.000075 
2459578.502067 -0.000028 
2459580.167910 -0.000110 
2459581.833752 -0.000070 
2459583.499595 0.000011 
2459585.165438 0.000090 
2459586.831280 0.000182 
2459588.497123 0.000188 
2459590.162966 0.000047 
2459591.828808 -0.000076 
2459593.494651 -0.000032 
2459595.160494 0.000054 
2459596.826336 0.000025 
2459598.492179 -0.000033 
2459600.158021 0.000011 
2459601.823864 0.000069 
2459603.489707 -0.000009 
2459605.155549 -0.000155 
2459606.821392 -0.000155 
2459608.487235 0.000045 
2459610.153077 0.000244 
2459611.818920 0.000247 
2459613.484763 0.000121 
2459615.150605 0.000061 
2459616.816448 0.000088 
2459618.482290 0.000075 
2459620.148133 -0.000001 
2459621.813976 -0.000069 
2459623.479818 -0.000103 
2459625.145661 -0.000075 
2459626.811504 0.000017 
2459628.477346 0.000017 
2459630.143189 -0.000168 
2459631.809032 -0.000246 
2459633.474874 0.000060 
2459635.140717 0.000404 
2459636.806559 0.000319 
2459638.472402 0.000038 
2459640.138245 0.000055 
2459641.804087 0.000224 
2459643.469930 0.000144 
2459645.135773 -0.000070 
2459646.801615 -0.000139 
2459648.467458 -0.000145 
2459650.133301 -0.000148 
2459651.799143 -0.000028 
2459653.464986 0.000040 
2459655.130828 -0.000167 
2459656.796671 -0.000282 
2459658.462514 0.000048 
2459660.128356 0.000387 
2459661.794199 0.000315 
2459663.460042 0.000185 
2459665.125884 0.000230 
2459666.791727 0.000073 
2459668.457569 -0.000245 
2459670.123412 -0.000195 
2459671.789255 0.000064 
2459673.455097 0.000011 
2459675.120940 -0.000073 
2459676.786783 0.000141 
2459678.452625 0.000119 
2459680.118468 -0.000267 
2459681.784311 -0.000258 
2459683.450153 0.000061 
2459685.115996 -0.000058 
2459686.781838 0.000020 
2459688.447681 0.000991 
2459690.113524 0.001190 
2459691.779366 -0.000587 
2459693.445209 -0.001889 
2459695.111052 -0.000629 
2459696.776894 0.000952 
2459698.442737 0.000699 
2459700.108580 0.000320 
2459701.774422 0.000882 
2459703.440265 0.000505 
2459705.106107 -0.000679 
2459706.771950 -0.000396 
2459708.437793 0.000166 
2459710.103635 -0.001032 
2459711.769478 -0.000808 
2459713.435321 0.002896 
2459715.101163 0.003921 
2459716.767006 -0.001543 
2459718.432849 -0.005611 
2459720.098691 -0.001921 
2459721.764534 0.002864 
2459723.430376 0.002320 
2459725.096219 0.001099 
2459726.762062 0.002502 
2459728.427904 0.001678 
2459730.093747 -0.001532 
2459731.759590 -0.001308 
2459733.425432 0.000207 
2459735.091275 -0.002176 
2459736.757118 -0.001973 
2459738.422960 0.006062 
2459740.088803 0.009196 
2459741.754645 -0.001816 
2459743.420488 -0.011232 
2459745.086331 -0.004562 
2459746.752173 0.005577 
2459748.418016 0.004934 
2459750.083859 0.002003 
2459751.749701 0.004764 
2459753.415544 0.004063 
2459755.081386 -0.002556 
2459756.747229 -0.003856 
2459758.413072 -0.000609 
2459760.078914 -0.002576 
2459761.744757 -0.002054 
2459763.410600 0.010278 
2459765.076442 0.016294 
2459766.742285 -0.000039 
2459768.408128 -0.016204 
2459770.073970 -0.007867 
2459771.739813 0.007875 
2459773.405655 0.007495 
2459775.071498 0.002174 
2459776.737341 0.006341 
2459778.403183 0.007243 
2459780.069026 -0.002915 
2459781.734869 -0.008428 
2459783.400711 -0.003872 
2459785.066554 -0.001308 
2459786.732397 0.002041 
2459788.398239 0.015435 
2459790.064082 0.021839 
2459791.729924 0.003959 
2459793.395767 -0.015342 
2459795.061610 -0.008557 
2459796.727452 0.007875 
2459798.393295 0.007257 
2459800.059138 0.000103 
2459801.724980 0.004829 
2459803.390823 0.009120 
2459805.056666 -0.001687 
2459806.722508 -0.013881 
2459808.388351 -0.011127 
2459810.054193 0.001405 
2459811.720036 0.013743 
2459813.385879 0.022280 
2459815.051721 0.020766 
2459816.717564 0.007363 
2459818.383407 -0.003883 
2459820.049249 -0.001475 
2459821.715092 0.004511 
2459823.380935 0.000858 
2459825.046777 -0.005646 
2459826.712620 -0.001812 
2459828.378462 0.006445 
2459830.044305 0.000952 
2459831.710148 -0.017391 
2459833.375990 -0.021696 
2459835.041833 0.003519 
2459836.707676 0.032444 
2459838.373518 0.031739 
2459840.039361 0.011679 
2459841.705203 0.006209 
2459843.371046 0.015324 
2459845.036889 0.013297 
2459846.702731 -0.001225 
2459848.368574 -0.010899 
2459850.034417 -0.013821 
2459851.700259 -0.012088 
2459853.366102 -0.001147 
2459855.031945 0.003365 
2459856.697787 -0.017102 
2459858.363630 -0.030800 
2459860.029472 0.002909 
2459861.695315 0.047290 
2459863.361158 0.040282 
2459865.027000 0.006161 
2459866.692843 0.006382 
2459868.358686 0.024980 
2459870.024528 0.014186 
2459871.690371 -0.009655 
2459873.356214 -0.014393 
2459875.022056 -0.014756 
2459876.687899 -0.017326 
2459878.353741 -0.003111 
2459880.019584 0.006368 
2459881.685427 -0.017934 
2459883.351269 -0.032604 
2459885.017112 0.001836 
2459886.682955 0.035103 
2459888.348797 0.031711 
2459890.014640 0.035880 
2459891.680483 0.044912 
2459893.346325 -0.001625 
2459895.012168 -0.060340 
2459896.678010 -0.035144 
2459898.343853 0.023782 
2459900.009696 0.017581 
2459901.675538 -0.000859 
2459903.341381 0.029259 
2459905.007224 0.023999 
2459906.673066 -0.036015 
2459908.338909 -0.033271 
2459910.004752 0.008851 
2459911.670594 -0.028415 
2459913.336437 -0.025100 
2459915.002279 0.146907 
2459916.668122 0.207705 
2459918.333965 -0.071980 
2459919.999807 -0.307891 
2459921.665650 -0.123776 
2459923.331493 0.148968 
2459924.997335 0.128254 
2459926.663178 0.055417 
2459928.329020 0.137045 
2459929.994863 0.095861 
2459931.660706 -0.091674 
2459933.326548 -0.071603 
2459934.992391 0.026048 
2459936.658234 -0.141024 
2459938.324076 -0.151857 
2459939.989919 0.376733 
2459941.655762 0.609661 
2459943.321604 -0.129860 
2459944.987447 -0.799359 
2459946.653289 -0.349296 
2459948.319132 0.382796 
2459949.984975 0.361225 
2459951.650817 0.153394 
2459953.316660 0.340674 
2459954.982503 0.280971 
2459956.648345 -0.183608 
2459958.314188 -0.227612 
2459959.980031 0.012708 
2459961.645873 -0.246723 
2459963.311716 -0.292557 
2459964.977558 0.731406 
2459966.643401 1.301130 
2459968.309244 -0.043165 
2459969.975086 -1.444580 
2459971.640929 -0.740375 
2459973.306772 0.668485 
2459974.972614 0.696662 
2459976.638457 0.250024 
2459978.304300 0.580310 
2459979.970142 0.604708 
2459981.635985 -0.257177 
2459983.301827 -0.584870 
2459984.967670 -0.157066 
2459986.633513 -0.249183 
2459988.299355 -0.225237 
2459989.965198 1.202892 
2459991.631041 2.116407 
2459993.296883 0.300910 
2459994.962726 -1.860996 
2459996.628569 -1.120993 
2459998.294411 0.849072 
2459999.960254 0.956187 
2460001.626096 0.227089 
2460003.291939 0.667365 
2460004.957782 0.957245 
2460006.623624 -0.211303 
2460008.289467 -1.131132 
2460009.955310 -0.679202 
2460011.621152 -0.097921 
2460013.286995 0.440466 
2460014.952837 1.844996 
2460016.618680 2.596556 
2460018.284523 0.784202 
2460019.950365 -1.442173 
2460021.616208 -0.984345 
2460023.282051 0.752340 
2460024.947893 0.770215 
2460026.613736 -0.105338 
2460028.279579 0.326895 
2460029.945421 1.027649 
2460031.611264 0.010879 
2460033.277106 -1.660633 
2460034.942949 -1.667726 
2460036.608792 0.097625 
2460038.274634 2.013082 
2460039.940477 2.814253 
2460041.606320 2.228378 
2460043.272162 0.948343 
2460044.938005 0.157727 
2460046.603848 0.239899 
2460048.269690 0.363170 
2460049.935533 -0.191799 
2460051.601375 -0.880933 
2460053.267218 -0.587490 
2460054.933061 0.471905 
2460056.598903 0.299750 
2460058.264746 -1.849365 
2460059.930589 -2.892129 
2460061.596431 0.092567 
2460063.262274 4.154106 
2460064.928117 4.140455 
2460066.593959 1.156175 
2460068.259802 0.463588 
2460069.925644 2.201383 
2460071.591487 2.124405 
2460073.257330 -0.143062 
2460074.923172 -1.581855 
2460076.589015 -1.807525 
2460078.254858 -1.707482 
2460079.920700 -0.539648 
2460081.586543 0.430853 
2460083.252386 -1.600761 
2460084.918228 -3.691800 
2460086.584071 -0.192092 
2460088.249913 5.607514 
2460089.915756 5.287674 
2460091.581599 0.426126 
2460093.247441 -0.238433 
2460094.913284 3.141085 
2460096.579127 3.145875 
2460098.244969 -0.532687 
2460099.910812 -2.437633 
2460101.576654 -2.220712 
2460103.242497 -2.249392 
2460104.908340 -1.318695 
2460106.574182 0.257705 
2460108.240025 -1.186820 
2460109.905868 -3.599293 
2460111.571710 -0.543733 
2460113.237553 5.465548 
2460114.903396 5.493306 
2460116.569238 0.571206 
2460118.235081 -0.299332 
2460119.900923 2.988005 
2460121.566766 2.875925 
2460123.232609 -0.920690 
2460124.898451 -2.676484 
2460126.564294 -2.126662 
2460128.230137 -2.144731 
2460129.895979 -1.621100 
2460131.561822 -0.152804 
2460133.227665 -1.005333 
2460134.893507 -3.051110 
2460136.559350 -0.737347 
2460138.225192 4.416967 
2460139.891035 4.984189 
2460141.556878 1.331878 
2460143.222720 0.557471 
2460144.888563 2.739615 
2460146.554406 1.956003 
2460148.220248 -1.533610 
2460149.886091 -2.792444 
2460151.551934 -1.942325 
2460153.217776 -1.844818 
2460154.883619 -1.640966 
2460156.549461 -0.617508 
2460158.215304 -1.207875 
2460159.881147 -2.695265 
2460161.546989 -0.787303 
2460163.212832 3.493703 
2460164.878675 4.490368 
2460166.544517 2.298669 
2460168.210360 1.876780 
2460169.876203 2.884935 
2460171.542045 1.147202 
2460173.207888 -2.206358 
2460174.873730 -3.009470 
2460176.539573 -1.894192 
2460178.205416 -1.634376 
2460179.871258 -1.581039 
2460181.537101 -0.980130 
2460183.202944 -1.580950 
2460184.868786 -2.677556 
2460186.534629 -0.860484 
2460188.200471 2.970906 
2460189.866314 4.311127 
2460191.532157 3.128392 
2460193.197999 2.926644 
2460194.863842 3.112987 
2460196.529685 0.762307 
2460198.195527 -2.472588 
2460199.861370 -3.050088 
2460201.527213 -1.854666 
2460203.193055 -1.462030 
2460204.858898 -1.433424 
2460206.524740 -1.107430 
2460208.190583 -1.746318 
2460209.856426 -2.625623 
2460211.522268 -0.959223 
2460213.188111 2.505444 
2460214.853954 4.065753 
2460216.519796 3.432193 
2460218.185639 3.154620 
2460219.851482 2.887365 
2460221.517324 0.663211 
2460223.183167 -2.068875 
2460224.849009 -2.580695 
2460226.514852 -1.590729 
2460228.180695 -1.170668 
2460229.846537 -1.126319 
2460231.512380 -0.950516 
2460233.178223 -1.486288 
2460234.844065 -2.179686 
2460236.509908 -0.940498 
2460238.175751 1.810058 
2460239.841593 3.301050 
2460241.507436 2.983669 
2460243.173278 2.585290 
2460244.839121 2.181338 
2460246.504964 0.596363 
2460248.170806 -1.314004 
2460249.836649 -1.767358 
2460251.502492 -1.133169 
2460253.168334 -0.794333 
2460254.834177 -0.744032 
2460256.500020 -0.643509 
2460258.165862 -0.984245 
2460259.831705 -1.470402 
2460261.497547 -0.758378 
2460263.163390 1.050940 
2460264.829233 2.204190 
2460266.495075 2.087651 
2460268.160918 1.694426 
2460269.826761 1.339467 
2460271.492603 0.450492 
2460273.158446 -0.638196 
2460274.824288 -0.977321 
2460276.490131 -0.666248 
2460278.155974 -0.453613 
2460279.821816 -0.412998 
2460281.487659 -0.355151 
2460283.153502 -0.518987 
2460284.819344 -0.803709 
2460286.485187 -0.493199 
2460288.151030 0.481693 
2460289.816872 1.209609 
2460291.482715 1.198203 
2460293.148557 0.905623 
2460294.814400 0.662451 
2460296.480243 0.270129 
2460298.146085 -0.223344 
2460299.811928 -0.428452 
2460301.477771 -0.321016 
2460303.143613 -0.217286 
2460304.809456 -0.192900 
2460306.475299 -0.162545 
2460308.141141 -0.217135 
2460309.806984 -0.350825 
2460311.472826 -0.257114 
2460313.138669 0.167431 
2460314.804512 0.544566 
2460316.470354 0.566730 
2460318.136197 0.391914 
2460319.802040 0.254914 
2460321.467882 0.127852 
2460323.133725 -0.040361 
2460324.799568 -0.142668 
2460326.465410 -0.127007 
2460328.131253 -0.088099 
2460329.797095 -0.077257 
2460331.462938 -0.063939 
2460333.128781 -0.070211 
2460334.794623 -0.118265 
2460336.460466 -0.108503 
2460338.126309 0.037944 
2460339.792151 0.201833 
2460341.457994 0.223115 
2460343.123837 0.135514 
2460344.789679 0.072750 
2460346.455522 0.051898 
2460348.121364 0.011873 
2460349.787207 -0.036898 
2460351.453050 -0.047284 
2460353.118892 -0.034108 
2460354.784735 -0.030244 
2460356.450578 -0.025860 
2460358.116420 -0.018657 
2460359.782263 -0.031667 
2460361.448105 -0.042502 
2460363.113948 -0.000417 
2460364.779791 0.067750 
2460366.445633 0.082338 
2460368.111476 0.043310 
2460369.777319 0.021004 
2460371.443161 0.027538 
2460373.109004 0.015578 
2460374.774847 -0.016237 
2460376.440689 -0.027669 
2460378.106532 -0.018999 
2460379.772374 -0.016587 
2460381.438217 -0.015785 
2460383.104060 -0.008575 
2460384.769902 -0.013045 
2460386.435745 -0.024758 
2460388.101588 -0.008234 
2460389.767430 0.030592 
2460391.433273 0.043450 
2460393.099116 0.026299 
2460394.764958 0.020153 
2460396.430801 0.026350 
2460398.096643 0.010868 
2460399.762486 -0.018983 
2460401.428329 -0.027318 
2460403.094171 -0.017263 
2460404.760014 -0.013861 
2460406.425857 -0.013887 
2460408.091699 -0.009362 
2460409.757542 -0.013815 
2460411.423385 -0.023514 
2460413.089227 -0.009880 
2460414.755070 0.023072 
2460416.420912 0.037684 
2460418.086755 0.029481 
2460419.752598 0.026820 
2460421.418440 0.027821 
2460423.084283 0.008412 
2460424.750126 -0.019849 
2460426.415968 -0.026529 
2460428.081811 -0.016499 
2460429.747654 -0.012220 
2460431.413496 -0.012093 
2460433.079339 -0.009582 
2460434.745181 -0.014337 
2460436.411024 -0.022276 
2460438.076867 -0.010318 
2460439.742709 0.018594 
2460441.408552 0.034101 
2460443.074395 0.030090 
2460444.740237 0.026815 
2460446.406080 0.024526 
2460448.071922 0.007432 
2460449.737765 -0.015267 
2460451.403608 -0.021101 
2460453.069450 -0.013455 
2460454.735293 -0.009407 
2460456.401136 -0.009034 
2460458.066978 -0.007623 
2460459.732821 -0.011361 
2460461.398664 -0.017416 
2460463.064506 -0.009227 
2460464.730349 0.012449 
2460466.396191 0.026059 
2460468.062034 0.024509 
2460469.727877 0.020706 
2460471.393719 0.017498 
2460473.059562 0.006061 
2460474.725405 -0.008885 
2460476.391247 -0.013548 
2460478.057090 -0.009071 
2460479.722933 -0.006110 
2460481.388775 -0.005676 
2460483.054618 -0.004862 
2460484.720460 -0.007051 
2460486.386303 -0.011028 
2460488.052146 -0.006776 
2460489.717988 0.006602 
2460491.383831 0.016357 
2460493.049674 0.016194 
2460494.715516 0.012895 
2460496.381359 0.010129 
2460498.047202 0.004083 
2460499.713044 -0.003880 
2460501.378887 -0.006989 
2460503.044729 -0.005033 
2460504.710572 -0.003335 
2460506.376415 -0.002999 
2460508.042257 -0.002550 
2460509.708100 -0.003491 
2460511.373943 -0.005638 
2460513.039785 -0.004030 
2460514.705628 0.002702 
2460516.371471 0.008433 
2460518.037313 0.008802 
2460519.703156 0.006559 
2460521.368998 0.004694 
2460523.034841 0.002193 
2460524.700684 -0.001132 
2460526.366526 -0.002819 
2460528.032369 -0.002277 
2460529.698212 -0.001525 
2460531.364054 -0.001335 
2460533.029897 -0.001118 
2460534.695739 -0.001367 
2460536.361582 -0.002280 
2460538.027425 -0.001926 
2460539.693267 0.000785 
2460541.359110 0.003558 
2460543.024953 0.003945 
2460544.690795 0.002696 
2460546.356638 0.001670 
2460548.022481 0.000936 
2460549.688323 -0.000072 
2460551.354166 -0.000843 
2460553.020008 -0.000854 
2460554.685851 -0.000598 
2460556.351694 -0.000518 
2460558.017536 -0.000434 
2460559.683379 -0.000416 
2460561.349222 -0.000703 
2460563.015064 -0.000755 
2460564.680907 0.000099 
2460566.346750 0.001243 
2460568.012592 0.001493 
2460569.678435 0.000899 
2460571.344277 0.000443 
2460573.010120 0.000365 
2460574.675963 0.000160 
2460576.341805 -0.000206 
2460578.007648 -0.000334 
2460579.673491 -0.000245 
2460581.339333 -0.000212 
2460583.005176 -0.000192 
2460584.671019 -0.000119 
2460586.336861 -0.000184 
2460588.002704 -0.000301 
2460589.668546 -0.000069 
2460591.334389 0.000421 
2460593.000232 0.000577 
2460594.666074 0.000318 
2460596.331917 0.000159 
2460597.997760 0.000225 
2460599.663602 0.000142 
2460601.329445 -0.000127 
2460602.995288 -0.000237 
2460604.661130 -0.000163 
2460606.326973 -0.000134 
2460607.992815 -0.000134 
2460609.658658 -0.000077 
2460611.324501 -0.000103 
2460612.990343 -0.000206 
2460614.656186 -0.000097 
2460616.322029 0.000219 
2460617.987871 0.000357 
2460619.653714 0.000243 
2460621.319556 0.000193 
2460622.985399 0.000238 
2460624.651242 0.000105 
2460626.317084 -0.000159 
2460627.982927 -0.000245 
2460629.648770 -0.000157 
2460631.314612 -0.000118 
2460632.980455 -0.000120 
2460634.646298 -0.000086 
2460636.312140 -0.000119 
2460637.977983 -0.000205 
2460639.643825 -0.000106 
2460641.309668 0.000174 
2460642.975511 0.000324 
2460644.641353 0.000271 
2460646.307196 0.000241 
2460647.973039 0.000245 
2460649.638881 0.000089 
2460651.304724 -0.000154 
2460652.970567 -0.000226 
2460654.636409 -0.000145 
2460656.302252 -0.000101 
2460657.968094 -0.000100 
2460659.633937 -0.000081 
2460661.299780 -0.000115 
2460662.965622 -0.000185 
2460664.631465 -0.000103 
2460666.297308 0.000133 
2460667.963150 0.000280 
2460669.628993 0.000259 
2460671.294836 0.000224 
2460672.960678 0.000204 
2460674.626521 0.000076 
2460676.292363 -0.000108 
2460677.958206 -0.000169 
2460679.624049 -0.000112 
2460681.289891 -0.000075 
2460682.955734 -0.000071 
2460684.621577 0.000000 
