# time Tc_folded Tref_folded value value_err offset model full_model val_compare val_compare_err residuals residuals_err jitter jitter_flag offset_flag subset_flag 
2455480.529186 0.000000 0.000000 42.678630 0.007837 42.606930 0.078463 42.685393 0.071700 0.007837 -0.006763 0.007837 0.000150   1   2  -1 
2455480.529186 0.000000 0.000000 42.678630 0.007837 42.606930 0.078463 42.685393 0.071700 0.007837 -0.006763 0.007837 0.000150   1   2  -1 
2455480.532970 0.000000 0.000000 42.682233 0.007101 42.606930 0.078351 42.685281 0.075303 0.007101 -0.003048 0.007101 0.000150   1   2  -1 
2455480.532970 0.000000 0.000000 42.682233 0.007101 42.606930 0.078351 42.685281 0.075303 0.007101 -0.003048 0.007101 0.000150   1   2  -1 
2455480.536778 0.000000 0.000000 42.683918 0.007504 42.606930 0.078238 42.685168 0.076988 0.007504 -0.001250 0.007504 0.000150   1   2  -1 
2455480.536778 0.000000 0.000000 42.683918 0.007504 42.606930 0.078238 42.685168 0.076988 0.007504 -0.001250 0.007504 0.000150   1   2  -1 
2455482.554786 0.000000 0.000000 42.665032 0.005711 42.606930 0.059224 42.666154 0.058102 0.005711 -0.001122 0.005711 0.000150   1   2  -1 
2455482.554786 0.000000 0.000000 42.665032 0.005711 42.606930 0.059224 42.666154 0.058102 0.005711 -0.001122 0.005711 0.000150   1   2  -1 
2455484.542056 0.000000 0.000000 42.631912 0.008299 42.606930 0.042218 42.649148 0.024982 0.008299 -0.017236 0.008299 0.000150   1   2  -1 
2455484.542056 0.000000 0.000000 42.631912 0.008299 42.606930 0.042218 42.649148 0.024982 0.008299 -0.017236 0.008299 0.000150   1   2  -1 
2455484.545828 0.000000 0.000000 42.640434 0.008596 42.606930 0.042141 42.649071 0.033504 0.008596 -0.008637 0.008596 0.000150   1   2  -1 
2455484.545828 0.000000 0.000000 42.640434 0.008596 42.606930 0.042141 42.649071 0.033504 0.008596 -0.008637 0.008596 0.000150   1   2  -1 
2455484.549671 0.000000 0.000000 42.644720 0.008203 42.606930 0.042063 42.648993 0.037790 0.008203 -0.004273 0.008203 0.000150   1   2  -1 
2455484.549671 0.000000 0.000000 42.644720 0.008203 42.606930 0.042063 42.648993 0.037790 0.008203 -0.004273 0.008203 0.000150   1   2  -1 
2455485.527184 0.000000 0.000000 42.632996 0.006972 42.606930 0.021442 42.628372 0.026066 0.006972 0.004624 0.006972 0.000150   1   2  -1 
2455485.527184 0.000000 0.000000 42.632996 0.006972 42.606930 0.021442 42.628372 0.026066 0.006972 0.004624 0.006972 0.000150   1   2  -1 
2455485.532971 0.000000 0.000000 42.634725 0.007192 42.606930 0.021334 42.628263 0.027795 0.007192 0.006462 0.007192 0.000150   1   2  -1 
2455485.532971 0.000000 0.000000 42.634725 0.007192 42.606930 0.021334 42.628263 0.027795 0.007192 0.006462 0.007192 0.000150   1   2  -1 
2455487.543214 0.000000 0.000000 42.618664 0.006526 42.606930 0.019770 42.626699 0.011734 0.006526 -0.008035 0.006526 0.000150   1   2  -1 
2455487.543214 0.000000 0.000000 42.618664 0.006526 42.606930 0.019770 42.626699 0.011734 0.006526 -0.008035 0.006526 0.000150   1   2  -1 
2455487.548897 0.000000 0.000000 42.624810 0.006483 42.606930 0.019871 42.626801 0.017880 0.006483 -0.001991 0.006483 0.000150   1   2  -1 
2455487.548897 0.000000 0.000000 42.624810 0.006483 42.606930 0.019871 42.626801 0.017880 0.006483 -0.001991 0.006483 0.000150   1   2  -1 
2455493.544252 0.000000 0.000000 42.625062 0.006400 42.606930 0.017559 42.624489 0.018132 0.006400 0.000573 0.006400 0.000150   1   2  -1 
2455493.544252 0.000000 0.000000 42.625062 0.006400 42.606930 0.017559 42.624489 0.018132 0.006400 0.000573 0.006400 0.000150   1   2  -1 
2455493.550478 0.000000 0.000000 42.619549 0.006539 42.606930 0.017576 42.624505 0.012619 0.006539 -0.004956 0.006539 0.000150   1   2  -1 
2455493.550478 0.000000 0.000000 42.619549 0.006539 42.606930 0.017576 42.624505 0.012619 0.006539 -0.004956 0.006539 0.000150   1   2  -1 
2455495.535877 0.000000 0.000000 42.636521 0.006475 42.606930 0.024618 42.631547 0.029591 0.006475 0.004974 0.006475 0.000150   1   2  -1 
2455495.535877 0.000000 0.000000 42.636521 0.006475 42.606930 0.024618 42.631547 0.029591 0.006475 0.004974 0.006475 0.000150   1   2  -1 
2455495.541664 0.000000 0.000000 42.626149 0.006865 42.606930 0.024605 42.631535 0.019219 0.006865 -0.005386 0.006865 0.000150   1   2  -1 
2455495.541664 0.000000 0.000000 42.626149 0.006865 42.606930 0.024605 42.631535 0.019219 0.006865 -0.005386 0.006865 0.000150   1   2  -1 
2455498.517820 0.000000 0.000000 42.639249 0.010712 42.606930 0.016068 42.622997 0.032319 0.010712 0.016252 0.010712 0.000150   1   2  -1 
2455498.517820 0.000000 0.000000 42.639249 0.010712 42.606930 0.016068 42.622997 0.032319 0.010712 0.016252 0.010712 0.000150   1   2  -1 
2455498.523445 0.000000 0.000000 42.616909 0.009684 42.606930 0.016133 42.623063 0.009979 0.009684 -0.006154 0.009684 0.000150   1   2  -1 
2455498.523445 0.000000 0.000000 42.616909 0.009684 42.606930 0.016133 42.623063 0.009979 0.009684 -0.006154 0.009684 0.000150   1   2  -1 
2455500.544007 0.000000 0.000000 42.662530 0.005516 42.606930 0.056943 42.663873 0.055600 0.005516 -0.001343 0.005516 0.000150   1   2  -1 
2455500.544007 0.000000 0.000000 42.662530 0.005516 42.606930 0.056943 42.663873 0.055600 0.005516 -0.001343 0.005516 0.000150   1   2  -1 
2455500.549389 0.000000 0.000000 42.658215 0.006006 42.606930 0.057046 42.663976 0.051285 0.006006 -0.005761 0.006006 0.000150   1   2  -1 
2455500.549389 0.000000 0.000000 42.658215 0.006006 42.606930 0.057046 42.663976 0.051285 0.006006 -0.005761 0.006006 0.000150   1   2  -1 
2455501.547102 0.000000 0.000000 42.675540 0.004884 42.606930 0.069375 42.676305 0.068610 0.004884 -0.000765 0.004884 0.000150   1   2  -1 
2455501.547102 0.000000 0.000000 42.675540 0.004884 42.606930 0.069375 42.676305 0.068610 0.004884 -0.000765 0.004884 0.000150   1   2  -1 
2455501.552738 0.000000 0.000000 42.684584 0.004667 42.606930 0.069402 42.676332 0.077654 0.004667 0.008252 0.004667 0.000150   1   2  -1 
2455501.552738 0.000000 0.000000 42.684584 0.004667 42.606930 0.069402 42.676332 0.077654 0.004667 0.008252 0.004667 0.000150   1   2  -1 
2455505.514789 0.000000 0.000000 42.689921 0.005555 42.606930 0.082467 42.689397 0.082991 0.005555 0.000524 0.005555 0.000150   1   2  -1 
2455505.514789 0.000000 0.000000 42.689921 0.005555 42.606930 0.082467 42.689397 0.082991 0.005555 0.000524 0.005555 0.000150   1   2  -1 
2455505.520425 0.000000 0.000000 42.688597 0.005498 42.606930 0.082578 42.689508 0.081667 0.005498 -0.000911 0.005498 0.000150   1   2  -1 
2455505.520425 0.000000 0.000000 42.688597 0.005498 42.606930 0.082578 42.689508 0.081667 0.005498 -0.000911 0.005498 0.000150   1   2  -1 
2455507.517142 0.000000 0.000000 42.714840 0.004276 42.606930 0.108417 42.715347 0.107910 0.004276 -0.000507 0.004276 0.000150   1   2  -1 
2455507.517142 0.000000 0.000000 42.714840 0.004276 42.606930 0.108417 42.715347 0.107910 0.004276 -0.000507 0.004276 0.000150   1   2  -1 
2455507.522824 0.000000 0.000000 42.722966 0.004360 42.606930 0.108415 42.715345 0.116036 0.004360 0.007621 0.004360 0.000150   1   2  -1 
2455507.522824 0.000000 0.000000 42.722966 0.004360 42.606930 0.108415 42.715345 0.116036 0.004360 0.007621 0.004360 0.000150   1   2  -1 
2455509.518050 0.000000 0.000000 42.697772 0.006136 42.606930 0.088461 42.695391 0.090842 0.006136 0.002381 0.006136 0.000150   1   2  -1 
2455509.518050 0.000000 0.000000 42.697772 0.006136 42.606930 0.088461 42.695391 0.090842 0.006136 0.002381 0.006136 0.000150   1   2  -1 
2455509.523524 0.000000 0.000000 42.685875 0.005725 42.606930 0.088398 42.695327 0.078945 0.005725 -0.009452 0.005725 0.000150   1   2  -1 
2455509.523524 0.000000 0.000000 42.685875 0.005725 42.606930 0.088398 42.695327 0.078945 0.005725 -0.009452 0.005725 0.000150   1   2  -1 
2455511.516449 0.000000 0.000000 42.697523 0.006430 42.606930 0.081076 42.688006 0.090593 0.006430 0.009517 0.006430 0.000150   1   2  -1 
2455511.516449 0.000000 0.000000 42.697523 0.006430 42.606930 0.081076 42.688006 0.090593 0.006430 0.009517 0.006430 0.000150   1   2  -1 
2455511.521935 0.000000 0.000000 42.687454 0.006401 42.606930 0.081089 42.688019 0.080524 0.006401 -0.000565 0.006401 0.000150   1   2  -1 
2455511.521935 0.000000 0.000000 42.687454 0.006401 42.606930 0.081089 42.688019 0.080524 0.006401 -0.000565 0.006401 0.000150   1   2  -1 
2455513.504562 0.000000 0.000000 42.681109 0.006751 42.606930 0.080418 42.687348 0.074179 0.006751 -0.006239 0.006751 0.000150   1   2  -1 
2455513.504562 0.000000 0.000000 42.681109 0.006751 42.606930 0.080418 42.687348 0.074179 0.006751 -0.006239 0.006751 0.000150   1   2  -1 
2455513.510244 0.000000 0.000000 42.687281 0.007118 42.606930 0.080392 42.687322 0.080351 0.007118 -0.000041 0.007118 0.000150   1   2  -1 
2455513.510244 0.000000 0.000000 42.687281 0.007118 42.606930 0.080392 42.687322 0.080351 0.007118 -0.000041 0.007118 0.000150   1   2  -1 
2455514.505835 0.000000 0.000000 42.689027 0.005420 42.606930 0.076112 42.683041 0.082097 0.005420 0.005986 0.005420 0.000150   1   2  -1 
2455514.505835 0.000000 0.000000 42.689027 0.005420 42.606930 0.076112 42.683041 0.082097 0.005420 0.005986 0.005420 0.000150   1   2  -1 
2455514.511356 0.000000 0.000000 42.674271 0.005514 42.606930 0.076097 42.683026 0.067341 0.005514 -0.008755 0.005514 0.000150   1   2  -1 
2455514.511356 0.000000 0.000000 42.674271 0.005514 42.606930 0.076097 42.683026 0.067341 0.005514 -0.008755 0.005514 0.000150   1   2  -1 
2455519.503938 0.000000 0.000000 42.614706 0.008338 42.606930 0.015000 42.621930 0.007776 0.008338 -0.007224 0.008338 0.000150   1   2  -1 
2455519.503938 0.000000 0.000000 42.614706 0.008338 42.606930 0.015000 42.621930 0.007776 0.008338 -0.007224 0.008338 0.000150   1   2  -1 
2455519.508811 0.000000 0.000000 42.626018 0.008037 42.606930 0.014770 42.621699 0.019088 0.008037 0.004319 0.008037 0.000150   1   2  -1 
2455519.508811 0.000000 0.000000 42.626018 0.008037 42.606930 0.014770 42.621699 0.019088 0.008037 0.004319 0.008037 0.000150   1   2  -1 
2455523.508036 0.000000 0.000000 42.624970 0.006695 42.606930 0.014724 42.621654 0.018040 0.006695 0.003316 0.006695 0.000150   1   2  -1 
2455523.508036 0.000000 0.000000 42.624970 0.006695 42.606930 0.014724 42.621654 0.018040 0.006695 0.003316 0.006695 0.000150   1   2  -1 
2455523.513036 0.000000 0.000000 42.620591 0.006985 42.606930 0.014854 42.621783 0.013661 0.006985 -0.001192 0.006985 0.000150   1   2  -1 
2455523.513036 0.000000 0.000000 42.620591 0.006985 42.606930 0.014854 42.621783 0.013661 0.006985 -0.001192 0.006985 0.000150   1   2  -1 
2455524.521481 0.000000 0.000000 42.630332 0.005389 42.606930 0.022100 42.629029 0.023402 0.005389 0.001303 0.005389 0.000150   1   2  -1 
2455524.521481 0.000000 0.000000 42.630332 0.005389 42.606930 0.022100 42.629029 0.023402 0.005389 0.001303 0.005389 0.000150   1   2  -1 
2455524.526446 0.000000 0.000000 42.626973 0.005473 42.606930 0.022026 42.628955 0.020043 0.005473 -0.001982 0.005473 0.000150   1   2  -1 
2455524.526446 0.000000 0.000000 42.626973 0.005473 42.606930 0.022026 42.628955 0.020043 0.005473 -0.001982 0.005473 0.000150   1   2  -1 
2455653.900831 0.000000 0.000000 42.617108 0.006008 42.606930 0.006884 42.613813 0.010178 0.006008 0.003295 0.006008 0.000150   1   2  -1 
2455653.900831 0.000000 0.000000 42.617108 0.006008 42.606930 0.006884 42.613813 0.010178 0.006008 0.003295 0.006008 0.000150   1   2  -1 
2455653.906410 0.000000 0.000000 42.610749 0.005940 42.606930 0.006839 42.613768 0.003819 0.005940 -0.003019 0.005940 0.000150   1   2  -1 
2455653.906410 0.000000 0.000000 42.610749 0.005940 42.606930 0.006839 42.613768 0.003819 0.005940 -0.003019 0.005940 0.000150   1   2  -1 
2455654.900357 0.000000 0.000000 42.604997 0.006569 42.606930 0.005559 42.612488 -0.001933 0.006569 -0.007491 0.006569 0.000150   1   2  -1 
2455654.900357 0.000000 0.000000 42.604997 0.006569 42.606930 0.005559 42.612488 -0.001933 0.006569 -0.007491 0.006569 0.000150   1   2  -1 
2455654.905936 0.000000 0.000000 42.613912 0.005901 42.606930 0.005581 42.612510 0.006982 0.005901 0.001402 0.005901 0.000150   1   2  -1 
2455654.905936 0.000000 0.000000 42.613912 0.005901 42.606930 0.005581 42.612510 0.006982 0.005901 0.001402 0.005901 0.000150   1   2  -1 
2455657.909222 0.000000 0.000000 42.626985 0.004887 42.606930 0.021737 42.628667 0.020055 0.004887 -0.001682 0.004887 0.000150   1   2  -1 
2455657.909222 0.000000 0.000000 42.626985 0.004887 42.606930 0.021737 42.628667 0.020055 0.004887 -0.001682 0.004887 0.000150   1   2  -1 
2455657.914813 0.000000 0.000000 42.629982 0.005097 42.606930 0.021755 42.628684 0.023052 0.005097 0.001298 0.005097 0.000150   1   2  -1 
2455657.914813 0.000000 0.000000 42.629982 0.005097 42.606930 0.021755 42.628684 0.023052 0.005097 0.001298 0.005097 0.000150   1   2  -1 
2455659.907949 0.000000 0.000000 42.633674 0.006208 42.606930 0.024040 42.630970 0.026744 0.006208 0.002704 0.006208 0.000150   1   2  -1 
2455659.907949 0.000000 0.000000 42.633674 0.006208 42.606930 0.024040 42.630970 0.026744 0.006208 0.002704 0.006208 0.000150   1   2  -1 
2455659.913540 0.000000 0.000000 42.620672 0.006479 42.606930 0.024031 42.630960 0.013742 0.006479 -0.010288 0.006479 0.000150   1   2  -1 
2455659.913540 0.000000 0.000000 42.620672 0.006479 42.606930 0.024031 42.630960 0.013742 0.006479 -0.010288 0.006479 0.000150   1   2  -1 
2455660.901884 0.000000 0.000000 42.630749 0.004053 42.606930 0.020752 42.627682 0.023819 0.004053 0.003067 0.004053 0.000150   1   2  -1 
2455660.901884 0.000000 0.000000 42.630749 0.004053 42.606930 0.020752 42.627682 0.023819 0.004053 0.003067 0.004053 0.000150   1   2  -1 
2455662.902485 0.000000 0.000000 42.621083 0.007656 42.606930 0.021247 42.628177 0.014153 0.007656 -0.007094 0.007656 0.000150   1   2  -1 
2455662.902485 0.000000 0.000000 42.621083 0.007656 42.606930 0.021247 42.628177 0.014153 0.007656 -0.007094 0.007656 0.000150   1   2  -1 
2455662.908180 0.000000 0.000000 42.626484 0.007336 42.606930 0.021313 42.628242 0.019554 0.007336 -0.001758 0.007336 0.000150   1   2  -1 
2455662.908180 0.000000 0.000000 42.626484 0.007336 42.606930 0.021313 42.628242 0.019554 0.007336 -0.001758 0.007336 0.000150   1   2  -1 
2455663.839263 0.000000 0.000000 42.663681 0.014016 42.606930 0.039911 42.646841 0.056751 0.014016 0.016840 0.014016 0.000150   1   2  -1 
2455663.839263 0.000000 0.000000 42.663681 0.014016 42.606930 0.039911 42.646841 0.056751 0.014016 0.016840 0.014016 0.000150   1   2  -1 
2455672.897729 0.000000 0.000000 42.665475 0.005276 42.606930 0.055006 42.661936 0.058545 0.005276 0.003539 0.005276 0.000150   1   2  -1 
2455672.897729 0.000000 0.000000 42.665475 0.005276 42.606930 0.055006 42.661936 0.058545 0.005276 0.003539 0.005276 0.000150   1   2  -1 
2455672.902775 0.000000 0.000000 42.661875 0.004851 42.606930 0.055329 42.662259 0.054945 0.004851 -0.000384 0.004851 0.000150   1   2  -1 
2455672.902775 0.000000 0.000000 42.661875 0.004851 42.606930 0.055329 42.662259 0.054945 0.004851 -0.000384 0.004851 0.000150   1   2  -1 
2455675.905453 0.000000 0.000000 42.699172 0.003410 42.606930 0.090818 42.697748 0.092242 0.003410 0.001424 0.003410 0.000150   1   2  -1 
2455675.905453 0.000000 0.000000 42.699172 0.003410 42.606930 0.090818 42.697748 0.092242 0.003410 0.001424 0.003410 0.000150   1   2  -1 
2455679.879903 0.000000 0.000000 42.667865 0.004071 42.606930 0.059053 42.665982 0.060935 0.004071 0.001883 0.004071 0.000150   1   2  -1 
2455679.879903 0.000000 0.000000 42.667865 0.004071 42.606930 0.059053 42.665982 0.060935 0.004071 0.001883 0.004071 0.000150   1   2  -1 
2455679.885123 0.000000 0.000000 42.665171 0.004145 42.606930 0.059188 42.666118 0.058241 0.004145 -0.000947 0.004145 0.000150   1   2  -1 
2455679.885123 0.000000 0.000000 42.665171 0.004145 42.606930 0.059188 42.666118 0.058241 0.004145 -0.000947 0.004145 0.000150   1   2  -1 
2455712.893679 0.000000 0.000000 42.666045 0.004521 42.606930 0.058904 42.665834 0.059115 0.004521 0.000211 0.004521 0.000150   1   2  -1 
2455712.893679 0.000000 0.000000 42.666045 0.004521 42.606930 0.058904 42.665834 0.059115 0.004521 0.000211 0.004521 0.000150   1   2  -1 
2455715.864679 0.000000 0.000000 42.648431 0.011001 42.606930 0.043060 42.649990 0.041501 0.011001 -0.001559 0.011001 0.000150   1   2  -1 
2455715.864679 0.000000 0.000000 42.648431 0.011001 42.606930 0.043060 42.649990 0.041501 0.011001 -0.001559 0.011001 0.000150   1   2  -1 
2455715.867376 0.000000 0.000000 42.650666 0.011448 42.606930 0.043042 42.649972 0.043736 0.011448 0.000694 0.011448 0.000150   1   2  -1 
2455715.867376 0.000000 0.000000 42.650666 0.011448 42.606930 0.043042 42.649972 0.043736 0.011448 0.000694 0.011448 0.000150   1   2  -1 
2455715.869992 0.000000 0.000000 42.647207 0.011592 42.606930 0.043025 42.649954 0.040277 0.011592 -0.002747 0.011592 0.000150   1   2  -1 
2455715.869992 0.000000 0.000000 42.647207 0.011592 42.606930 0.043025 42.649954 0.040277 0.011592 -0.002747 0.011592 0.000150   1   2  -1 
2455715.872747 0.000000 0.000000 42.655209 0.011980 42.606930 0.043006 42.649936 0.048279 0.011980 0.005273 0.011980 0.000150   1   2  -1 
2455715.872747 0.000000 0.000000 42.655209 0.011980 42.606930 0.043006 42.649936 0.048279 0.011980 0.005273 0.011980 0.000150   1   2  -1 
2455727.859452 0.000000 0.000000 42.598474 0.008523 42.606930 -0.004875 42.602055 -0.008456 0.008523 -0.003581 0.008523 0.000150   1   2  -1 
2455727.859452 0.000000 0.000000 42.598474 0.008523 42.606930 -0.004875 42.602055 -0.008456 0.008523 -0.003581 0.008523 0.000150   1   2  -1 
2455727.863145 0.000000 0.000000 42.604216 0.008337 42.606930 -0.004952 42.601978 -0.002714 0.008337 0.002238 0.008337 0.000150   1   2  -1 
2455727.863145 0.000000 0.000000 42.604216 0.008337 42.606930 -0.004952 42.601978 -0.002714 0.008337 0.002238 0.008337 0.000150   1   2  -1 
2455727.866953 0.000000 0.000000 42.603133 0.009032 42.606930 -0.005031 42.601899 -0.003797 0.009032 0.001234 0.009032 0.000150   1   2  -1 
2455727.866953 0.000000 0.000000 42.603133 0.009032 42.606930 -0.005031 42.601899 -0.003797 0.009032 0.001234 0.009032 0.000150   1   2  -1 
2455735.809170 0.000000 0.000000 42.641260 0.004244 42.606930 0.034384 42.641314 0.034330 0.004244 -0.000054 0.004244 0.000150   1   2  -1 
2455735.809170 0.000000 0.000000 42.641260 0.004244 42.606930 0.034384 42.641314 0.034330 0.004244 -0.000054 0.004244 0.000150   1   2  -1 
2455754.777241 0.000000 0.000000 42.617218 0.008805 42.606930 0.009138 42.616067 0.010288 0.008805 0.001151 0.008805 0.000150   1   2  -1 
2455754.777241 0.000000 0.000000 42.617218 0.008805 42.606930 0.009138 42.616067 0.010288 0.008805 0.001151 0.008805 0.000150   1   2  -1 
2455755.755721 0.000000 0.000000 42.623208 0.006203 42.606930 0.016507 42.623437 0.016278 0.006203 -0.000229 0.006203 0.000150   1   2  -1 
2455755.755721 0.000000 0.000000 42.623208 0.006203 42.606930 0.016507 42.623437 0.016278 0.006203 -0.000229 0.006203 0.000150   1   2  -1 
2455769.736300 0.000000 0.000000 42.647596 0.005467 42.606930 0.035610 42.642540 0.040666 0.005467 0.005056 0.005467 0.000150   1   2  -1 
2455769.736300 0.000000 0.000000 42.647596 0.005467 42.606930 0.035610 42.642540 0.040666 0.005467 0.005056 0.005467 0.000150   1   2  -1 
2455769.742075 0.000000 0.000000 42.635470 0.006215 42.606930 0.035262 42.642192 0.028540 0.006215 -0.006722 0.006215 0.000150   1   2  -1 
2455769.742075 0.000000 0.000000 42.635470 0.006215 42.606930 0.035262 42.642192 0.028540 0.006215 -0.006722 0.006215 0.000150   1   2  -1 
2455776.628483 0.000000 0.000000 42.634234 0.005747 42.606930 0.025349 42.632278 0.027304 0.005747 0.001956 0.005747 0.000150   1   2  -1 
2455776.628483 0.000000 0.000000 42.634234 0.005747 42.606930 0.025349 42.632278 0.027304 0.005747 0.001956 0.005747 0.000150   1   2  -1 
2455782.624998 0.000000 0.000000 42.627798 0.006141 42.606930 0.021560 42.628490 0.020868 0.006141 -0.000692 0.006141 0.000150   1   2  -1 
2455782.624998 0.000000 0.000000 42.627798 0.006141 42.606930 0.021560 42.628490 0.020868 0.006141 -0.000692 0.006141 0.000150   1   2  -1 
2455784.737667 0.000000 0.000000 42.676359 0.004400 42.606930 0.068379 42.675309 0.069429 0.004400 0.001050 0.004400 0.000150   1   2  -1 
2455784.737667 0.000000 0.000000 42.676359 0.004400 42.606930 0.068379 42.675309 0.069429 0.004400 0.001050 0.004400 0.000150   1   2  -1 
2455801.526698 0.000000 0.000000 42.608463 0.010272 42.606930 0.007880 42.614810 0.001533 0.010272 -0.006347 0.010272 0.000150   1   2  -1 
2455801.526698 0.000000 0.000000 42.608463 0.010272 42.606930 0.007880 42.614810 0.001533 0.010272 -0.006347 0.010272 0.000150   1   2  -1 
2455801.531628 0.000000 0.000000 42.624250 0.009498 42.606930 0.007717 42.614647 0.017320 0.009498 0.009603 0.009498 0.000150   1   2  -1 
2455801.531628 0.000000 0.000000 42.624250 0.009498 42.606930 0.007717 42.614647 0.017320 0.009498 0.009603 0.009498 0.000150   1   2  -1 
2455804.632333 0.000000 0.000000 42.632186 0.009041 42.606930 0.026262 42.633192 0.025256 0.009041 -0.001006 0.009041 0.000150   1   2  -1 
2455804.632333 0.000000 0.000000 42.632186 0.009041 42.606930 0.026262 42.633192 0.025256 0.009041 -0.001006 0.009041 0.000150   1   2  -1 
2455804.637669 0.000000 0.000000 42.638924 0.008328 42.606930 0.026404 42.633334 0.031994 0.008328 0.005590 0.008328 0.000150   1   2  -1 
2455804.637669 0.000000 0.000000 42.638924 0.008328 42.606930 0.026404 42.633334 0.031994 0.008328 0.005590 0.008328 0.000150   1   2  -1 
2455807.626267 0.000000 0.000000 42.667326 0.007792 42.606930 0.050198 42.657127 0.060396 0.007792 0.010199 0.007792 0.000150   1   2  -1 
2455807.626267 0.000000 0.000000 42.667326 0.007792 42.606930 0.050198 42.657127 0.060396 0.007792 0.010199 0.007792 0.000150   1   2  -1 
2455807.631162 0.000000 0.000000 42.648843 0.007153 42.606930 0.050182 42.657112 0.041913 0.007153 -0.008269 0.007153 0.000150   1   2  -1 
2455807.631162 0.000000 0.000000 42.648843 0.007153 42.606930 0.050182 42.657112 0.041913 0.007153 -0.008269 0.007153 0.000150   1   2  -1 
2455810.581550 0.000000 0.000000 42.629952 0.006085 42.606930 0.029154 42.636084 0.023022 0.006085 -0.006132 0.006085 0.000150   1   2  -1 
2455810.581550 0.000000 0.000000 42.629952 0.006085 42.606930 0.029154 42.636084 0.023022 0.006085 -0.006132 0.006085 0.000150   1   2  -1 
2455810.586723 0.000000 0.000000 42.639542 0.006434 42.606930 0.029021 42.635951 0.032612 0.006434 0.003591 0.006434 0.000150   1   2  -1 
2455810.586723 0.000000 0.000000 42.639542 0.006434 42.606930 0.029021 42.635951 0.032612 0.006434 0.003591 0.006434 0.000150   1   2  -1 
2455816.587002 0.000000 0.000000 42.688457 0.007744 42.606930 0.079257 42.686186 0.081527 0.007744 0.002271 0.007744 0.000150   1   2  -1 
2455816.587002 0.000000 0.000000 42.688457 0.007744 42.606930 0.079257 42.686186 0.081527 0.007744 0.002271 0.007744 0.000150   1   2  -1 
2455816.590578 0.000000 0.000000 42.687190 0.007180 42.606930 0.079496 42.686426 0.080260 0.007180 0.000764 0.007180 0.000150   1   2  -1 
2455816.590578 0.000000 0.000000 42.687190 0.007180 42.606930 0.079496 42.686426 0.080260 0.007180 0.000764 0.007180 0.000150   1   2  -1 
2455816.594154 0.000000 0.000000 42.680759 0.007072 42.606930 0.079735 42.686665 0.073829 0.007072 -0.005906 0.007072 0.000150   1   2  -1 
2455816.594154 0.000000 0.000000 42.680759 0.007072 42.606930 0.079735 42.686665 0.073829 0.007072 -0.005906 0.007072 0.000150   1   2  -1 
2455834.622073 0.000000 0.000000 42.680106 0.004658 42.606930 0.073470 42.680400 0.073176 0.004658 -0.000294 0.004658 0.000150   1   2  -1 
2455834.622073 0.000000 0.000000 42.680106 0.004658 42.606930 0.073470 42.680400 0.073176 0.004658 -0.000294 0.004658 0.000150   1   2  -1 
2455834.627593 0.000000 0.000000 42.682339 0.004652 42.606930 0.073490 42.680419 0.075409 0.004652 0.001920 0.004652 0.000150   1   2  -1 
2455834.627593 0.000000 0.000000 42.682339 0.004652 42.606930 0.073490 42.680419 0.075409 0.004652 0.001920 0.004652 0.000150   1   2  -1 
2455836.585712 0.000000 0.000000 42.674249 0.005491 42.606930 0.067908 42.674838 0.067319 0.005491 -0.000589 0.005491 0.000150   1   2  -1 
2455836.585712 0.000000 0.000000 42.674249 0.005491 42.606930 0.067908 42.674838 0.067319 0.005491 -0.000589 0.005491 0.000150   1   2  -1 
2455836.591440 0.000000 0.000000 42.672726 0.005479 42.606930 0.067850 42.674780 0.065796 0.005479 -0.002054 0.005479 0.000150   1   2  -1 
2455836.591440 0.000000 0.000000 42.672726 0.005479 42.606930 0.067850 42.674780 0.065796 0.005479 -0.002054 0.005479 0.000150   1   2  -1 
2455839.585007 0.000000 0.000000 42.618186 0.007343 42.606930 0.014390 42.621320 0.011256 0.007343 -0.003134 0.007343 0.000150   1   2  -1 
2455839.585007 0.000000 0.000000 42.618186 0.007343 42.606930 0.014390 42.621320 0.011256 0.007343 -0.003134 0.007343 0.000150   1   2  -1 
2455839.590794 0.000000 0.000000 42.621079 0.007421 42.606930 0.014286 42.621215 0.014149 0.007421 -0.000136 0.007421 0.000150   1   2  -1 
2455839.590794 0.000000 0.000000 42.621079 0.007421 42.606930 0.014286 42.621215 0.014149 0.007421 -0.000136 0.007421 0.000150   1   2  -1 
2455842.549547 0.000000 0.000000 42.602644 0.008603 42.606930 -0.000209 42.606720 -0.004286 0.008603 -0.004076 0.008603 0.000150   1   2  -1 
2455842.549547 0.000000 0.000000 42.602644 0.008603 42.606930 -0.000209 42.606720 -0.004286 0.008603 -0.004076 0.008603 0.000150   1   2  -1 
2455842.555033 0.000000 0.000000 42.608724 0.007045 42.606930 -0.000170 42.606760 0.001794 0.007045 0.001964 0.007045 0.000150   1   2  -1 
2455842.555033 0.000000 0.000000 42.608724 0.007045 42.606930 -0.000170 42.606760 0.001794 0.007045 0.001964 0.007045 0.000150   1   2  -1 
2455845.575633 0.000000 0.000000 42.606501 0.008615 42.606930 0.007689 42.614619 -0.000429 0.008615 -0.008118 0.008615 0.000150   1   2  -1 
2455845.575633 0.000000 0.000000 42.606501 0.008615 42.606930 0.007689 42.614619 -0.000429 0.008615 -0.008118 0.008615 0.000150   1   2  -1 
2455845.581258 0.000000 0.000000 42.618383 0.007442 42.606930 0.007644 42.614574 0.011453 0.007442 0.003809 0.007442 0.000150   1   2  -1 
2455845.581258 0.000000 0.000000 42.618383 0.007442 42.606930 0.007644 42.614574 0.011453 0.007442 0.003809 0.007442 0.000150   1   2  -1 
2455870.498785 0.000000 0.000000 42.675995 0.005895 42.606930 0.072168 42.679098 0.069065 0.005895 -0.003103 0.005895 0.000150   1   2  -1 
2455870.498785 0.000000 0.000000 42.675995 0.005895 42.606930 0.072168 42.679098 0.069065 0.005895 -0.003103 0.005895 0.000150   1   2  -1 
2455870.504422 0.000000 0.000000 42.685524 0.005797 42.606930 0.072423 42.679353 0.078594 0.005797 0.006171 0.005797 0.000150   1   2  -1 
2455870.504422 0.000000 0.000000 42.685524 0.005797 42.606930 0.072423 42.679353 0.078594 0.005797 0.006171 0.005797 0.000150   1   2  -1 
2455874.532217 0.000000 0.000000 42.651657 0.008291 42.606930 0.048167 42.655097 0.044727 0.008291 -0.003440 0.008291 0.000150   1   2  -1 
2455874.532217 0.000000 0.000000 42.651657 0.008291 42.606930 0.048167 42.655097 0.044727 0.008291 -0.003440 0.008291 0.000150   1   2  -1 
2455874.537437 0.000000 0.000000 42.673521 0.011220 42.606930 0.048132 42.655062 0.066591 0.011220 0.018459 0.011220 0.000150   1   2  -1 
2455874.537437 0.000000 0.000000 42.673521 0.011220 42.606930 0.048132 42.655062 0.066591 0.011220 0.018459 0.011220 0.000150   1   2  -1 
2455878.549549 0.000000 0.000000 42.671550 0.010981 42.606930 0.081086 42.688016 0.064620 0.010981 -0.016466 0.010981 0.000150   1   2  -1 
2455878.549549 0.000000 0.000000 42.671550 0.010981 42.606930 0.081086 42.688016 0.064620 0.010981 -0.016466 0.010981 0.000150   1   2  -1 
2455878.554965 0.000000 0.000000 42.703862 0.010662 42.606930 0.080968 42.687898 0.096932 0.010662 0.015964 0.010662 0.000150   1   2  -1 
2455878.554965 0.000000 0.000000 42.703862 0.010662 42.606930 0.080968 42.687898 0.096932 0.010662 0.015964 0.010662 0.000150   1   2  -1 
2456020.892743 0.000000 0.000000 42.629873 0.006459 42.606930 0.020442 42.627372 0.022943 0.006459 0.002501 0.006459 0.000150   1   2  -1 
2456020.892743 0.000000 0.000000 42.629873 0.006459 42.606930 0.020442 42.627372 0.022943 0.006459 0.002501 0.006459 0.000150   1   2  -1 
2456020.898160 0.000000 0.000000 42.624744 0.006305 42.606930 0.020528 42.627458 0.017814 0.006305 -0.002714 0.006305 0.000150   1   2  -1 
2456020.898160 0.000000 0.000000 42.624744 0.006305 42.606930 0.020528 42.627458 0.017814 0.006305 -0.002714 0.006305 0.000150   1   2  -1 
2456022.889397 0.000000 0.000000 42.626724 0.008025 42.606930 0.017402 42.624332 0.019794 0.008025 0.002392 0.008025 0.000150   1   2  -1 
2456022.889397 0.000000 0.000000 42.626724 0.008025 42.606930 0.017402 42.624332 0.019794 0.008025 0.002392 0.008025 0.000150   1   2  -1 
2456022.894884 0.000000 0.000000 42.623106 0.008980 42.606930 0.017347 42.624277 0.016176 0.008980 -0.001171 0.008980 0.000150   1   2  -1 
2456022.894884 0.000000 0.000000 42.623106 0.008980 42.606930 0.017347 42.624277 0.016176 0.008980 -0.001171 0.008980 0.000150   1   2  -1 
2456024.891353 0.000000 0.000000 42.624775 0.006917 42.606930 0.021949 42.628879 0.017845 0.006917 -0.004104 0.006917 0.000150   1   2  -1 
2456024.891353 0.000000 0.000000 42.624775 0.006917 42.606930 0.021949 42.628879 0.017845 0.006917 -0.004104 0.006917 0.000150   1   2  -1 
2456024.897048 0.000000 0.000000 42.630184 0.006568 42.606930 0.022047 42.628976 0.023254 0.006568 0.001208 0.006568 0.000150   1   2  -1 
2456024.897048 0.000000 0.000000 42.630184 0.006568 42.606930 0.022047 42.628976 0.023254 0.006568 0.001208 0.006568 0.000150   1   2  -1 
2456028.922257 0.000000 0.000000 42.630176 0.005572 42.606930 0.023390 42.630320 0.023246 0.005572 -0.000144 0.005572 0.000150   1   2  -1 
2456028.922257 0.000000 0.000000 42.630176 0.005572 42.606930 0.023390 42.630320 0.023246 0.005572 -0.000144 0.005572 0.000150   1   2  -1 
2456029.892891 0.000000 0.000000 42.610904 0.008770 42.606930 0.003962 42.610892 0.003974 0.008770 0.000012 0.008770 0.000150   1   2  -1 
2456029.892891 0.000000 0.000000 42.610904 0.008770 42.606930 0.003962 42.610892 0.003974 0.008770 0.000012 0.008770 0.000150   1   2  -1 
2456029.898354 0.000000 0.000000 42.604951 0.008379 42.606930 0.003887 42.610817 -0.001979 0.008379 -0.005866 0.008379 0.000150   1   2  -1 
2456029.898354 0.000000 0.000000 42.604951 0.008379 42.606930 0.003887 42.610817 -0.001979 0.008379 -0.005866 0.008379 0.000150   1   2  -1 
2456031.852968 0.000000 0.000000 42.616597 0.006597 42.606930 0.007816 42.614745 0.009667 0.006597 0.001852 0.006597 0.000150   1   2  -1 
2456031.852968 0.000000 0.000000 42.616597 0.006597 42.606930 0.007816 42.614745 0.009667 0.006597 0.001852 0.006597 0.000150   1   2  -1 
2456052.857065 0.000000 0.000000 42.633226 0.006557 42.606930 0.026842 42.633772 0.026296 0.006557 -0.000546 0.006557 0.000150   1   2  -1 
2456052.857065 0.000000 0.000000 42.633226 0.006557 42.606930 0.026842 42.633772 0.026296 0.006557 -0.000546 0.006557 0.000150   1   2  -1 
2456052.862482 0.000000 0.000000 42.630394 0.006355 42.606930 0.026918 42.633847 0.023464 0.006355 -0.003453 0.006355 0.000150   1   2  -1 
2456052.862482 0.000000 0.000000 42.630394 0.006355 42.606930 0.026918 42.633847 0.023464 0.006355 -0.003453 0.006355 0.000150   1   2  -1 
2456053.851639 0.000000 0.000000 42.653821 0.007059 42.606930 0.039398 42.646328 0.046891 0.007059 0.007493 0.007059 0.000150   1   2  -1 
2456053.851639 0.000000 0.000000 42.653821 0.007059 42.606930 0.039398 42.646328 0.046891 0.007059 0.007493 0.007059 0.000150   1   2  -1 
2456053.857114 0.000000 0.000000 42.652573 0.006686 42.606930 0.039460 42.646389 0.045643 0.006686 0.006184 0.006686 0.000150   1   2  -1 
2456053.857114 0.000000 0.000000 42.652573 0.006686 42.606930 0.039460 42.646389 0.045643 0.006686 0.006184 0.006686 0.000150   1   2  -1 
2456054.839916 0.000000 0.000000 42.645007 0.004301 42.606930 0.047985 42.654915 0.038077 0.004301 -0.009908 0.004301 0.000150   1   2  -1 
2456054.839916 0.000000 0.000000 42.645007 0.004301 42.606930 0.047985 42.654915 0.038077 0.004301 -0.009908 0.004301 0.000150   1   2  -1 
2456055.886865 0.000000 0.000000 42.663559 0.004112 42.606930 0.047655 42.654584 0.056629 0.004112 0.008975 0.004112 0.000150   1   2  -1 
2456055.886865 0.000000 0.000000 42.663559 0.004112 42.606930 0.047655 42.654584 0.056629 0.004112 0.008975 0.004112 0.000150   1   2  -1 
2456056.818146 0.000000 0.000000 42.639756 0.007207 42.606930 0.036361 42.643291 0.032826 0.007207 -0.003535 0.007207 0.000150   1   2  -1 
2456056.818146 0.000000 0.000000 42.639756 0.007207 42.606930 0.036361 42.643291 0.032826 0.007207 -0.003535 0.007207 0.000150   1   2  -1 
2456056.823714 0.000000 0.000000 42.635451 0.006567 42.606930 0.036267 42.643196 0.028521 0.006567 -0.007745 0.006567 0.000150   1   2  -1 
2456056.823714 0.000000 0.000000 42.635451 0.006567 42.606930 0.036267 42.643196 0.028521 0.006567 -0.007745 0.006567 0.000150   1   2  -1 
2456078.843392 0.000000 0.000000 42.604491 0.005225 42.606930 -0.000540 42.606390 -0.002439 0.005225 -0.001899 0.005225 0.000150   1   2  -1 
2456078.843392 0.000000 0.000000 42.604491 0.005225 42.606930 -0.000540 42.606390 -0.002439 0.005225 -0.001899 0.005225 0.000150   1   2  -1 
2456078.849075 0.000000 0.000000 42.605711 0.005107 42.606930 -0.000618 42.606311 -0.001219 0.005107 -0.000600 0.005107 0.000150   1   2  -1 
2456078.849075 0.000000 0.000000 42.605711 0.005107 42.606930 -0.000618 42.606311 -0.001219 0.005107 -0.000600 0.005107 0.000150   1   2  -1 
2456081.832748 0.000000 0.000000 42.591563 0.006423 42.606930 -0.009280 42.597649 -0.015367 0.006423 -0.006086 0.006423 0.000150   1   2  -1 
2456081.832748 0.000000 0.000000 42.591563 0.006423 42.606930 -0.009280 42.597649 -0.015367 0.006423 -0.006086 0.006423 0.000150   1   2  -1 
2456081.838651 0.000000 0.000000 42.598531 0.005224 42.606930 -0.009257 42.597673 -0.008399 0.005224 0.000858 0.005224 0.000150   1   2  -1 
2456081.838651 0.000000 0.000000 42.598531 0.005224 42.606930 -0.009257 42.597673 -0.008399 0.005224 0.000858 0.005224 0.000150   1   2  -1 
2456085.820521 0.000000 0.000000 42.619245 0.007088 42.606930 0.014153 42.621083 0.012315 0.007088 -0.001838 0.007088 0.000150   1   2  -1 
2456085.820521 0.000000 0.000000 42.619245 0.007088 42.606930 0.014153 42.621083 0.012315 0.007088 -0.001838 0.007088 0.000150   1   2  -1 
2456085.826250 0.000000 0.000000 42.620028 0.007406 42.606930 0.014229 42.621159 0.013098 0.007406 -0.001131 0.007406 0.000150   1   2  -1 
2456085.826250 0.000000 0.000000 42.620028 0.007406 42.606930 0.014229 42.621159 0.013098 0.007406 -0.001131 0.007406 0.000150   1   2  -1 
2456088.742747 0.000000 0.000000 42.633419 0.004433 42.606930 0.025170 42.632100 0.026489 0.004433 0.001319 0.004433 0.000150   1   2  -1 
2456088.742747 0.000000 0.000000 42.633419 0.004433 42.606930 0.025170 42.632100 0.026489 0.004433 0.001319 0.004433 0.000150   1   2  -1 
2456092.900369 0.000000 0.000000 42.637508 0.005074 42.606930 0.029091 42.636020 0.030578 0.005074 0.001488 0.005074 0.000150   1   2  -1 
2456092.900369 0.000000 0.000000 42.637508 0.005074 42.606930 0.029091 42.636020 0.030578 0.005074 0.001488 0.005074 0.000150   1   2  -1 
2456115.815540 0.000000 0.000000 42.578729 0.006263 42.606930 -0.028250 42.578679 -0.028201 0.006263 0.000050 0.006263 0.000150   1   2  -1 
2456115.815540 0.000000 0.000000 42.578729 0.006263 42.606930 -0.028250 42.578679 -0.028201 0.006263 0.000050 0.006263 0.000150   1   2  -1 
2456118.809984 0.000000 0.000000 42.584098 0.004138 42.606930 -0.022273 42.584657 -0.022832 0.004138 -0.000559 0.004138 0.000150   1   2  -1 
2456118.809984 0.000000 0.000000 42.584098 0.004138 42.606930 -0.022273 42.584657 -0.022832 0.004138 -0.000559 0.004138 0.000150   1   2  -1 
2456121.820367 0.000000 0.000000 42.591470 0.011391 42.606930 -0.013941 42.592989 -0.015460 0.011391 -0.001519 0.011391 0.000150   1   2  -1 
2456121.820367 0.000000 0.000000 42.591470 0.011391 42.606930 -0.013941 42.592989 -0.015460 0.011391 -0.001519 0.011391 0.000150   1   2  -1 
2456149.686124 0.000000 0.000000 42.638810 0.006818 42.606930 0.034274 42.641204 0.031880 0.006818 -0.002394 0.006818 0.000150   1   2  -1 
2456149.686124 0.000000 0.000000 42.638810 0.006818 42.606930 0.034274 42.641204 0.031880 0.006818 -0.002394 0.006818 0.000150   1   2  -1 
2456154.723489 0.000000 0.000000 42.572315 0.006980 42.606930 -0.037918 42.569012 -0.034615 0.006980 0.003303 0.006980 0.000150   1   2  -1 
2456154.723489 0.000000 0.000000 42.572315 0.006980 42.606930 -0.037918 42.569012 -0.034615 0.006980 0.003303 0.006980 0.000150   1   2  -1 
2456154.728442 0.000000 0.000000 42.559678 0.010341 42.606930 -0.038126 42.568803 -0.047252 0.010341 -0.009125 0.010341 0.000150   1   2  -1 
2456154.728442 0.000000 0.000000 42.559678 0.010341 42.606930 -0.038126 42.568803 -0.047252 0.010341 -0.009125 0.010341 0.000150   1   2  -1 
2456166.527551 0.000000 0.000000 42.573583 0.005208 42.606930 -0.033322 42.573608 -0.033347 0.005208 -0.000025 0.005208 0.000150   1   2  -1 
2456166.527551 0.000000 0.000000 42.573583 0.005208 42.606930 -0.033322 42.573608 -0.033347 0.005208 -0.000025 0.005208 0.000150   1   2  -1 
2456168.609469 0.000000 0.000000 42.612504 0.007838 42.606930 0.012779 42.619709 0.005574 0.007838 -0.007205 0.007838 0.000150   1   2  -1 
2456168.609469 0.000000 0.000000 42.612504 0.007838 42.606930 0.012779 42.619709 0.005574 0.007838 -0.007205 0.007838 0.000150   1   2  -1 
2456168.615105 0.000000 0.000000 42.622786 0.006922 42.606930 0.012972 42.619902 0.015856 0.006922 0.002884 0.006922 0.000150   1   2  -1 
2456168.615105 0.000000 0.000000 42.622786 0.006922 42.606930 0.012972 42.619902 0.015856 0.006922 0.002884 0.006922 0.000150   1   2  -1 
2456171.510563 0.000000 0.000000 42.630465 0.004227 42.606930 0.023794 42.630723 0.023535 0.004227 -0.000258 0.004227 0.000150   1   2  -1 
2456171.510563 0.000000 0.000000 42.630465 0.004227 42.606930 0.023794 42.630723 0.023535 0.004227 -0.000258 0.004227 0.000150   1   2  -1 
2456173.694840 0.000000 0.000000 42.622631 0.007020 42.606930 0.014167 42.621097 0.015701 0.007020 0.001534 0.007020 0.000150   1   2  -1 
2456173.694840 0.000000 0.000000 42.622631 0.007020 42.606930 0.014167 42.621097 0.015701 0.007020 0.001534 0.007020 0.000150   1   2  -1 
2456181.612869 0.000000 0.000000 42.627530 0.004917 42.606930 0.020148 42.627078 0.020600 0.004917 0.000452 0.004917 0.000150   1   2  -1 
2456181.612869 0.000000 0.000000 42.627530 0.004917 42.606930 0.020148 42.627078 0.020600 0.004917 0.000452 0.004917 0.000150   1   2  -1 
2456186.623747 0.000000 0.000000 42.594316 0.004343 42.606930 -0.013210 42.593720 -0.012614 0.004343 0.000596 0.004343 0.000150   1   2  -1 
2456186.623747 0.000000 0.000000 42.594316 0.004343 42.606930 -0.013210 42.593720 -0.012614 0.004343 0.000596 0.004343 0.000150   1   2  -1 
2456189.666838 0.000000 0.000000 42.601510 0.013795 42.606930 -0.005816 42.601114 -0.005420 0.013795 0.000396 0.013795 0.000150   1   2  -1 
2456189.666838 0.000000 0.000000 42.601510 0.013795 42.606930 -0.005816 42.601114 -0.005420 0.013795 0.000396 0.013795 0.000150   1   2  -1 
2456190.592865 0.000000 0.000000 42.579721 0.007046 42.606930 -0.019567 42.587362 -0.027209 0.007046 -0.007641 0.007046 0.000150   1   2  -1 
2456190.592865 0.000000 0.000000 42.579721 0.007046 42.606930 -0.019567 42.587362 -0.027209 0.007046 -0.007641 0.007046 0.000150   1   2  -1 
2456190.598548 0.000000 0.000000 42.593684 0.006619 42.606930 -0.019600 42.587330 -0.013246 0.006619 0.006354 0.006619 0.000150   1   2  -1 
2456190.598548 0.000000 0.000000 42.593684 0.006619 42.606930 -0.019600 42.587330 -0.013246 0.006619 0.006354 0.006619 0.000150   1   2  -1 
2456195.586272 0.000000 0.000000 42.592740 0.007357 42.606930 -0.015819 42.591110 -0.014190 0.007357 0.001630 0.007357 0.000150   1   2  -1 
2456195.586272 0.000000 0.000000 42.592740 0.007357 42.606930 -0.015819 42.591110 -0.014190 0.007357 0.001630 0.007357 0.000150   1   2  -1 
2456195.591793 0.000000 0.000000 42.581765 0.007366 42.606930 -0.016086 42.590844 -0.025165 0.007366 -0.009079 0.007366 0.000150   1   2  -1 
2456195.591793 0.000000 0.000000 42.581765 0.007366 42.606930 -0.016086 42.590844 -0.025165 0.007366 -0.009079 0.007366 0.000150   1   2  -1 
2456198.564091 0.000000 0.000000 42.538874 0.009572 42.606930 -0.062263 42.544667 -0.068056 0.009572 -0.005793 0.009572 0.000150   1   2  -1 
2456198.564091 0.000000 0.000000 42.538874 0.009572 42.606930 -0.062263 42.544667 -0.068056 0.009572 -0.005793 0.009572 0.000150   1   2  -1 
2456198.569866 0.000000 0.000000 42.531034 0.010092 42.606930 -0.062112 42.544817 -0.075896 0.010092 -0.013783 0.010092 0.000150   1   2  -1 
2456198.569866 0.000000 0.000000 42.531034 0.010092 42.606930 -0.062112 42.544817 -0.075896 0.010092 -0.013783 0.010092 0.000150   1   2  -1 
2456204.547188 0.000000 0.000000 42.555310 0.006307 42.606930 -0.046195 42.560734 -0.051620 0.006307 -0.005424 0.006307 0.000150   1   2  -1 
2456204.547188 0.000000 0.000000 42.555310 0.006307 42.606930 -0.046195 42.560734 -0.051620 0.006307 -0.005424 0.006307 0.000150   1   2  -1 
2456205.523197 0.000000 0.000000 42.601869 0.003610 42.606930 -0.006470 42.600459 -0.005061 0.003610 0.001410 0.003610 0.000150   1   2  -1 
2456205.523197 0.000000 0.000000 42.601869 0.003610 42.606930 -0.006470 42.600459 -0.005061 0.003610 0.001410 0.003610 0.000150   1   2  -1 
2456208.615737 0.000000 0.000000 42.597299 0.007601 42.606930 -0.003116 42.603814 -0.009631 0.007601 -0.006515 0.007601 0.000150   1   2  -1 
2456208.615737 0.000000 0.000000 42.597299 0.007601 42.606930 -0.003116 42.603814 -0.009631 0.007601 -0.006515 0.007601 0.000150   1   2  -1 
2456209.540800 0.000000 0.000000 42.585634 0.008502 42.606930 -0.022257 42.584673 -0.021296 0.008502 0.000961 0.008502 0.000150   1   2  -1 
2456209.540800 0.000000 0.000000 42.585634 0.008502 42.606930 -0.022257 42.584673 -0.021296 0.008502 0.000961 0.008502 0.000150   1   2  -1 
2456210.532155 0.000000 0.000000 42.587105 0.006973 42.606930 -0.025621 42.581308 -0.019825 0.006973 0.005797 0.006973 0.000150   1   2  -1 
2456210.532155 0.000000 0.000000 42.587105 0.006973 42.606930 -0.025621 42.581308 -0.019825 0.006973 0.005797 0.006973 0.000150   1   2  -1 
2456212.523498 0.000000 0.000000 42.606114 0.003869 42.606930 -0.002405 42.604525 -0.000816 0.003869 0.001589 0.003869 0.000150   1   2  -1 
2456212.523498 0.000000 0.000000 42.606114 0.003869 42.606930 -0.002405 42.604525 -0.000816 0.003869 0.001589 0.003869 0.000150   1   2  -1 
2456217.523649 0.000000 0.000000 42.555876 0.005978 42.606930 -0.054777 42.552153 -0.051054 0.005978 0.003723 0.005978 0.000150   1   2  -1 
2456217.523649 0.000000 0.000000 42.555876 0.005978 42.606930 -0.054777 42.552153 -0.051054 0.005978 0.003723 0.005978 0.000150   1   2  -1 
2456217.529482 0.000000 0.000000 42.563235 0.005837 42.606930 -0.054777 42.552153 -0.043695 0.005837 0.011082 0.005837 0.000150   1   2  -1 
2456217.529482 0.000000 0.000000 42.563235 0.005837 42.606930 -0.054777 42.552153 -0.043695 0.005837 0.011082 0.005837 0.000150   1   2  -1 
2456218.587951 0.000000 0.000000 42.530384 0.006320 42.606930 -0.053785 42.553145 -0.076546 0.006320 -0.022761 0.006320 0.000150   1   2  -1 
2456218.587951 0.000000 0.000000 42.530384 0.006320 42.606930 -0.053785 42.553145 -0.076546 0.006320 -0.022761 0.006320 0.000150   1   2  -1 
2456219.500319 0.000000 0.000000 42.560925 0.003999 42.606930 -0.053418 42.553512 -0.046005 0.003999 0.007413 0.003999 0.000150   1   2  -1 
2456219.500319 0.000000 0.000000 42.560925 0.003999 42.606930 -0.053418 42.553512 -0.046005 0.003999 0.007413 0.003999 0.000150   1   2  -1 
2456220.491327 0.000000 0.000000 42.555732 0.006319 42.606930 -0.053570 42.553360 -0.051198 0.006319 0.002372 0.006319 0.000150   1   2  -1 
2456220.491327 0.000000 0.000000 42.555732 0.006319 42.606930 -0.053570 42.553360 -0.051198 0.006319 0.002372 0.006319 0.000150   1   2  -1 
2456220.514069 0.000000 0.000000 42.551119 0.005169 42.606930 -0.053566 42.553364 -0.055811 0.005169 -0.002245 0.005169 0.000150   1   2  -1 
2456220.514069 0.000000 0.000000 42.551119 0.005169 42.606930 -0.053566 42.553364 -0.055811 0.005169 -0.002245 0.005169 0.000150   1   2  -1 
2456409.867093 0.000000 0.000000 42.504921 0.009962 42.606930 -0.106058 42.500871 -0.102009 0.009962 0.004050 0.009962 0.000150   1   2  -1 
2456409.867093 0.000000 0.000000 42.504921 0.009962 42.606930 -0.106058 42.500871 -0.102009 0.009962 0.004050 0.009962 0.000150   1   2  -1 
2456409.872719 0.000000 0.000000 42.501423 0.009605 42.606930 -0.106933 42.499997 -0.105507 0.009605 0.001426 0.009605 0.000150   1   2  -1 
2456409.872719 0.000000 0.000000 42.501423 0.009605 42.606930 -0.106933 42.499997 -0.105507 0.009605 0.001426 0.009605 0.000150   1   2  -1 
2456410.795661 0.000000 0.000000 42.228742 0.052784 42.606930 -0.218939 42.387990 -0.378188 0.052784 -0.159248 0.052784 0.000150   1   2  -1 
2456410.795661 0.000000 0.000000 42.228742 0.052784 42.606930 -0.218939 42.387990 -0.378188 0.052784 -0.159248 0.052784 0.000150   1   2  -1 
2456410.804261 0.000000 0.000000 42.240527 0.039171 42.606930 -0.219583 42.387347 -0.366403 0.039171 -0.146820 0.039171 0.000150   1   2  -1 
2456410.804261 0.000000 0.000000 42.240527 0.039171 42.606930 -0.219583 42.387347 -0.366403 0.039171 -0.146820 0.039171 0.000150   1   2  -1 
2456416.824768 0.000000 0.000000 42.571677 0.008881 42.606930 -0.034591 42.572339 -0.035253 0.008881 -0.000662 0.008881 0.000150   1   2  -1 
2456416.824768 0.000000 0.000000 42.571677 0.008881 42.606930 -0.034591 42.572339 -0.035253 0.008881 -0.000662 0.008881 0.000150   1   2  -1 
2456416.828565 0.000000 0.000000 42.579292 0.008808 42.606930 -0.034895 42.572035 -0.027638 0.008808 0.007257 0.008808 0.000150   1   2  -1 
2456416.828565 0.000000 0.000000 42.579292 0.008808 42.606930 -0.034895 42.572035 -0.027638 0.008808 0.007257 0.008808 0.000150   1   2  -1 
2456416.832443 0.000000 0.000000 42.563730 0.009147 42.606930 -0.035205 42.571724 -0.043200 0.009147 -0.007994 0.009147 0.000150   1   2  -1 
2456416.832443 0.000000 0.000000 42.563730 0.009147 42.606930 -0.035205 42.571724 -0.043200 0.009147 -0.007994 0.009147 0.000150   1   2  -1 
2456432.884915 0.000000 0.000000 42.635039 0.006358 42.606930 0.026305 42.633234 0.028109 0.006358 0.001805 0.006358 0.000150   1   2  -1 
2456432.884915 0.000000 0.000000 42.635039 0.006358 42.606930 0.026305 42.633234 0.028109 0.006358 0.001805 0.006358 0.000150   1   2  -1 
2456432.890124 0.000000 0.000000 42.632258 0.007274 42.606930 0.026327 42.633256 0.025328 0.007274 -0.000998 0.007274 0.000150   1   2  -1 
2456432.890124 0.000000 0.000000 42.632258 0.007274 42.606930 0.026327 42.633256 0.025328 0.007274 -0.000998 0.007274 0.000150   1   2  -1 
2456433.905268 0.000000 0.000000 42.619879 0.011919 42.606930 0.022176 42.629106 0.012949 0.011919 -0.009227 0.011919 0.000150   1   2  -1 
2456433.905268 0.000000 0.000000 42.619879 0.011919 42.606930 0.022176 42.629106 0.012949 0.011919 -0.009227 0.011919 0.000150   1   2  -1 
2456433.910395 0.000000 0.000000 42.618201 0.012934 42.606930 0.022122 42.629052 0.011271 0.012934 -0.010851 0.012934 0.000150   1   2  -1 
2456433.910395 0.000000 0.000000 42.618201 0.012934 42.606930 0.022122 42.629052 0.011271 0.012934 -0.010851 0.012934 0.000150   1   2  -1 
2456434.892458 0.000000 0.000000 42.623067 0.007823 42.606930 0.010037 42.616967 0.016137 0.007823 0.006100 0.007823 0.000150   1   2  -1 
2456434.892458 0.000000 0.000000 42.623067 0.007823 42.606930 0.010037 42.616967 0.016137 0.007823 0.006100 0.007823 0.000150   1   2  -1 
2456434.898129 0.000000 0.000000 42.624313 0.007566 42.606930 0.009969 42.616899 0.017383 0.007566 0.007414 0.007566 0.000150   1   2  -1 
2456434.898129 0.000000 0.000000 42.624313 0.007566 42.606930 0.009969 42.616899 0.017383 0.007566 0.007414 0.007566 0.000150   1   2  -1 
2456437.889188 0.000000 0.000000 42.594218 0.006467 42.606930 -0.004799 42.602131 -0.012712 0.006467 -0.007913 0.006467 0.000150   1   2  -1 
2456437.889188 0.000000 0.000000 42.594218 0.006467 42.606930 -0.004799 42.602131 -0.012712 0.006467 -0.007913 0.006467 0.000150   1   2  -1 
2456437.894720 0.000000 0.000000 42.611013 0.005936 42.606930 -0.004830 42.602099 0.004083 0.005936 0.008914 0.005936 0.000150   1   2  -1 
2456437.894720 0.000000 0.000000 42.611013 0.005936 42.606930 -0.004830 42.602099 0.004083 0.005936 0.008914 0.005936 0.000150   1   2  -1 
2456438.860772 0.000000 0.000000 42.592966 0.005170 42.606930 -0.013075 42.593855 -0.013964 0.005170 -0.000889 0.005170 0.000150   1   2  -1 
2456438.860772 0.000000 0.000000 42.592966 0.005170 42.606930 -0.013075 42.593855 -0.013964 0.005170 -0.000889 0.005170 0.000150   1   2  -1 
2456441.860316 0.000000 0.000000 42.577927 0.006828 42.606930 -0.031525 42.575405 -0.029003 0.006828 0.002522 0.006828 0.000150   1   2  -1 
2456441.860316 0.000000 0.000000 42.577927 0.006828 42.606930 -0.031525 42.575405 -0.029003 0.006828 0.002522 0.006828 0.000150   1   2  -1 
2456454.832361 0.000000 0.000000 42.567912 0.005722 42.606930 -0.031688 42.575241 -0.039018 0.005722 -0.007329 0.005722 0.000150   1   2  -1 
2456454.832361 0.000000 0.000000 42.567912 0.005722 42.606930 -0.031688 42.575241 -0.039018 0.005722 -0.007329 0.005722 0.000150   1   2  -1 
2456454.837894 0.000000 0.000000 42.582769 0.005742 42.606930 -0.031555 42.575375 -0.024161 0.005742 0.007394 0.005742 0.000150   1   2  -1 
2456454.837894 0.000000 0.000000 42.582769 0.005742 42.606930 -0.031555 42.575375 -0.024161 0.005742 0.007394 0.005742 0.000150   1   2  -1 
2456467.823190 0.000000 0.000000 42.613776 0.010131 42.606930 0.009225 42.616154 0.006846 0.010131 -0.002378 0.010131 0.000150   1   2  -1 
2456467.823190 0.000000 0.000000 42.613776 0.010131 42.606930 0.009225 42.616154 0.006846 0.010131 -0.002378 0.010131 0.000150   1   2  -1 
2456467.826929 0.000000 0.000000 42.606351 0.008983 42.606930 0.009326 42.616256 -0.000579 0.008983 -0.009905 0.008983 0.000150   1   2  -1 
2456467.826929 0.000000 0.000000 42.606351 0.008983 42.606930 0.009326 42.616256 -0.000579 0.008983 -0.009905 0.008983 0.000150   1   2  -1 
2456467.830702 0.000000 0.000000 42.629088 0.009568 42.606930 0.009428 42.616357 0.022158 0.009568 0.012731 0.009568 0.000150   1   2  -1 
2456467.830702 0.000000 0.000000 42.629088 0.009568 42.606930 0.009428 42.616357 0.022158 0.009568 0.012731 0.009568 0.000150   1   2  -1 
2456473.860840 0.000000 0.000000 42.630130 0.008482 42.606930 0.029131 42.636061 0.023200 0.008482 -0.005931 0.008482 0.000150   1   2  -1 
2456473.860840 0.000000 0.000000 42.630130 0.008482 42.606930 0.029131 42.636061 0.023200 0.008482 -0.005931 0.008482 0.000150   1   2  -1 
2456473.864821 0.000000 0.000000 42.654619 0.008205 42.606930 0.029366 42.636296 0.047689 0.008205 0.018323 0.008205 0.000150   1   2  -1 
2456473.864821 0.000000 0.000000 42.654619 0.008205 42.606930 0.029366 42.636296 0.047689 0.008205 0.018323 0.008205 0.000150   1   2  -1 
2456473.868595 0.000000 0.000000 42.621614 0.008866 42.606930 0.029588 42.636517 0.014684 0.008866 -0.014903 0.008866 0.000150   1   2  -1 
2456473.868595 0.000000 0.000000 42.621614 0.008866 42.606930 0.029588 42.636517 0.014684 0.008866 -0.014903 0.008866 0.000150   1   2  -1 
2456480.776552 0.000000 0.000000 42.614321 0.008040 42.606930 0.005233 42.612162 0.007391 0.008040 0.002159 0.008040 0.000150   1   2  -1 
2456480.776552 0.000000 0.000000 42.614321 0.008040 42.606930 0.005233 42.612162 0.007391 0.008040 0.002159 0.008040 0.000150   1   2  -1 
2456480.782281 0.000000 0.000000 42.612593 0.007466 42.606930 0.005347 42.612276 0.005663 0.007466 0.000317 0.007466 0.000150   1   2  -1 
2456480.782281 0.000000 0.000000 42.612593 0.007466 42.606930 0.005347 42.612276 0.005663 0.007466 0.000317 0.007466 0.000150   1   2  -1 
2456481.631506 0.000000 0.000000 42.612326 0.010011 42.606930 0.002859 42.609788 0.005396 0.010011 0.002538 0.010011 0.000150   1   2  -1 
2456481.631506 0.000000 0.000000 42.612326 0.010011 42.606930 0.002859 42.609788 0.005396 0.010011 0.002538 0.010011 0.000150   1   2  -1 
2456481.637189 0.000000 0.000000 42.613472 0.010161 42.606930 0.002719 42.609648 0.006542 0.010161 0.003824 0.010161 0.000150   1   2  -1 
2456481.637189 0.000000 0.000000 42.613472 0.010161 42.606930 0.002719 42.609648 0.006542 0.010161 0.003824 0.010161 0.000150   1   2  -1 
2456501.599929 0.000000 0.000000 42.588201 0.005096 42.606930 -0.018689 42.588241 -0.018729 0.005096 -0.000040 0.005096 0.000150   1   2  -1 
2456501.599929 0.000000 0.000000 42.588201 0.005096 42.606930 -0.018689 42.588241 -0.018729 0.005096 -0.000040 0.005096 0.000150   1   2  -1 
2456523.744316 0.000000 0.000000 42.602212 0.004579 42.606930 -0.005091 42.601838 -0.004718 0.004579 0.000374 0.004579 0.000150   1   2  -1 
2456523.744316 0.000000 0.000000 42.602212 0.004579 42.606930 -0.005091 42.601838 -0.004718 0.004579 0.000374 0.004579 0.000150   1   2  -1 
2456524.691276 0.000000 0.000000 42.630710 0.005673 42.606930 0.017926 42.624856 0.023780 0.005673 0.005854 0.005673 0.000150   1   2  -1 
2456524.691276 0.000000 0.000000 42.630710 0.005673 42.606930 0.017926 42.624856 0.023780 0.005673 0.005854 0.005673 0.000150   1   2  -1 
2456524.696693 0.000000 0.000000 42.616798 0.005783 42.606930 0.017992 42.624922 0.009868 0.005783 -0.008124 0.005783 0.000150   1   2  -1 
2456524.696693 0.000000 0.000000 42.616798 0.005783 42.606930 0.017992 42.624922 0.009868 0.005783 -0.008124 0.005783 0.000150   1   2  -1 
2456525.743740 0.000000 0.000000 42.620564 0.005145 42.606930 0.013095 42.620025 0.013634 0.005145 0.000539 0.005145 0.000150   1   2  -1 
2456525.743740 0.000000 0.000000 42.620564 0.005145 42.606930 0.013095 42.620025 0.013634 0.005145 0.000539 0.005145 0.000150   1   2  -1 
2456569.534062 0.000000 0.000000 42.607698 0.008689 42.606930 -0.000211 42.606718 0.000768 0.008689 0.000980 0.008689 0.000150   1   2  -1 
2456569.534062 0.000000 0.000000 42.607698 0.008689 42.606930 -0.000211 42.606718 0.000768 0.008689 0.000980 0.008689 0.000150   1   2  -1 
2456585.564665 0.000000 0.000000 42.624518 0.006904 42.606930 0.023589 42.630519 0.017588 0.006904 -0.006001 0.006904 0.000150   1   2  -1 
2456585.564665 0.000000 0.000000 42.624518 0.006904 42.606930 0.023589 42.630519 0.017588 0.006904 -0.006001 0.006904 0.000150   1   2  -1 
2456585.568473 0.000000 0.000000 42.634146 0.006687 42.606930 0.023637 42.630567 0.027216 0.006687 0.003579 0.006687 0.000150   1   2  -1 
2456585.568473 0.000000 0.000000 42.634146 0.006687 42.606930 0.023637 42.630567 0.027216 0.006687 0.003579 0.006687 0.000150   1   2  -1 
2456585.572350 0.000000 0.000000 42.633798 0.006827 42.606930 0.023685 42.630615 0.026868 0.006827 0.003183 0.006827 0.000150   1   2  -1 
2456585.572350 0.000000 0.000000 42.633798 0.006827 42.606930 0.023685 42.630615 0.026868 0.006827 0.003183 0.006827 0.000150   1   2  -1 
2456586.547688 0.000000 0.000000 42.630664 0.007492 42.606930 0.025678 42.632607 0.023734 0.007492 -0.001943 0.007492 0.000150   1   2  -1 
2456586.547688 0.000000 0.000000 42.630664 0.007492 42.606930 0.025678 42.632607 0.023734 0.007492 -0.001943 0.007492 0.000150   1   2  -1 
2456586.551530 0.000000 0.000000 42.635725 0.008012 42.606930 0.025650 42.632580 0.028795 0.008012 0.003145 0.008012 0.000150   1   2  -1 
2456586.551530 0.000000 0.000000 42.635725 0.008012 42.606930 0.025650 42.632580 0.028795 0.008012 0.003145 0.008012 0.000150   1   2  -1 
2456586.555442 0.000000 0.000000 42.638075 0.008313 42.606930 0.025622 42.632552 0.031145 0.008313 0.005523 0.008313 0.000150   1   2  -1 
2456586.555442 0.000000 0.000000 42.638075 0.008313 42.606930 0.025622 42.632552 0.031145 0.008313 0.005523 0.008313 0.000150   1   2  -1 
2456590.510961 0.000000 0.000000 42.643093 0.011034 42.606930 0.046426 42.653356 0.036163 0.011034 -0.010263 0.011034 0.000150   1   2  -1 
2456590.510961 0.000000 0.000000 42.643093 0.011034 42.606930 0.046426 42.653356 0.036163 0.011034 -0.010263 0.011034 0.000150   1   2  -1 
2456590.514943 0.000000 0.000000 42.655811 0.012286 42.606930 0.046528 42.653458 0.048881 0.012286 0.002353 0.012286 0.000150   1   2  -1 
2456590.514943 0.000000 0.000000 42.655811 0.012286 42.606930 0.046528 42.653458 0.048881 0.012286 0.002353 0.012286 0.000150   1   2  -1 
2456590.518611 0.000000 0.000000 42.663085 0.010390 42.606930 0.046622 42.653552 0.056155 0.010390 0.009533 0.010390 0.000150   1   2  -1 
2456590.518611 0.000000 0.000000 42.663085 0.010390 42.606930 0.046622 42.653552 0.056155 0.010390 0.009533 0.010390 0.000150   1   2  -1 
2456765.917789 0.000000 0.000000 42.624784 0.005746 42.606930 0.016704 42.623633 0.017854 0.005746 0.001151 0.005746 0.000150   1   2  -1 
2456765.917789 0.000000 0.000000 42.624784 0.005746 42.606930 0.016704 42.623633 0.017854 0.005746 0.001151 0.005746 0.000150   1   2  -1 
2456765.923021 0.000000 0.000000 42.622872 0.005799 42.606930 0.016643 42.623573 0.015942 0.005799 -0.000701 0.005799 0.000150   1   2  -1 
2456765.923021 0.000000 0.000000 42.622872 0.005799 42.606930 0.016643 42.623573 0.015942 0.005799 -0.000701 0.005799 0.000150   1   2  -1 
2456789.854143 0.000000 0.000000 42.610975 0.006318 42.606930 0.002378 42.609307 0.004045 0.006318 0.001668 0.006318 0.000150   1   2  -1 
2456789.854143 0.000000 0.000000 42.610975 0.006318 42.606930 0.002378 42.609307 0.004045 0.006318 0.001668 0.006318 0.000150   1   2  -1 
2456789.859722 0.000000 0.000000 42.606341 0.006537 42.606930 0.002320 42.609250 -0.000589 0.006537 -0.002909 0.006537 0.000150   1   2  -1 
2456789.859722 0.000000 0.000000 42.606341 0.006537 42.606930 0.002320 42.609250 -0.000589 0.006537 -0.002909 0.006537 0.000150   1   2  -1 
2456806.890179 0.000000 0.000000 42.599022 0.006847 42.606930 -0.006887 42.600042 -0.007908 0.006847 -0.001020 0.006847 0.000150   1   2  -1 
2456806.890179 0.000000 0.000000 42.599022 0.006847 42.606930 -0.006887 42.600042 -0.007908 0.006847 -0.001020 0.006847 0.000150   1   2  -1 
2456829.893363 0.000000 0.000000 42.649506 0.004395 42.606930 0.042638 42.649568 0.042576 0.004395 -0.000062 0.004395 0.000150   1   2  -1 
2456829.893363 0.000000 0.000000 42.649506 0.004395 42.606930 0.042638 42.649568 0.042576 0.004395 -0.000062 0.004395 0.000150   1   2  -1 
2456857.748704 0.000000 0.000000 42.610979 0.007398 42.606930 0.003608 42.610538 0.004049 0.007398 0.000441 0.007398 0.000150   1   2  -1 
2456857.748704 0.000000 0.000000 42.610979 0.007398 42.606930 0.003608 42.610538 0.004049 0.007398 0.000441 0.007398 0.000150   1   2  -1 
2456857.754433 0.000000 0.000000 42.609155 0.007229 42.606930 0.003627 42.610556 0.002225 0.007229 -0.001401 0.007229 0.000150   1   2  -1 
2456857.754433 0.000000 0.000000 42.609155 0.007229 42.606930 0.003627 42.610556 0.002225 0.007229 -0.001401 0.007229 0.000150   1   2  -1 
2456866.784629 0.000000 0.000000 42.651260 0.006010 42.606930 0.045193 42.652123 0.044330 0.006010 -0.000863 0.006010 0.000150   1   2  -1 
2456866.784629 0.000000 0.000000 42.651260 0.006010 42.606930 0.045193 42.652123 0.044330 0.006010 -0.000863 0.006010 0.000150   1   2  -1 
2456896.727940 0.000000 0.000000 42.620431 0.008502 42.606930 0.012304 42.619234 0.013501 0.008502 0.001197 0.008502 0.000150   1   2  -1 
2456896.727940 0.000000 0.000000 42.620431 0.008502 42.606930 0.012304 42.619234 0.013501 0.008502 0.001197 0.008502 0.000150   1   2  -1 
2456896.733287 0.000000 0.000000 42.621539 0.010507 42.606930 0.012082 42.619012 0.014609 0.010507 0.002527 0.010507 0.000150   1   2  -1 
2456896.733287 0.000000 0.000000 42.621539 0.010507 42.606930 0.012082 42.619012 0.014609 0.010507 0.002527 0.010507 0.000150   1   2  -1 
2457146.919889 0.000000 0.000000 42.616997 0.004393 42.606930 0.009419 42.616349 0.010067 0.004393 0.000648 0.004393 0.000150   1   2  -1 
2457146.919889 0.000000 0.000000 42.616997 0.004393 42.606930 0.009419 42.616349 0.010067 0.004393 0.000648 0.004393 0.000150   1   2  -1 
2457176.844500 0.000000 0.000000 42.529617 0.003893 42.506341 0.023090 42.529431 0.023276 0.003893 0.000186 0.003893 0.000150   1   3  -1 
2457176.844500 0.000000 0.000000 42.529617 0.003893 42.506341 0.023090 42.529431 0.023276 0.003893 0.000186 0.003893 0.000150   1   3  -1 
2457180.950532 0.000000 0.000000 42.516588 0.004934 42.506341 -0.000634 42.505707 0.010247 0.004934 0.010881 0.004934 0.000150   1   3  -1 
2457180.950532 0.000000 0.000000 42.516588 0.004934 42.506341 -0.000634 42.505707 0.010247 0.004934 0.010881 0.004934 0.000150   1   3  -1 
2457180.956053 0.000000 0.000000 42.493844 0.005182 42.506341 -0.000523 42.505818 -0.012497 0.005182 -0.011974 0.005182 0.000150   1   3  -1 
2457180.956053 0.000000 0.000000 42.493844 0.005182 42.506341 -0.000523 42.505818 -0.012497 0.005182 -0.011974 0.005182 0.000150   1   3  -1 
2457257.708144 0.000000 0.000000 42.460745 0.007722 42.506341 -0.044060 42.462281 -0.045596 0.007722 -0.001536 0.007722 0.000150   1   3  -1 
2457257.708144 0.000000 0.000000 42.460745 0.007722 42.506341 -0.044060 42.462281 -0.045596 0.007722 -0.001536 0.007722 0.000150   1   3  -1 
2457257.713815 0.000000 0.000000 42.467114 0.008324 42.506341 -0.044180 42.462161 -0.039227 0.008324 0.004953 0.008324 0.000150   1   3  -1 
2457257.713815 0.000000 0.000000 42.467114 0.008324 42.506341 -0.044180 42.462161 -0.039227 0.008324 0.004953 0.008324 0.000150   1   3  -1 
2457307.523708 0.000000 0.000000 42.510484 0.004593 42.506341 0.004028 42.510370 0.004143 0.004593 0.000114 0.004593 0.000150   1   3  -1 
2457307.523708 0.000000 0.000000 42.510484 0.004593 42.506341 0.004028 42.510370 0.004143 0.004593 0.000114 0.004593 0.000150   1   3  -1 
2457307.529113 0.000000 0.000000 42.509373 0.004773 42.506341 0.003893 42.510235 0.003032 0.004773 -0.000862 0.004773 0.000150   1   3  -1 
2457307.529113 0.000000 0.000000 42.509373 0.004773 42.506341 0.003893 42.510235 0.003032 0.004773 -0.000862 0.004773 0.000150   1   3  -1 
2457675.588735 0.000000 0.000000 42.451033 0.004303 42.506341 -0.055109 42.451232 -0.055308 0.004303 -0.000199 0.004303 0.000150   1   3  -1 
2457675.588735 0.000000 0.000000 42.451033 0.004303 42.506341 -0.055109 42.451232 -0.055308 0.004303 -0.000199 0.004303 0.000150   1   3  -1 
2457879.840329 0.000000 0.000000 42.485788 0.006784 42.506341 -0.019894 42.486447 -0.020553 0.006784 -0.000659 0.006784 0.000150   1   3  -1 
2457879.840329 0.000000 0.000000 42.485788 0.006784 42.506341 -0.019894 42.486447 -0.020553 0.006784 -0.000659 0.006784 0.000150   1   3  -1 
2457943.770578 0.000000 0.000000 42.465247 0.003664 42.506341 -0.041101 42.465240 -0.041094 0.003664 0.000007 0.003664 0.000150   1   3  -1 
2457943.770578 0.000000 0.000000 42.465247 0.003664 42.506341 -0.041101 42.465240 -0.041094 0.003664 0.000007 0.003664 0.000150   1   3  -1 
2457968.637355 0.000000 0.000000 42.450022 0.006181 42.506341 -0.054736 42.451605 -0.056319 0.006181 -0.001583 0.006181 0.000150   1   3  -1 
2457968.637355 0.000000 0.000000 42.450022 0.006181 42.506341 -0.054736 42.451605 -0.056319 0.006181 -0.001583 0.006181 0.000150   1   3  -1 
2460042.883932 0.000000 0.000000 53.561911 0.001568 53.596910 -0.035882 53.561028 -0.034999 0.001568 0.000883 0.001568 0.027876   0   1  -1 
2460042.889532 0.000000 0.000000 53.560403 0.001595 53.596910 -0.035755 53.561155 -0.036507 0.001595 -0.000752 0.001595 0.027876   0   1  -1 
2460043.870973 0.000000 0.000000 53.585025 0.001870 53.596910 -0.016456 53.580454 -0.011885 0.001870 0.004571 0.001870 0.027876   0   1  -1 
2460043.876677 0.000000 0.000000 53.583951 0.001740 53.596910 -0.016366 53.580544 -0.012959 0.001740 0.003407 0.001740 0.027876   0   1  -1 
2460044.793251 0.000000 0.000000 53.574231 0.001921 53.596910 -0.006204 53.590706 -0.022679 0.001921 -0.016475 0.001921 0.027876   0   1  -1 
2460044.798982 0.000000 0.000000 53.574786 0.001910 53.596910 -0.006168 53.590742 -0.022124 0.001910 -0.015956 0.001910 0.027876   0   1  -1 
2460045.773704 0.000000 0.000000 53.693215 0.004268 53.596910 -0.004413 53.592497 0.096305 0.004268 0.100718 0.004268 0.027876   0   1  -1 
2460045.779649 0.000000 0.000000 53.636608 0.002882 53.596910 -0.004425 53.592485 0.039698 0.002882 0.044123 0.002882 0.027876   0   1  -1 
2460046.786658 0.000000 0.000000 53.569088 0.001749 53.596910 -0.008206 53.588704 -0.027822 0.001749 -0.019616 0.001749 0.027876   0   1  -1 
2460046.792204 0.000000 0.000000 53.558558 0.001622 53.596910 -0.008230 53.588680 -0.038352 0.001622 -0.030122 0.001622 0.027876   0   1  -1 
2460047.789500 0.000000 0.000000 53.576881 0.001743 53.596910 -0.010808 53.586102 -0.020029 0.001743 -0.009221 0.001743 0.027876   0   1  -1 
2460047.795047 0.000000 0.000000 53.576647 0.001680 53.596910 -0.010808 53.586102 -0.020263 0.001680 -0.009455 0.001680 0.027876   0   1  -1 
2460048.783364 0.000000 0.000000 53.613468 0.002096 53.596910 -0.007134 53.589776 0.016558 0.002096 0.023692 0.002096 0.027876   0   1  -1 
2460048.789012 0.000000 0.000000 53.608874 0.001954 53.596910 -0.007092 53.589818 0.011964 0.001954 0.019056 0.001954 0.027876   0   1  -1 
2460049.801102 0.000000 0.000000 53.603422 0.001810 53.596910 0.003503 53.600413 0.006512 0.001810 0.003009 0.001810 0.027876   0   1  -1 
2460049.806533 0.000000 0.000000 53.611610 0.001919 53.596910 0.003572 53.600482 0.014700 0.001919 0.011128 0.001919 0.027876   0   1  -1 
2460050.776767 0.000000 0.000000 53.612363 0.001787 53.596910 0.015647 53.612557 0.015453 0.001787 -0.000194 0.001787 0.027876   0   1  -1 
2460050.782471 0.000000 0.000000 53.609421 0.001717 53.596910 0.015710 53.612620 0.012511 0.001717 -0.003199 0.001717 0.027876   0   1  -1 
2460068.823617 0.000000 0.000000 53.549841 0.002026 53.596910 -0.030430 53.566480 -0.047069 0.002026 -0.016639 0.002026 0.027876   0   1  -1 
2460068.829253 0.000000 0.000000 53.589686 0.002553 53.596910 -0.030592 53.566318 -0.007224 0.002553 0.023368 0.002553 0.027876   0   1  -1 
2460073.775251 0.000000 0.000000 53.637606 0.002211 53.596910 0.028679 53.625589 0.040696 0.002211 0.012017 0.002211 0.027876   0   1  -1 
2460073.780774 0.000000 0.000000 53.628078 0.002018 53.596910 0.028835 53.625745 0.031168 0.002018 0.002333 0.002018 0.027876   0   1  -1 
2460076.728213 0.000000 0.000000 53.634719 0.002051 53.596910 0.051332 53.648242 0.037809 0.002051 -0.013523 0.002051 0.027876   0   1  -1 
2460076.733797 0.000000 0.000000 53.631871 0.001962 53.596910 0.051326 53.648236 0.034961 0.001962 -0.016365 0.001962 0.027876   0   1  -1 
2460077.755001 0.000000 0.000000 53.666491 0.002532 53.596910 0.048564 53.645474 0.069581 0.002532 0.021017 0.002532 0.027876   0   1  -1 
2460077.760768 0.000000 0.000000 53.661884 0.002439 53.596910 0.048533 53.645443 0.064974 0.002439 0.016441 0.002439 0.027876   0   1  -1 
2460078.818364 0.000000 0.000000 53.599494 0.001909 53.596910 0.036466 53.633376 0.002584 0.001909 -0.033882 0.001909 0.027876   0   1  -1 
2460078.823976 0.000000 0.000000 53.601630 0.001872 53.596910 0.036364 53.633274 0.004720 0.001872 -0.031644 0.001872 0.027876   0   1  -1 
2460079.846559 0.000000 0.000000 53.588245 0.001824 53.596910 0.011959 53.608869 -0.008665 0.001824 -0.020624 0.001824 0.027876   0   1  -1 
2460079.852048 0.000000 0.000000 53.589341 0.001848 53.596910 0.011809 53.608719 -0.007569 0.001848 -0.019378 0.001848 0.027876   0   1  -1 
2460080.730235 0.000000 0.000000 53.589189 0.001968 53.596910 -0.009883 53.587026 -0.007721 0.001968 0.002163 0.001968 0.027876   0   1  -1 
2460080.735864 0.000000 0.000000 53.580294 0.001816 53.596910 -0.009990 53.586920 -0.016616 0.001816 -0.006626 0.001816 0.027876   0   1  -1 
2460082.755256 0.000000 0.000000 53.615354 0.002319 53.596910 0.013251 53.610161 0.018444 0.002319 0.005193 0.002319 0.027876   0   1  -1 
2460082.760842 0.000000 0.000000 53.600497 0.002096 53.596910 0.013488 53.610398 0.003587 0.002096 -0.009901 0.002096 0.027876   0   1  -1 
2460085.681985 0.000000 0.000000 53.662842 0.002929 53.596910 0.056118 53.653028 0.065932 0.002929 0.009814 0.002929 0.027876   0   1  -1 
2460085.687655 0.000000 0.000000 53.667495 0.003080 53.596910 0.055775 53.652685 0.070585 0.003080 0.014810 0.003080 0.027876   0   1  -1 
2460086.748603 0.000000 0.000000 53.526570 0.001558 53.596910 -0.036400 53.560510 -0.070340 0.001558 -0.033940 0.001558 0.027876   0   1  -1 
2460086.754324 0.000000 0.000000 53.540113 0.001681 53.596910 -0.036996 53.559914 -0.056797 0.001681 -0.019801 0.001681 0.027876   0   1  -1 
2460199.601214 0.000000 0.000000 53.708158 0.003157 53.596910 0.097253 53.694163 0.111248 0.003157 0.013995 0.003157 0.027876   0   1  -1 
2460199.607025 0.000000 0.000000 53.703656 0.003093 53.596910 0.097187 53.694097 0.106746 0.003093 0.009559 0.003093 0.027876   0   1  -1 
2460201.515076 0.000000 0.000000 53.652461 0.002208 53.596910 0.057316 53.654226 0.055551 0.002208 -0.001765 0.002208 0.027876   0   1  -1 
2460201.520627 0.000000 0.000000 53.659879 0.002383 53.596910 0.057215 53.654125 0.062969 0.002383 0.005754 0.002383 0.027876   0   1  -1 
2460202.533617 0.000000 0.000000 53.628035 0.001883 53.596910 0.045431 53.642340 0.031125 0.001883 -0.014305 0.001883 0.027876   0   1  -1 
2460202.539273 0.000000 0.000000 53.623631 0.001784 53.596910 0.045401 53.642310 0.026721 0.001784 -0.018679 0.001784 0.027876   0   1  -1 
2460203.571018 0.000000 0.000000 53.685663 0.002733 53.596910 0.043624 53.640534 0.088753 0.002733 0.045129 0.002733 0.027876   0   1  -1 
2460203.577196 0.000000 0.000000 53.698088 0.002920 53.596910 0.043623 53.640533 0.101178 0.002920 0.057555 0.002920 0.027876   0   1  -1 
2460204.530857 0.000000 0.000000 53.603639 0.001593 53.596910 0.041706 53.638616 0.006729 0.001593 -0.034977 0.001593 0.027876   0   1  -1 
2460204.536387 0.000000 0.000000 53.620848 0.001687 53.596910 0.041680 53.638590 0.023938 0.001687 -0.017742 0.001687 0.027876   0   1  -1 
2460205.516019 0.000000 0.000000 53.628740 0.001976 53.596910 0.034644 53.631554 0.031830 0.001976 -0.002814 0.001976 0.027876   0   1  -1 
2460205.521490 0.000000 0.000000 53.614308 0.001751 53.596910 0.034598 53.631507 0.017398 0.001751 -0.017199 0.001751 0.027876   0   1  -1 
2460206.534104 0.000000 0.000000 53.633698 0.001999 53.596910 0.028060 53.624970 0.036788 0.001999 0.008728 0.001999 0.027876   0   1  -1 
2460206.539634 0.000000 0.000000 53.618248 0.001827 53.596910 0.028047 53.624957 0.021338 0.001827 -0.006709 0.001827 0.027876   0   1  -1 
2460208.612713 0.000000 0.000000 53.600513 0.001925 53.596910 0.048474 53.645384 0.003603 0.001925 -0.044871 0.001925 0.027876   0   1  -1 
2460208.618030 0.000000 0.000000 53.605634 0.001984 53.596910 0.048560 53.645470 0.008724 0.001984 -0.039836 0.001984 0.027876   0   1  -1 
2460209.504007 0.000000 0.000000 53.713171 0.004012 53.596910 0.058465 53.655375 0.116261 0.004012 0.057796 0.004012 0.027876   0   1  -1 
2460209.509978 0.000000 0.000000 53.689795 0.003573 53.596910 0.058485 53.655394 0.092885 0.003573 0.034401 0.003573 0.027876   0   1  -1 
2460210.587394 0.000000 0.000000 53.609130 0.002227 53.596910 0.045552 53.642462 0.012220 0.002227 -0.033332 0.002227 0.027876   0   1  -1 
2460210.593026 0.000000 0.000000 53.623658 0.002390 53.596910 0.045390 53.642299 0.026748 0.002390 -0.018641 0.002390 0.027876   0   1  -1 
2460211.516295 0.000000 0.000000 53.633760 0.003079 53.596910 0.006336 53.603246 0.036850 0.003079 0.030514 0.003079 0.027876   0   1  -1 
2460211.522268 0.000000 0.000000 53.609746 0.002476 53.596910 0.006016 53.602925 0.012836 0.002476 0.006821 0.002476 0.027876   0   1  -1 
