# time Tc_folded Tref_folded value value_err offset model full_model val_compare val_compare_err residuals residuals_err jitter jitter_flag offset_flag subset_flag 
2455480.529186 0.000000 0.000000 6736.979894 0.971355 6749.158357 -8.244098 6740.914259 -12.178463 0.971355 -3.934365 0.971355 2.008039   1   2  -1 
2455480.529186 0.000000 0.000000 6736.979894 0.971355 6749.158357 -8.244098 6740.914259 -12.178463 0.971355 -3.934365 0.971355 2.008039   1   2  -1 
2455480.532970 0.000000 0.000000 6736.094407 0.880169 6749.158357 -8.237558 6740.920800 -13.063950 0.880169 -4.826393 0.880169 2.008039   1   2  -1 
2455480.532970 0.000000 0.000000 6736.094407 0.880169 6749.158357 -8.237558 6740.920800 -13.063950 0.880169 -4.826393 0.880169 2.008039   1   2  -1 
2455480.536778 0.000000 0.000000 6734.204715 0.930093 6749.158357 -8.230995 6740.927363 -14.953642 0.930093 -6.722648 0.930093 2.008039   1   2  -1 
2455480.536778 0.000000 0.000000 6734.204715 0.930093 6749.158357 -8.230995 6740.927363 -14.953642 0.930093 -6.722648 0.930093 2.008039   1   2  -1 
2455482.554786 0.000000 0.000000 6741.458054 0.707811 6749.158357 -6.737379 6742.420978 -7.700303 0.707811 -0.962924 0.707811 2.008039   1   2  -1 
2455482.554786 0.000000 0.000000 6741.458054 0.707811 6749.158357 -6.737379 6742.420978 -7.700303 0.707811 -0.962924 0.707811 2.008039   1   2  -1 
2455484.542056 0.000000 0.000000 6740.946449 1.028638 6749.158357 -5.410807 6743.747550 -8.211908 1.028638 -2.801101 1.028638 2.008039   1   2  -1 
2455484.542056 0.000000 0.000000 6740.946449 1.028638 6749.158357 -5.410807 6743.747550 -8.211908 1.028638 -2.801101 1.028638 2.008039   1   2  -1 
2455484.545828 0.000000 0.000000 6742.814201 1.065413 6749.158357 -5.407201 6743.751156 -6.344156 1.065413 -0.936955 1.065413 2.008039   1   2  -1 
2455484.545828 0.000000 0.000000 6742.814201 1.065413 6749.158357 -5.407201 6743.751156 -6.344156 1.065413 -0.936955 1.065413 2.008039   1   2  -1 
2455484.549671 0.000000 0.000000 6740.893501 1.016694 6749.158357 -5.403528 6743.754829 -8.264856 1.016694 -2.861328 1.016694 2.008039   1   2  -1 
2455484.549671 0.000000 0.000000 6740.893501 1.016694 6749.158357 -5.403528 6743.754829 -8.264856 1.016694 -2.861328 1.016694 2.008039   1   2  -1 
2455485.527184 0.000000 0.000000 6742.415408 0.864068 6749.158357 -4.615847 6744.542510 -6.742949 0.864068 -2.127102 0.864068 2.008039   1   2  -1 
2455485.527184 0.000000 0.000000 6742.415408 0.864068 6749.158357 -4.615847 6744.542510 -6.742949 0.864068 -2.127102 0.864068 2.008039   1   2  -1 
2455485.532971 0.000000 0.000000 6742.960770 0.891412 6749.158357 -4.612761 6744.545596 -6.197587 0.891412 -1.584826 0.891412 2.008039   1   2  -1 
2455485.532971 0.000000 0.000000 6742.960770 0.891412 6749.158357 -4.612761 6744.545596 -6.197587 0.891412 -1.584826 0.891412 2.008039   1   2  -1 
2455487.543214 0.000000 0.000000 6741.874138 0.808873 6749.158357 -5.300931 6743.857426 -7.284219 0.808873 -1.983288 0.808873 2.008039   1   2  -1 
2455487.543214 0.000000 0.000000 6741.874138 0.808873 6749.158357 -5.300931 6743.857426 -7.284219 0.808873 -1.983288 0.808873 2.008039   1   2  -1 
2455487.548897 0.000000 0.000000 6742.782044 0.803534 6749.158357 -5.306756 6743.851601 -6.376313 0.803534 -1.069557 0.803534 2.008039   1   2  -1 
2455487.548897 0.000000 0.000000 6742.782044 0.803534 6749.158357 -5.306756 6743.851601 -6.376313 0.803534 -1.069557 0.803534 2.008039   1   2  -1 
2455493.544252 0.000000 0.000000 6743.144504 0.793201 6749.158357 -5.301485 6743.856873 -6.013853 0.793201 -0.712369 0.793201 2.008039   1   2  -1 
2455493.544252 0.000000 0.000000 6743.144504 0.793201 6749.158357 -5.301485 6743.856873 -6.013853 0.793201 -0.712369 0.793201 2.008039   1   2  -1 
2455493.550478 0.000000 0.000000 6741.566527 0.810440 6749.158357 -5.304525 6743.853833 -7.591830 0.810440 -2.287306 0.810440 2.008039   1   2  -1 
2455493.550478 0.000000 0.000000 6741.566527 0.810440 6749.158357 -5.304525 6743.853833 -7.591830 0.810440 -2.287306 0.810440 2.008039   1   2  -1 
2455495.535877 0.000000 0.000000 6741.987547 0.802492 6749.158357 -6.294032 6742.864326 -7.170810 0.802492 -0.876779 0.802492 2.008039   1   2  -1 
2455495.535877 0.000000 0.000000 6741.987547 0.802492 6749.158357 -6.294032 6742.864326 -7.170810 0.802492 -0.876779 0.802492 2.008039   1   2  -1 
2455495.541664 0.000000 0.000000 6742.530962 0.850836 6749.158357 -6.295687 6742.862670 -6.627395 0.850836 -0.331708 0.850836 2.008039   1   2  -1 
2455495.541664 0.000000 0.000000 6742.530962 0.850836 6749.158357 -6.295687 6742.862670 -6.627395 0.850836 -0.331708 0.850836 2.008039   1   2  -1 
2455498.517820 0.000000 0.000000 6743.241742 1.327692 6749.158357 -7.821384 6741.336973 -5.916615 1.327692 1.904769 1.327692 2.008039   1   2  -1 
2455498.517820 0.000000 0.000000 6743.241742 1.327692 6749.158357 -7.821384 6741.336973 -5.916615 1.327692 1.904769 1.327692 2.008039   1   2  -1 
2455498.523445 0.000000 0.000000 6742.436859 1.200196 6749.158357 -7.828377 6741.329981 -6.721498 1.200196 1.106878 1.200196 2.008039   1   2  -1 
2455498.523445 0.000000 0.000000 6742.436859 1.200196 6749.158357 -7.828377 6741.329981 -6.721498 1.200196 1.106878 1.200196 2.008039   1   2  -1 
2455500.544007 0.000000 0.000000 6740.389314 0.683673 6749.158357 -10.547729 6738.610628 -8.769043 0.683673 1.778686 0.683673 2.008039   1   2  -1 
2455500.544007 0.000000 0.000000 6740.389314 0.683673 6749.158357 -10.547729 6738.610628 -8.769043 0.683673 1.778686 0.683673 2.008039   1   2  -1 
2455500.549389 0.000000 0.000000 6739.327197 0.744348 6749.158357 -10.553117 6738.605241 -9.831160 0.744348 0.721956 0.744348 2.008039   1   2  -1 
2455500.549389 0.000000 0.000000 6739.327197 0.744348 6749.158357 -10.553117 6738.605241 -9.831160 0.744348 0.721956 0.744348 2.008039   1   2  -1 
2455501.547102 0.000000 0.000000 6738.201800 0.605317 6749.158357 -11.175104 6737.983254 -10.956557 0.605317 0.218546 0.605317 2.008039   1   2  -1 
2455501.547102 0.000000 0.000000 6738.201800 0.605317 6749.158357 -11.175104 6737.983254 -10.956557 0.605317 0.218546 0.605317 2.008039   1   2  -1 
2455501.552738 0.000000 0.000000 6736.954145 0.578445 6749.158357 -11.176541 6737.981816 -12.204212 0.578445 -1.027671 0.578445 2.008039   1   2  -1 
2455501.552738 0.000000 0.000000 6736.954145 0.578445 6749.158357 -11.176541 6737.981816 -12.204212 0.578445 -1.027671 0.578445 2.008039   1   2  -1 
2455505.514789 0.000000 0.000000 6740.070490 0.688526 6749.158357 -12.184689 6736.973668 -9.087867 0.688526 3.096822 0.688526 2.008039   1   2  -1 
2455505.514789 0.000000 0.000000 6740.070490 0.688526 6749.158357 -12.184689 6736.973668 -9.087867 0.688526 3.096822 0.688526 2.008039   1   2  -1 
2455505.520425 0.000000 0.000000 6740.042201 0.681455 6749.158357 -12.188511 6736.969846 -9.116156 0.681455 3.072355 0.681455 2.008039   1   2  -1 
2455505.520425 0.000000 0.000000 6740.042201 0.681455 6749.158357 -12.188511 6736.969846 -9.116156 0.681455 3.072355 0.681455 2.008039   1   2  -1 
2455507.517142 0.000000 0.000000 6737.783175 0.529962 6749.158357 -12.363478 6736.794880 -11.375182 0.529962 0.988295 0.529962 2.008039   1   2  -1 
2455507.517142 0.000000 0.000000 6737.783175 0.529962 6749.158357 -12.363478 6736.794880 -11.375182 0.529962 0.988295 0.529962 2.008039   1   2  -1 
2455507.522824 0.000000 0.000000 6736.008881 0.540417 6749.158357 -12.359691 6736.798666 -13.149476 0.540417 -0.789785 0.540417 2.008039   1   2  -1 
2455507.522824 0.000000 0.000000 6736.008881 0.540417 6749.158357 -12.359691 6736.798666 -13.149476 0.540417 -0.789785 0.540417 2.008039   1   2  -1 
2455509.518050 0.000000 0.000000 6739.147553 0.760523 6749.158357 -10.372245 6738.786112 -10.010804 0.760523 0.361441 0.760523 2.008039   1   2  -1 
2455509.518050 0.000000 0.000000 6739.147553 0.760523 6749.158357 -10.372245 6738.786112 -10.010804 0.760523 0.361441 0.760523 2.008039   1   2  -1 
2455509.523524 0.000000 0.000000 6739.453965 0.709529 6749.158357 -10.367094 6738.791263 -9.704392 0.709529 0.662702 0.709529 2.008039   1   2  -1 
2455509.523524 0.000000 0.000000 6739.453965 0.709529 6749.158357 -10.367094 6738.791263 -9.704392 0.709529 0.662702 0.709529 2.008039   1   2  -1 
2455511.516449 0.000000 0.000000 6736.700627 0.796997 6749.158357 -9.191090 6739.967267 -12.457730 0.796997 -3.266640 0.796997 2.008039   1   2  -1 
2455511.516449 0.000000 0.000000 6736.700627 0.796997 6749.158357 -9.191090 6739.967267 -12.457730 0.796997 -3.266640 0.796997 2.008039   1   2  -1 
2455511.521935 0.000000 0.000000 6737.359679 0.793324 6749.158357 -9.188891 6739.969467 -11.798678 0.793324 -2.609788 0.793324 2.008039   1   2  -1 
2455511.521935 0.000000 0.000000 6737.359679 0.793324 6749.158357 -9.188891 6739.969467 -11.798678 0.793324 -2.609788 0.793324 2.008039   1   2  -1 
2455513.504562 0.000000 0.000000 6739.969627 0.836669 6749.158357 -7.980510 6741.177847 -9.188730 0.836669 -1.208220 0.836669 2.008039   1   2  -1 
2455513.504562 0.000000 0.000000 6739.969627 0.836669 6749.158357 -7.980510 6741.177847 -9.188730 0.836669 -1.208220 0.836669 2.008039   1   2  -1 
2455513.510244 0.000000 0.000000 6739.379536 0.882170 6749.158357 -7.975774 6741.182583 -9.778821 0.882170 -1.803047 0.882170 2.008039   1   2  -1 
2455513.510244 0.000000 0.000000 6739.379536 0.882170 6749.158357 -7.975774 6741.182583 -9.778821 0.882170 -1.803047 0.882170 2.008039   1   2  -1 
2455514.505835 0.000000 0.000000 6740.416095 0.671812 6749.158357 -7.143435 6742.014923 -8.742262 0.671812 -1.598828 0.671812 2.008039   1   2  -1 
2455514.505835 0.000000 0.000000 6740.416095 0.671812 6749.158357 -7.143435 6742.014923 -8.742262 0.671812 -1.598828 0.671812 2.008039   1   2  -1 
2455514.511356 0.000000 0.000000 6741.219400 0.683432 6749.158357 -7.139072 6742.019286 -7.938957 0.683432 -0.799886 0.683432 2.008039   1   2  -1 
2455514.511356 0.000000 0.000000 6741.219400 0.683432 6749.158357 -7.139072 6742.019286 -7.938957 0.683432 -0.799886 0.683432 2.008039   1   2  -1 
2455519.503938 0.000000 0.000000 6751.476274 1.033370 6749.158357 -0.231011 6748.927346 2.317917 1.033370 2.548928 1.033370 2.008039   1   2  -1 
2455519.503938 0.000000 0.000000 6751.476274 1.033370 6749.158357 -0.231011 6748.927346 2.317917 1.033370 2.548928 1.033370 2.008039   1   2  -1 
2455519.508811 0.000000 0.000000 6750.581276 0.996146 6749.158357 -0.220557 6748.937800 1.422919 0.996146 1.643476 0.996146 2.008039   1   2  -1 
2455519.508811 0.000000 0.000000 6750.581276 0.996146 6749.158357 -0.220557 6748.937800 1.422919 0.996146 1.643476 0.996146 2.008039   1   2  -1 
2455523.508036 0.000000 0.000000 6747.670446 0.829835 6749.158357 -1.758670 6747.399688 -1.487911 0.829835 0.270758 0.829835 2.008039   1   2  -1 
2455523.508036 0.000000 0.000000 6747.670446 0.829835 6749.158357 -1.758670 6747.399688 -1.487911 0.829835 0.270758 0.829835 2.008039   1   2  -1 
2455523.513036 0.000000 0.000000 6746.377680 0.865769 6749.158357 -1.763320 6747.395037 -2.780677 0.865769 -1.017357 0.865769 2.008039   1   2  -1 
2455523.513036 0.000000 0.000000 6746.377680 0.865769 6749.158357 -1.763320 6747.395037 -2.780677 0.865769 -1.017357 0.865769 2.008039   1   2  -1 
2455524.521481 0.000000 0.000000 6745.252557 0.667948 6749.158357 -1.828115 6747.330242 -3.905800 0.667948 -2.077685 0.667948 2.008039   1   2  -1 
2455524.521481 0.000000 0.000000 6745.252557 0.667948 6749.158357 -1.828115 6747.330242 -3.905800 0.667948 -2.077685 0.667948 2.008039   1   2  -1 
2455524.526446 0.000000 0.000000 6747.418629 0.678388 6749.158357 -1.824067 6747.334290 -1.739728 0.678388 0.084339 0.678388 2.008039   1   2  -1 
2455524.526446 0.000000 0.000000 6747.418629 0.678388 6749.158357 -1.824067 6747.334290 -1.739728 0.678388 0.084339 0.678388 2.008039   1   2  -1 
2455653.900831 0.000000 0.000000 6744.853956 0.744608 6749.158357 -3.257037 6745.901321 -4.304401 0.744608 -1.047365 0.744608 2.008039   1   2  -1 
2455653.900831 0.000000 0.000000 6744.853956 0.744608 6749.158357 -3.257037 6745.901321 -4.304401 0.744608 -1.047365 0.744608 2.008039   1   2  -1 
2455653.906410 0.000000 0.000000 6744.437562 0.736194 6749.158357 -3.257099 6745.901259 -4.720795 0.736194 -1.463697 0.736194 2.008039   1   2  -1 
2455653.906410 0.000000 0.000000 6744.437562 0.736194 6749.158357 -3.257099 6745.901259 -4.720795 0.736194 -1.463697 0.736194 2.008039   1   2  -1 
2455654.900357 0.000000 0.000000 6743.527057 0.814117 6749.158357 -3.586238 6745.572119 -5.631300 0.814117 -2.045062 0.814117 2.008039   1   2  -1 
2455654.900357 0.000000 0.000000 6743.527057 0.814117 6749.158357 -3.586238 6745.572119 -5.631300 0.814117 -2.045062 0.814117 2.008039   1   2  -1 
2455654.905936 0.000000 0.000000 6743.668193 0.731415 6749.158357 -3.589346 6745.569011 -5.490164 0.731415 -1.900818 0.731415 2.008039   1   2  -1 
2455654.905936 0.000000 0.000000 6743.668193 0.731415 6749.158357 -3.589346 6745.569011 -5.490164 0.731415 -1.900818 0.731415 2.008039   1   2  -1 
2455657.909222 0.000000 0.000000 6743.719643 0.605709 6749.158357 -5.215124 6743.943233 -5.438714 0.605709 -0.223590 0.605709 2.008039   1   2  -1 
2455657.909222 0.000000 0.000000 6743.719643 0.605709 6749.158357 -5.215124 6743.943233 -5.438714 0.605709 -0.223590 0.605709 2.008039   1   2  -1 
2455657.914813 0.000000 0.000000 6741.956807 0.631733 6749.158357 -5.217331 6743.941027 -7.201550 0.631733 -1.984220 0.631733 2.008039   1   2  -1 
2455657.914813 0.000000 0.000000 6741.956807 0.631733 6749.158357 -5.217331 6743.941027 -7.201550 0.631733 -1.984220 0.631733 2.008039   1   2  -1 
2455659.907949 0.000000 0.000000 6742.173855 0.769486 6749.158357 -5.869547 6743.288811 -6.984502 0.769486 -1.114956 0.769486 2.008039   1   2  -1 
2455659.907949 0.000000 0.000000 6742.173855 0.769486 6749.158357 -5.869547 6743.288811 -6.984502 0.769486 -1.114956 0.769486 2.008039   1   2  -1 
2455659.913540 0.000000 0.000000 6744.060561 0.803020 6749.158357 -5.870968 6743.287390 -5.097796 0.803020 0.773171 0.803020 2.008039   1   2  -1 
2455659.913540 0.000000 0.000000 6744.060561 0.803020 6749.158357 -5.870968 6743.287390 -5.097796 0.803020 0.773171 0.803020 2.008039   1   2  -1 
2455660.901884 0.000000 0.000000 6745.219734 0.502349 6749.158357 -6.108562 6743.049796 -3.938623 0.502349 2.169938 0.502349 2.008039   1   2  -1 
2455660.901884 0.000000 0.000000 6745.219734 0.502349 6749.158357 -6.108562 6743.049796 -3.938623 0.502349 2.169938 0.502349 2.008039   1   2  -1 
2455662.902485 0.000000 0.000000 6741.723247 0.948916 6749.158357 -7.223998 6741.934360 -7.435110 0.948916 -0.211113 0.948916 2.008039   1   2  -1 
2455662.902485 0.000000 0.000000 6741.723247 0.948916 6749.158357 -7.223998 6741.934360 -7.435110 0.948916 -0.211113 0.948916 2.008039   1   2  -1 
2455662.908180 0.000000 0.000000 6743.920904 0.909242 6749.158357 -7.229873 6741.928485 -5.237453 0.909242 1.992419 0.909242 2.008039   1   2  -1 
2455662.908180 0.000000 0.000000 6743.920904 0.909242 6749.158357 -7.229873 6741.928485 -5.237453 0.909242 1.992419 0.909242 2.008039   1   2  -1 
2455663.839263 0.000000 0.000000 6740.006775 1.737212 6749.158357 -8.400723 6740.757635 -9.151582 1.737212 -0.750860 1.737212 2.008039   1   2  -1 
2455663.839263 0.000000 0.000000 6740.006775 1.737212 6749.158357 -8.400723 6740.757635 -9.151582 1.737212 -0.750860 1.737212 2.008039   1   2  -1 
2455672.897729 0.000000 0.000000 6742.158654 0.653920 6749.158357 -9.685103 6739.473254 -6.999703 0.653920 2.685400 0.653920 2.008039   1   2  -1 
2455672.897729 0.000000 0.000000 6742.158654 0.653920 6749.158357 -9.685103 6739.473254 -6.999703 0.653920 2.685400 0.653920 2.008039   1   2  -1 
2455672.902775 0.000000 0.000000 6743.643604 0.601277 6749.158357 -9.698520 6739.459838 -5.514753 0.601277 4.183766 0.601277 2.008039   1   2  -1 
2455672.902775 0.000000 0.000000 6743.643604 0.601277 6749.158357 -9.698520 6739.459838 -5.514753 0.601277 4.183766 0.601277 2.008039   1   2  -1 
2455675.905453 0.000000 0.000000 6741.296177 0.422700 6749.158357 -8.720711 6740.437646 -7.862180 0.422700 0.858531 0.422700 2.008039   1   2  -1 
2455675.905453 0.000000 0.000000 6741.296177 0.422700 6749.158357 -8.720711 6740.437646 -7.862180 0.422700 0.858531 0.422700 2.008039   1   2  -1 
2455679.879903 0.000000 0.000000 6740.439105 0.504578 6749.158357 -7.378578 6741.779780 -8.719252 0.504578 -1.340675 0.504578 2.008039   1   2  -1 
2455679.879903 0.000000 0.000000 6740.439105 0.504578 6749.158357 -7.378578 6741.779780 -8.719252 0.504578 -1.340675 0.504578 2.008039   1   2  -1 
2455679.885123 0.000000 0.000000 6741.251299 0.513702 6749.158357 -7.382479 6741.775879 -7.907058 0.513702 -0.524580 0.513702 2.008039   1   2  -1 
2455679.885123 0.000000 0.000000 6741.251299 0.513702 6749.158357 -7.382479 6741.775879 -7.907058 0.513702 -0.524580 0.513702 2.008039   1   2  -1 
2455712.893679 0.000000 0.000000 6743.439908 0.560355 6749.158357 -5.836670 6743.321688 -5.718449 0.560355 0.118220 0.560355 2.008039   1   2  -1 
2455712.893679 0.000000 0.000000 6743.439908 0.560355 6749.158357 -5.836670 6743.321688 -5.718449 0.560355 0.118220 0.560355 2.008039   1   2  -1 
2455715.864679 0.000000 0.000000 6747.620719 1.363467 6749.158357 -3.753866 6745.404491 -1.537638 1.363467 2.216228 1.363467 2.008039   1   2  -1 
2455715.864679 0.000000 0.000000 6747.620719 1.363467 6749.158357 -3.753866 6745.404491 -1.537638 1.363467 2.216228 1.363467 2.008039   1   2  -1 
2455715.867376 0.000000 0.000000 6744.977745 1.418842 6749.158357 -3.752011 6745.406347 -4.180612 1.418842 -0.428602 1.418842 2.008039   1   2  -1 
2455715.867376 0.000000 0.000000 6744.977745 1.418842 6749.158357 -3.752011 6745.406347 -4.180612 1.418842 -0.428602 1.418842 2.008039   1   2  -1 
2455715.869992 0.000000 0.000000 6742.248056 1.436778 6749.158357 -3.750210 6745.408147 -6.910301 1.436778 -3.160091 1.436778 2.008039   1   2  -1 
2455715.869992 0.000000 0.000000 6742.248056 1.436778 6749.158357 -3.750210 6745.408147 -6.910301 1.436778 -3.160091 1.436778 2.008039   1   2  -1 
2455715.872747 0.000000 0.000000 6746.539265 1.484829 6749.158357 -3.748313 6745.410044 -2.619092 1.484829 1.129221 1.484829 2.008039   1   2  -1 
2455715.872747 0.000000 0.000000 6746.539265 1.484829 6749.158357 -3.748313 6745.410044 -2.619092 1.484829 1.129221 1.484829 2.008039   1   2  -1 
2455727.859452 0.000000 0.000000 6749.048938 1.056398 6749.158357 -1.791551 6747.366806 -0.109419 1.056398 1.682132 1.056398 2.008039   1   2  -1 
2455727.859452 0.000000 0.000000 6749.048938 1.056398 6749.158357 -1.791551 6747.366806 -0.109419 1.056398 1.682132 1.056398 2.008039   1   2  -1 
2455727.863145 0.000000 0.000000 6746.852638 1.033327 6749.158357 -1.789959 6747.368399 -2.305719 1.033327 -0.515761 1.033327 2.008039   1   2  -1 
2455727.863145 0.000000 0.000000 6746.852638 1.033327 6749.158357 -1.789959 6747.368399 -2.305719 1.033327 -0.515761 1.033327 2.008039   1   2  -1 
2455727.866953 0.000000 0.000000 6748.121533 1.119485 6749.158357 -1.788348 6747.370009 -1.036824 1.119485 0.751524 1.119485 2.008039   1   2  -1 
2455727.866953 0.000000 0.000000 6748.121533 1.119485 6749.158357 -1.788348 6747.370009 -1.036824 1.119485 0.751524 1.119485 2.008039   1   2  -1 
2455735.809170 0.000000 0.000000 6744.754804 0.526032 6749.158357 -4.028916 6745.129442 -4.403553 0.526032 -0.374638 0.526032 2.008039   1   2  -1 
2455735.809170 0.000000 0.000000 6744.754804 0.526032 6749.158357 -4.028916 6745.129442 -4.403553 0.526032 -0.374638 0.526032 2.008039   1   2  -1 
2455754.777241 0.000000 0.000000 6746.468927 1.091349 6749.158357 -2.667090 6746.491267 -2.689430 1.091349 -0.022340 1.091349 2.008039   1   2  -1 
2455754.777241 0.000000 0.000000 6746.468927 1.091349 6749.158357 -2.667090 6746.491267 -2.689430 1.091349 -0.022340 1.091349 2.008039   1   2  -1 
2455755.755721 0.000000 0.000000 6744.820061 0.768792 6749.158357 -3.061734 6746.096624 -4.338296 0.768792 -1.276563 0.768792 2.008039   1   2  -1 
2455755.755721 0.000000 0.000000 6744.820061 0.768792 6749.158357 -3.061734 6746.096624 -4.338296 0.768792 -1.276563 0.768792 2.008039   1   2  -1 
2455769.736300 0.000000 0.000000 6741.910452 0.677532 6749.158357 -6.040861 6743.117496 -7.247905 0.677532 -1.207044 0.677532 2.008039   1   2  -1 
2455769.736300 0.000000 0.000000 6741.910452 0.677532 6749.158357 -6.040861 6743.117496 -7.247905 0.677532 -1.207044 0.677532 2.008039   1   2  -1 
2455769.742075 0.000000 0.000000 6742.850451 0.770313 6749.158357 -6.027836 6743.130521 -6.307906 0.770313 -0.280070 0.770313 2.008039   1   2  -1 
2455769.742075 0.000000 0.000000 6742.850451 0.770313 6749.158357 -6.027836 6743.130521 -6.307906 0.770313 -0.280070 0.770313 2.008039   1   2  -1 
2455776.628483 0.000000 0.000000 6750.213357 0.712348 6749.158357 -2.570660 6746.587698 1.055000 0.712348 3.625659 0.712348 2.008039   1   2  -1 
2455776.628483 0.000000 0.000000 6750.213357 0.712348 6749.158357 -2.570660 6746.587698 1.055000 0.712348 3.625659 0.712348 2.008039   1   2  -1 
2455782.624998 0.000000 0.000000 6747.016802 0.761072 6749.158357 -3.304225 6745.854132 -2.141555 0.761072 1.162670 0.761072 2.008039   1   2  -1 
2455782.624998 0.000000 0.000000 6747.016802 0.761072 6749.158357 -3.304225 6745.854132 -2.141555 0.761072 1.162670 0.761072 2.008039   1   2  -1 
2455784.737667 0.000000 0.000000 6741.817184 0.545366 6749.158357 -4.161904 6744.996453 -7.341173 0.545366 -3.179269 0.545366 2.008039   1   2  -1 
2455784.737667 0.000000 0.000000 6741.817184 0.545366 6749.158357 -4.161904 6744.996453 -7.341173 0.545366 -3.179269 0.545366 2.008039   1   2  -1 
2455801.526698 0.000000 0.000000 6751.852184 1.273141 6749.158357 -2.463898 6746.694460 2.693827 1.273141 5.157724 1.273141 2.008039   1   2  -1 
2455801.526698 0.000000 0.000000 6751.852184 1.273141 6749.158357 -2.463898 6746.694460 2.693827 1.273141 5.157724 1.273141 2.008039   1   2  -1 
2455801.531628 0.000000 0.000000 6748.995510 1.177162 6749.158357 -2.458482 6746.699875 -0.162847 1.177162 2.295635 1.177162 2.008039   1   2  -1 
2455801.531628 0.000000 0.000000 6748.995510 1.177162 6749.158357 -2.458482 6746.699875 -0.162847 1.177162 2.295635 1.177162 2.008039   1   2  -1 
2455804.632333 0.000000 0.000000 6745.335970 1.120566 6749.158357 -4.540157 6744.618200 -3.822387 1.120566 0.717770 1.120566 2.008039   1   2  -1 
2455804.632333 0.000000 0.000000 6745.335970 1.120566 6749.158357 -4.540157 6744.618200 -3.822387 1.120566 0.717770 1.120566 2.008039   1   2  -1 
2455804.637669 0.000000 0.000000 6747.868911 1.032150 6749.158357 -4.546042 6744.612315 -1.289446 1.032150 3.256596 1.032150 2.008039   1   2  -1 
2455804.637669 0.000000 0.000000 6747.868911 1.032150 6749.158357 -4.546042 6744.612315 -1.289446 1.032150 3.256596 1.032150 2.008039   1   2  -1 
2455807.626267 0.000000 0.000000 6743.760974 0.965710 6749.158357 -4.464378 6744.693979 -5.397383 0.965710 -0.933005 0.965710 2.008039   1   2  -1 
2455807.626267 0.000000 0.000000 6743.760974 0.965710 6749.158357 -4.464378 6744.693979 -5.397383 0.965710 -0.933005 0.965710 2.008039   1   2  -1 
2455807.631162 0.000000 0.000000 6744.367308 0.886584 6749.158357 -4.461394 6744.696963 -4.791049 0.886584 -0.329655 0.886584 2.008039   1   2  -1 
2455807.631162 0.000000 0.000000 6744.367308 0.886584 6749.158357 -4.461394 6744.696963 -4.791049 0.886584 -0.329655 0.886584 2.008039   1   2  -1 
2455810.581550 0.000000 0.000000 6749.536319 0.754194 6749.158357 -2.141902 6747.016455 0.377962 0.754194 2.519864 0.754194 2.008039   1   2  -1 
2455810.581550 0.000000 0.000000 6749.536319 0.754194 6749.158357 -2.141902 6747.016455 0.377962 0.754194 2.519864 0.754194 2.008039   1   2  -1 
2455810.586723 0.000000 0.000000 6745.341822 0.797392 6749.158357 -2.134937 6747.023420 -3.816535 0.797392 -1.681598 0.797392 2.008039   1   2  -1 
2455810.586723 0.000000 0.000000 6745.341822 0.797392 6749.158357 -2.134937 6747.023420 -3.816535 0.797392 -1.681598 0.797392 2.008039   1   2  -1 
2455816.587002 0.000000 0.000000 6736.994306 0.959785 6749.158357 -9.337289 6739.821069 -12.164051 0.959785 -2.826763 0.959785 2.008039   1   2  -1 
2455816.587002 0.000000 0.000000 6736.994306 0.959785 6749.158357 -9.337289 6739.821069 -12.164051 0.959785 -2.826763 0.959785 2.008039   1   2  -1 
2455816.590578 0.000000 0.000000 6737.632453 0.889883 6749.158357 -9.345031 6739.813326 -11.525904 0.889883 -2.180873 0.889883 2.008039   1   2  -1 
2455816.590578 0.000000 0.000000 6737.632453 0.889883 6749.158357 -9.345031 6739.813326 -11.525904 0.889883 -2.180873 0.889883 2.008039   1   2  -1 
2455816.594154 0.000000 0.000000 6736.813114 0.876464 6749.158357 -9.352744 6739.805613 -12.345243 0.876464 -2.992499 0.876464 2.008039   1   2  -1 
2455816.594154 0.000000 0.000000 6736.813114 0.876464 6749.158357 -9.352744 6739.805613 -12.345243 0.876464 -2.992499 0.876464 2.008039   1   2  -1 
2455834.622073 0.000000 0.000000 6741.622283 0.577372 6749.158357 -6.839275 6742.319082 -7.536074 0.577372 -0.696799 0.577372 2.008039   1   2  -1 
2455834.622073 0.000000 0.000000 6741.622283 0.577372 6749.158357 -6.839275 6742.319082 -7.536074 0.577372 -0.696799 0.577372 2.008039   1   2  -1 
2455834.627593 0.000000 0.000000 6741.694550 0.576524 6749.158357 -6.836319 6742.322038 -7.463807 0.576524 -0.627488 0.576524 2.008039   1   2  -1 
2455834.627593 0.000000 0.000000 6741.694550 0.576524 6749.158357 -6.836319 6742.322038 -7.463807 0.576524 -0.627488 0.576524 2.008039   1   2  -1 
2455836.585712 0.000000 0.000000 6742.623220 0.680522 6749.158357 -5.114058 6744.044300 -6.535137 0.680522 -1.421080 0.680522 2.008039   1   2  -1 
2455836.585712 0.000000 0.000000 6742.623220 0.680522 6749.158357 -5.114058 6744.044300 -6.535137 0.680522 -1.421080 0.680522 2.008039   1   2  -1 
2455836.591440 0.000000 0.000000 6741.147612 0.679136 6749.158357 -5.107229 6744.051128 -8.010745 0.679136 -2.903516 0.679136 2.008039   1   2  -1 
2455836.591440 0.000000 0.000000 6741.147612 0.679136 6749.158357 -5.107229 6744.051128 -8.010745 0.679136 -2.903516 0.679136 2.008039   1   2  -1 
2455839.585007 0.000000 0.000000 6748.405228 0.910132 6749.158357 -1.479788 6747.678569 -0.753129 0.910132 0.726659 0.910132 2.008039   1   2  -1 
2455839.585007 0.000000 0.000000 6748.405228 0.910132 6749.158357 -1.479788 6747.678569 -0.753129 0.910132 0.726659 0.910132 2.008039   1   2  -1 
2455839.590794 0.000000 0.000000 6747.617891 0.919769 6749.158357 -1.475088 6747.683269 -1.540466 0.919769 -0.065378 0.919769 2.008039   1   2  -1 
2455839.590794 0.000000 0.000000 6747.617891 0.919769 6749.158357 -1.475088 6747.683269 -1.540466 0.919769 -0.065378 0.919769 2.008039   1   2  -1 
2455842.549547 0.000000 0.000000 6752.493747 1.066299 6749.158357 -1.369889 6747.788468 3.335390 1.066299 4.705279 1.066299 2.008039   1   2  -1 
2455842.549547 0.000000 0.000000 6752.493747 1.066299 6749.158357 -1.369889 6747.788468 3.335390 1.066299 4.705279 1.066299 2.008039   1   2  -1 
2455842.555033 0.000000 0.000000 6750.073896 0.873203 6749.158357 -1.372574 6747.785783 0.915539 0.873203 2.288113 0.873203 2.008039   1   2  -1 
2455842.555033 0.000000 0.000000 6750.073896 0.873203 6749.158357 -1.372574 6747.785783 0.915539 0.873203 2.288113 0.873203 2.008039   1   2  -1 
2455845.575633 0.000000 0.000000 6749.336050 1.067738 6749.158357 -1.945648 6747.212709 0.177693 1.067738 2.123341 1.067738 2.008039   1   2  -1 
2455845.575633 0.000000 0.000000 6749.336050 1.067738 6749.158357 -1.945648 6747.212709 0.177693 1.067738 2.123341 1.067738 2.008039   1   2  -1 
2455845.581258 0.000000 0.000000 6747.769866 0.922401 6749.158357 -1.944545 6747.213813 -1.388491 0.922401 0.556053 0.922401 2.008039   1   2  -1 
2455845.581258 0.000000 0.000000 6747.769866 0.922401 6749.158357 -1.944545 6747.213813 -1.388491 0.922401 0.556053 0.922401 2.008039   1   2  -1 
2455870.498785 0.000000 0.000000 6742.487318 0.730627 6749.158357 -9.122718 6740.035640 -6.671039 0.730627 2.451678 0.730627 2.008039   1   2  -1 
2455870.498785 0.000000 0.000000 6742.487318 0.730627 6749.158357 -9.122718 6740.035640 -6.671039 0.730627 2.451678 0.730627 2.008039   1   2  -1 
2455870.504422 0.000000 0.000000 6741.521976 0.718479 6749.158357 -9.130906 6740.027452 -7.636381 0.718479 1.494524 0.718479 2.008039   1   2  -1 
2455870.504422 0.000000 0.000000 6741.521976 0.718479 6749.158357 -9.130906 6740.027452 -7.636381 0.718479 1.494524 0.718479 2.008039   1   2  -1 
2455874.532217 0.000000 0.000000 6744.629305 1.027595 6749.158357 -5.635874 6743.522483 -4.529052 1.027595 1.106822 1.027595 2.008039   1   2  -1 
2455874.532217 0.000000 0.000000 6744.629305 1.027595 6749.158357 -5.635874 6743.522483 -4.529052 1.027595 1.106822 1.027595 2.008039   1   2  -1 
2455874.537437 0.000000 0.000000 6744.608219 1.390676 6749.158357 -5.633116 6743.525241 -4.550138 1.390676 1.082978 1.390676 2.008039   1   2  -1 
2455874.537437 0.000000 0.000000 6744.608219 1.390676 6749.158357 -5.633116 6743.525241 -4.550138 1.390676 1.082978 1.390676 2.008039   1   2  -1 
2455878.549549 0.000000 0.000000 6743.133515 1.360956 6749.158357 -3.680004 6745.478354 -6.024842 1.360956 -2.344839 1.360956 2.008039   1   2  -1 
2455878.549549 0.000000 0.000000 6743.133515 1.360956 6749.158357 -3.680004 6745.478354 -6.024842 1.360956 -2.344839 1.360956 2.008039   1   2  -1 
2455878.554965 0.000000 0.000000 6740.135198 1.321422 6749.158357 -3.668309 6745.490048 -9.023159 1.321422 -5.354850 1.321422 2.008039   1   2  -1 
2455878.554965 0.000000 0.000000 6740.135198 1.321422 6749.158357 -3.668309 6745.490048 -9.023159 1.321422 -5.354850 1.321422 2.008039   1   2  -1 
2456020.892743 0.000000 0.000000 6745.146307 0.800504 6749.158357 -3.694029 6745.464328 -4.012050 0.800504 -0.318021 0.800504 2.008039   1   2  -1 
2456020.892743 0.000000 0.000000 6745.146307 0.800504 6749.158357 -3.694029 6745.464328 -4.012050 0.800504 -0.318021 0.800504 2.008039   1   2  -1 
2456020.898160 0.000000 0.000000 6746.202855 0.781449 6749.158357 -3.697801 6745.460557 -2.955502 0.781449 0.742298 0.781449 2.008039   1   2  -1 
2456020.898160 0.000000 0.000000 6746.202855 0.781449 6749.158357 -3.697801 6745.460557 -2.955502 0.781449 0.742298 0.781449 2.008039   1   2  -1 
2456022.889397 0.000000 0.000000 6744.288656 0.994688 6749.158357 -3.630605 6745.527752 -4.869701 0.994688 -1.239096 0.994688 2.008039   1   2  -1 
2456022.889397 0.000000 0.000000 6744.288656 0.994688 6749.158357 -3.630605 6745.527752 -4.869701 0.994688 -1.239096 0.994688 2.008039   1   2  -1 
2456022.894884 0.000000 0.000000 6746.835284 1.113054 6749.158357 -3.629228 6745.529129 -2.323073 1.113054 1.306155 1.113054 2.008039   1   2  -1 
2456022.894884 0.000000 0.000000 6746.835284 1.113054 6749.158357 -3.629228 6745.529129 -2.323073 1.113054 1.306155 1.113054 2.008039   1   2  -1 
2456024.891353 0.000000 0.000000 6742.988987 0.857313 6749.158357 -4.243046 6744.915311 -6.169370 0.857313 -1.926324 0.857313 2.008039   1   2  -1 
2456024.891353 0.000000 0.000000 6742.988987 0.857313 6749.158357 -4.243046 6744.915311 -6.169370 0.857313 -1.926324 0.857313 2.008039   1   2  -1 
2456024.897048 0.000000 0.000000 6744.748045 0.814076 6749.158357 -4.247538 6744.910819 -4.410312 0.814076 -0.162774 0.814076 2.008039   1   2  -1 
2456024.897048 0.000000 0.000000 6744.748045 0.814076 6749.158357 -4.247538 6744.910819 -4.410312 0.814076 -0.162774 0.814076 2.008039   1   2  -1 
2456028.922257 0.000000 0.000000 6746.543190 0.690565 6749.158357 -3.158214 6746.000143 -2.615167 0.690565 0.543047 0.690565 2.008039   1   2  -1 
2456028.922257 0.000000 0.000000 6746.543190 0.690565 6749.158357 -3.158214 6746.000143 -2.615167 0.690565 0.543047 0.690565 2.008039   1   2  -1 
2456029.892891 0.000000 0.000000 6747.320493 1.086998 6749.158357 -2.518131 6746.640227 -1.837864 1.086998 0.680266 1.086998 2.008039   1   2  -1 
2456029.892891 0.000000 0.000000 6747.320493 1.086998 6749.158357 -2.518131 6746.640227 -1.837864 1.086998 0.680266 1.086998 2.008039   1   2  -1 
2456029.898354 0.000000 0.000000 6748.760240 1.038533 6749.158357 -2.516763 6746.641594 -0.398117 1.038533 2.118646 1.038533 2.008039   1   2  -1 
2456029.898354 0.000000 0.000000 6748.760240 1.038533 6749.158357 -2.516763 6746.641594 -0.398117 1.038533 2.118646 1.038533 2.008039   1   2  -1 
2456031.852968 0.000000 0.000000 6747.989211 0.817617 6749.158357 -3.419509 6745.738848 -1.169146 0.817617 2.250363 0.817617 2.008039   1   2  -1 
2456031.852968 0.000000 0.000000 6747.989211 0.817617 6749.158357 -3.419509 6745.738848 -1.169146 0.817617 2.250363 0.817617 2.008039   1   2  -1 
2456052.857065 0.000000 0.000000 6746.249978 0.812636 6749.158357 -4.503477 6744.654880 -2.908379 0.812636 1.595098 0.812636 2.008039   1   2  -1 
2456052.857065 0.000000 0.000000 6746.249978 0.812636 6749.158357 -4.503477 6744.654880 -2.908379 0.812636 1.595098 0.812636 2.008039   1   2  -1 
2456052.862482 0.000000 0.000000 6745.619923 0.787680 6749.158357 -4.506683 6744.651674 -3.538434 0.787680 0.968249 0.787680 2.008039   1   2  -1 
2456052.862482 0.000000 0.000000 6745.619923 0.787680 6749.158357 -4.506683 6744.651674 -3.538434 0.787680 0.968249 0.787680 2.008039   1   2  -1 
2456053.851639 0.000000 0.000000 6743.166273 0.874947 6749.158357 -4.930616 6744.227741 -5.992084 0.874947 -1.061468 0.874947 2.008039   1   2  -1 
2456053.851639 0.000000 0.000000 6743.166273 0.874947 6749.158357 -4.930616 6744.227741 -5.992084 0.874947 -1.061468 0.874947 2.008039   1   2  -1 
2456053.857114 0.000000 0.000000 6741.264696 0.828685 6749.158357 -4.932053 6744.226305 -7.893661 0.828685 -2.961609 0.828685 2.008039   1   2  -1 
2456053.857114 0.000000 0.000000 6741.264696 0.828685 6749.158357 -4.932053 6744.226305 -7.893661 0.828685 -2.961609 0.828685 2.008039   1   2  -1 
2456054.839916 0.000000 0.000000 6746.508998 0.533012 6749.158357 -4.995881 6744.162476 -2.649359 0.533012 2.346522 0.533012 2.008039   1   2  -1 
2456054.839916 0.000000 0.000000 6746.508998 0.533012 6749.158357 -4.995881 6744.162476 -2.649359 0.533012 2.346522 0.533012 2.008039   1   2  -1 
2456055.886865 0.000000 0.000000 6744.080866 0.509706 6749.158357 -4.559684 6744.598674 -5.077491 0.509706 -0.517808 0.509706 2.008039   1   2  -1 
2456055.886865 0.000000 0.000000 6744.080866 0.509706 6749.158357 -4.559684 6744.598674 -5.077491 0.509706 -0.517808 0.509706 2.008039   1   2  -1 
2456056.818146 0.000000 0.000000 6747.963625 0.893302 6749.158357 -3.786769 6745.371588 -1.194732 0.893302 2.592037 0.893302 2.008039   1   2  -1 
2456056.818146 0.000000 0.000000 6747.963625 0.893302 6749.158357 -3.786769 6745.371588 -1.194732 0.893302 2.592037 0.893302 2.008039   1   2  -1 
2456056.823714 0.000000 0.000000 6744.469105 0.813986 6749.158357 -3.781603 6745.376754 -4.689252 0.813986 -0.907649 0.813986 2.008039   1   2  -1 
2456056.823714 0.000000 0.000000 6744.469105 0.813986 6749.158357 -3.781603 6745.376754 -4.689252 0.813986 -0.907649 0.813986 2.008039   1   2  -1 
2456078.843392 0.000000 0.000000 6746.158961 0.647558 6749.158357 0.244735 6749.403092 -2.999396 0.647558 -3.244131 0.647558 2.008039   1   2  -1 
2456078.843392 0.000000 0.000000 6746.158961 0.647558 6749.158357 0.244735 6749.403092 -2.999396 0.647558 -3.244131 0.647558 2.008039   1   2  -1 
2456078.849075 0.000000 0.000000 6745.719595 0.632973 6749.158357 0.247919 6749.406276 -3.438762 0.632973 -3.686681 0.632973 2.008039   1   2  -1 
2456078.849075 0.000000 0.000000 6745.719595 0.632973 6749.158357 0.247919 6749.406276 -3.438762 0.632973 -3.686681 0.632973 2.008039   1   2  -1 
2456081.832748 0.000000 0.000000 6746.860997 0.796018 6749.158357 0.082122 6749.240480 -2.297360 0.796018 -2.379483 0.796018 2.008039   1   2  -1 
2456081.832748 0.000000 0.000000 6746.860997 0.796018 6749.158357 0.082122 6749.240480 -2.297360 0.796018 -2.379483 0.796018 2.008039   1   2  -1 
2456081.838651 0.000000 0.000000 6746.160349 0.647447 6749.158357 0.080033 6749.238390 -2.998008 0.647447 -3.078041 0.647447 2.008039   1   2  -1 
2456081.838651 0.000000 0.000000 6746.160349 0.647447 6749.158357 0.080033 6749.238390 -2.998008 0.647447 -3.078041 0.647447 2.008039   1   2  -1 
2456085.820521 0.000000 0.000000 6748.615188 0.878497 6749.158357 -1.254913 6747.903445 -0.543169 0.878497 0.711743 0.878497 2.008039   1   2  -1 
2456085.820521 0.000000 0.000000 6748.615188 0.878497 6749.158357 -1.254913 6747.903445 -0.543169 0.878497 0.711743 0.878497 2.008039   1   2  -1 
2456085.826250 0.000000 0.000000 6749.360613 0.917873 6749.158357 -1.257064 6747.901294 0.202256 0.917873 1.459319 0.917873 2.008039   1   2  -1 
2456085.826250 0.000000 0.000000 6749.360613 0.917873 6749.158357 -1.257064 6747.901294 0.202256 0.917873 1.459319 0.917873 2.008039   1   2  -1 
2456088.742747 0.000000 0.000000 6753.524666 0.549399 6749.158357 -0.430026 6748.728331 4.366309 0.549399 4.796335 0.549399 2.008039   1   2  -1 
2456088.742747 0.000000 0.000000 6753.524666 0.549399 6749.158357 -0.430026 6748.728331 4.366309 0.549399 4.796335 0.549399 2.008039   1   2  -1 
2456092.900369 0.000000 0.000000 6751.383386 0.628826 6749.158357 1.067877 6750.226234 2.225029 0.628826 1.157152 0.628826 2.008039   1   2  -1 
2456092.900369 0.000000 0.000000 6751.383386 0.628826 6749.158357 1.067877 6750.226234 2.225029 0.628826 1.157152 0.628826 2.008039   1   2  -1 
2456115.815540 0.000000 0.000000 6754.277043 0.776191 6749.158357 3.329500 6752.487857 5.118686 0.776191 1.789186 0.776191 2.008039   1   2  -1 
2456115.815540 0.000000 0.000000 6754.277043 0.776191 6749.158357 3.329500 6752.487857 5.118686 0.776191 1.789186 0.776191 2.008039   1   2  -1 
2456118.809984 0.000000 0.000000 6751.338923 0.512854 6749.158357 1.443022 6750.601380 2.180566 0.512854 0.737543 0.512854 2.008039   1   2  -1 
2456118.809984 0.000000 0.000000 6751.338923 0.512854 6749.158357 1.443022 6750.601380 2.180566 0.512854 0.737543 0.512854 2.008039   1   2  -1 
2456121.820367 0.000000 0.000000 6748.884407 1.411859 6749.158357 1.627363 6750.785721 -0.273950 1.411859 -1.901314 1.411859 2.008039   1   2  -1 
2456121.820367 0.000000 0.000000 6748.884407 1.411859 6749.158357 1.627363 6750.785721 -0.273950 1.411859 -1.901314 1.411859 2.008039   1   2  -1 
2456149.686124 0.000000 0.000000 6745.208573 0.845009 6749.158357 -3.151869 6746.006489 -3.949784 0.845009 -0.797916 0.845009 2.008039   1   2  -1 
2456149.686124 0.000000 0.000000 6745.208573 0.845009 6749.158357 -3.151869 6746.006489 -3.949784 0.845009 -0.797916 0.845009 2.008039   1   2  -1 
2456154.723489 0.000000 0.000000 6753.155186 0.865117 6749.158357 4.745914 6753.904271 3.996829 0.865117 -0.749085 0.865117 2.008039   1   2  -1 
2456154.723489 0.000000 0.000000 6753.155186 0.865117 6749.158357 4.745914 6753.904271 3.996829 0.865117 -0.749085 0.865117 2.008039   1   2  -1 
2456154.728442 0.000000 0.000000 6756.664798 1.281739 6749.158357 4.753180 6753.911537 7.506441 1.281739 2.753261 1.281739 2.008039   1   2  -1 
2456154.728442 0.000000 0.000000 6756.664798 1.281739 6749.158357 4.753180 6753.911537 7.506441 1.281739 2.753261 1.281739 2.008039   1   2  -1 
2456166.527551 0.000000 0.000000 6750.235757 0.645517 6749.158357 0.480743 6749.639100 1.077400 0.645517 0.596657 0.645517 2.008039   1   2  -1 
2456166.527551 0.000000 0.000000 6750.235757 0.645517 6749.158357 0.480743 6749.639100 1.077400 0.645517 0.596657 0.645517 2.008039   1   2  -1 
2456168.609469 0.000000 0.000000 6746.933111 0.971404 6749.158357 -2.382380 6746.775977 -2.225246 0.971404 0.157134 0.971404 2.008039   1   2  -1 
2456168.609469 0.000000 0.000000 6746.933111 0.971404 6749.158357 -2.382380 6746.775977 -2.225246 0.971404 0.157134 0.971404 2.008039   1   2  -1 
2456168.615105 0.000000 0.000000 6744.859936 0.857956 6749.158357 -2.390207 6746.768151 -4.298421 0.857956 -1.908215 0.857956 2.008039   1   2  -1 
2456168.615105 0.000000 0.000000 6744.859936 0.857956 6749.158357 -2.390207 6746.768151 -4.298421 0.857956 -1.908215 0.857956 2.008039   1   2  -1 
2456171.510563 0.000000 0.000000 6746.779196 0.523911 6749.158357 -1.719765 6747.438592 -2.379161 0.523911 -0.659396 0.523911 2.008039   1   2  -1 
2456171.510563 0.000000 0.000000 6746.779196 0.523911 6749.158357 -1.719765 6747.438592 -2.379161 0.523911 -0.659396 0.523911 2.008039   1   2  -1 
2456173.694840 0.000000 0.000000 6745.694408 0.870055 6749.158357 -1.148692 6748.009666 -3.463949 0.870055 -2.315258 0.870055 2.008039   1   2  -1 
2456173.694840 0.000000 0.000000 6745.694408 0.870055 6749.158357 -1.148692 6748.009666 -3.463949 0.870055 -2.315258 0.870055 2.008039   1   2  -1 
2456181.612869 0.000000 0.000000 6746.780093 0.609426 6749.158357 0.188095 6749.346452 -2.378264 0.609426 -2.566359 0.609426 2.008039   1   2  -1 
2456181.612869 0.000000 0.000000 6746.780093 0.609426 6749.158357 0.188095 6749.346452 -2.378264 0.609426 -2.566359 0.609426 2.008039   1   2  -1 
2456186.623747 0.000000 0.000000 6750.623304 0.538290 6749.158357 1.476403 6750.634760 1.464947 0.538290 -0.011456 0.538290 2.008039   1   2  -1 
2456186.623747 0.000000 0.000000 6750.623304 0.538290 6749.158357 1.476403 6750.634760 1.464947 0.538290 -0.011456 0.538290 2.008039   1   2  -1 
2456189.666838 0.000000 0.000000 6748.504253 1.709832 6749.158357 2.109726 6751.268084 -0.654104 1.709832 -2.763831 1.709832 2.008039   1   2  -1 
2456189.666838 0.000000 0.000000 6748.504253 1.709832 6749.158357 2.109726 6751.268084 -0.654104 1.709832 -2.763831 1.709832 2.008039   1   2  -1 
2456190.592865 0.000000 0.000000 6750.871459 0.873280 6749.158357 2.687500 6751.845857 1.713102 0.873280 -0.974398 0.873280 2.008039   1   2  -1 
2456190.592865 0.000000 0.000000 6750.871459 0.873280 6749.158357 2.687500 6751.845857 1.713102 0.873280 -0.974398 0.873280 2.008039   1   2  -1 
2456190.598548 0.000000 0.000000 6750.369171 0.820368 6749.158357 2.688483 6751.846840 1.210814 0.820368 -1.477669 0.820368 2.008039   1   2  -1 
2456190.598548 0.000000 0.000000 6750.369171 0.820368 6749.158357 2.688483 6751.846840 1.210814 0.820368 -1.477669 0.820368 2.008039   1   2  -1 
2456195.586272 0.000000 0.000000 6749.872183 0.911842 6749.158357 5.559740 6754.718098 0.713826 0.911842 -4.845915 0.911842 2.008039   1   2  -1 
2456195.586272 0.000000 0.000000 6749.872183 0.911842 6749.158357 5.559740 6754.718098 0.713826 0.911842 -4.845915 0.911842 2.008039   1   2  -1 
2456195.591793 0.000000 0.000000 6753.010576 0.913007 6749.158357 5.572622 6754.730979 3.852219 0.913007 -1.720403 0.913007 2.008039   1   2  -1 
2456195.591793 0.000000 0.000000 6753.010576 0.913007 6749.158357 5.572622 6754.730979 3.852219 0.913007 -1.720403 0.913007 2.008039   1   2  -1 
2456198.564091 0.000000 0.000000 6752.020828 1.186346 6749.158357 6.327531 6755.485889 2.862471 1.186346 -3.465061 1.186346 2.008039   1   2  -1 
2456198.564091 0.000000 0.000000 6752.020828 1.186346 6749.158357 6.327531 6755.485889 2.862471 1.186346 -3.465061 1.186346 2.008039   1   2  -1 
2456198.569866 0.000000 0.000000 6752.133778 1.250845 6749.158357 6.318864 6755.477221 2.975421 1.250845 -3.343443 1.250845 2.008039   1   2  -1 
2456198.569866 0.000000 0.000000 6752.133778 1.250845 6749.158357 6.318864 6755.477221 2.975421 1.250845 -3.343443 1.250845 2.008039   1   2  -1 
2456204.547188 0.000000 0.000000 6753.568624 0.781661 6749.158357 3.535923 6752.694281 4.410267 0.781661 0.874343 0.781661 2.008039   1   2  -1 
2456204.547188 0.000000 0.000000 6753.568624 0.781661 6749.158357 3.535923 6752.694281 4.410267 0.781661 0.874343 0.781661 2.008039   1   2  -1 
2456205.523197 0.000000 0.000000 6749.089385 0.447471 6749.158357 1.779812 6750.938169 -0.068972 0.447471 -1.848784 0.447471 2.008039   1   2  -1 
2456205.523197 0.000000 0.000000 6749.089385 0.447471 6749.158357 1.779812 6750.938169 -0.068972 0.447471 -1.848784 0.447471 2.008039   1   2  -1 
2456208.615737 0.000000 0.000000 6753.603897 0.942056 6749.158357 3.515217 6752.673574 4.445540 0.942056 0.930323 0.942056 2.008039   1   2  -1 
2456208.615737 0.000000 0.000000 6753.603897 0.942056 6749.158357 3.515217 6752.673574 4.445540 0.942056 0.930323 0.942056 2.008039   1   2  -1 
2456209.540800 0.000000 0.000000 6759.371118 1.053758 6749.158357 4.528809 6753.687166 10.212761 1.053758 5.683952 1.053758 2.008039   1   2  -1 
2456209.540800 0.000000 0.000000 6759.371118 1.053758 6749.158357 4.528809 6753.687166 10.212761 1.053758 5.683952 1.053758 2.008039   1   2  -1 
2456210.532155 0.000000 0.000000 6759.600350 0.864183 6749.158357 4.771333 6753.929690 10.441993 0.864183 5.670660 0.864183 2.008039   1   2  -1 
2456210.532155 0.000000 0.000000 6759.600350 0.864183 6749.158357 4.771333 6753.929690 10.441993 0.864183 5.670660 0.864183 2.008039   1   2  -1 
2456212.523498 0.000000 0.000000 6755.476387 0.479583 6749.158357 4.589739 6753.748096 6.318030 0.479583 1.728291 0.479583 2.008039   1   2  -1 
2456212.523498 0.000000 0.000000 6755.476387 0.479583 6749.158357 4.589739 6753.748096 6.318030 0.479583 1.728291 0.479583 2.008039   1   2  -1 
2456217.523649 0.000000 0.000000 6753.855817 0.740951 6749.158357 8.396290 6757.554648 4.697460 0.740951 -3.698831 0.740951 2.008039   1   2  -1 
2456217.523649 0.000000 0.000000 6753.855817 0.740951 6749.158357 8.396290 6757.554648 4.697460 0.740951 -3.698831 0.740951 2.008039   1   2  -1 
2456217.529482 0.000000 0.000000 6756.209522 0.723468 6749.158357 8.396230 6757.554587 7.051165 0.723468 -1.345065 0.723468 2.008039   1   2  -1 
2456217.529482 0.000000 0.000000 6756.209522 0.723468 6749.158357 8.396230 6757.554587 7.051165 0.723468 -1.345065 0.723468 2.008039   1   2  -1 
2456218.587951 0.000000 0.000000 6761.087306 0.783291 6749.158357 8.353674 6757.512032 11.928949 0.783291 3.575274 0.783291 2.008039   1   2  -1 
2456218.587951 0.000000 0.000000 6761.087306 0.783291 6749.158357 8.353674 6757.512032 11.928949 0.783291 3.575274 0.783291 2.008039   1   2  -1 
2456219.500319 0.000000 0.000000 6756.194158 0.495656 6749.158357 8.349796 6757.508154 7.035801 0.495656 -1.313996 0.495656 2.008039   1   2  -1 
2456219.500319 0.000000 0.000000 6756.194158 0.495656 6749.158357 8.349796 6757.508154 7.035801 0.495656 -1.313996 0.495656 2.008039   1   2  -1 
2456220.491327 0.000000 0.000000 6755.982846 0.783227 6749.158357 8.368613 6757.526970 6.824489 0.783227 -1.544124 0.783227 2.008039   1   2  -1 
2456220.491327 0.000000 0.000000 6755.982846 0.783227 6749.158357 8.368613 6757.526970 6.824489 0.783227 -1.544124 0.783227 2.008039   1   2  -1 
2456220.514069 0.000000 0.000000 6755.832612 0.640640 6749.158357 8.368755 6757.527113 6.674255 0.640640 -1.694501 0.640640 2.008039   1   2  -1 
2456220.514069 0.000000 0.000000 6755.832612 0.640640 6749.158357 8.368755 6757.527113 6.674255 0.640640 -1.694501 0.640640 2.008039   1   2  -1 
2456409.867093 0.000000 0.000000 6759.457368 1.234666 6749.158357 13.282674 6762.441031 10.299011 1.234666 -2.983663 1.234666 2.008039   1   2  -1 
2456409.867093 0.000000 0.000000 6759.457368 1.234666 6749.158357 13.282674 6762.441031 10.299011 1.234666 -2.983663 1.234666 2.008039   1   2  -1 
2456409.872719 0.000000 0.000000 6760.777904 1.190406 6749.158357 13.313996 6762.472354 11.619547 1.190406 -1.694450 1.190406 2.008039   1   2  -1 
2456409.872719 0.000000 0.000000 6760.777904 1.190406 6749.158357 13.313996 6762.472354 11.619547 1.190406 -1.694450 1.190406 2.008039   1   2  -1 
2456410.795661 0.000000 0.000000 6769.842631 6.542149 6749.158357 16.157037 6765.315395 20.684274 6.542149 4.527236 6.542149 2.008039   1   2  -1 
2456410.795661 0.000000 0.000000 6769.842631 6.542149 6749.158357 16.157037 6765.315395 20.684274 6.542149 4.527236 6.542149 2.008039   1   2  -1 
2456410.804261 0.000000 0.000000 6767.393954 4.854859 6749.158357 16.159409 6765.317766 18.235597 4.854859 2.076188 4.854859 2.008039   1   2  -1 
2456410.804261 0.000000 0.000000 6767.393954 4.854859 6749.158357 16.159409 6765.317766 18.235597 4.854859 2.076188 4.854859 2.008039   1   2  -1 
2456416.824768 0.000000 0.000000 6754.823732 1.100783 6749.158357 5.254732 6754.413089 5.665375 1.100783 0.410643 1.100783 2.008039   1   2  -1 
2456416.824768 0.000000 0.000000 6754.823732 1.100783 6749.158357 5.254732 6754.413089 5.665375 1.100783 0.410643 1.100783 2.008039   1   2  -1 
2456416.828565 0.000000 0.000000 6752.557971 1.091725 6749.158357 5.266471 6754.424829 3.399614 1.091725 -1.866858 1.091725 2.008039   1   2  -1 
2456416.828565 0.000000 0.000000 6752.557971 1.091725 6749.158357 5.266471 6754.424829 3.399614 1.091725 -1.866858 1.091725 2.008039   1   2  -1 
2456416.832443 0.000000 0.000000 6755.652557 1.133660 6749.158357 5.278429 6754.436786 6.494200 1.133660 1.215771 1.133660 2.008039   1   2  -1 
2456416.832443 0.000000 0.000000 6755.652557 1.133660 6749.158357 5.278429 6754.436786 6.494200 1.133660 1.215771 1.133660 2.008039   1   2  -1 
2456432.884915 0.000000 0.000000 6750.289458 0.787972 6749.158357 0.015752 6749.174110 1.131101 0.787972 1.115348 0.787972 2.008039   1   2  -1 
2456432.884915 0.000000 0.000000 6750.289458 0.787972 6749.158357 0.015752 6749.174110 1.131101 0.787972 1.115348 0.787972 2.008039   1   2  -1 
2456432.890124 0.000000 0.000000 6749.887804 0.901606 6749.158357 0.018051 6749.176408 0.729447 0.901606 0.711396 0.901606 2.008039   1   2  -1 
2456432.890124 0.000000 0.000000 6749.887804 0.901606 6749.158357 0.018051 6749.176408 0.729447 0.901606 0.711396 0.901606 2.008039   1   2  -1 
2456433.905268 0.000000 0.000000 6751.123745 1.477288 6749.158357 0.828146 6749.986503 1.965388 1.477288 1.137242 1.477288 2.008039   1   2  -1 
2456433.905268 0.000000 0.000000 6751.123745 1.477288 6749.158357 0.828146 6749.986503 1.965388 1.477288 1.137242 1.477288 2.008039   1   2  -1 
2456433.910395 0.000000 0.000000 6755.515765 1.603077 6749.158357 0.833473 6749.991831 6.357408 1.603077 5.523934 1.603077 2.008039   1   2  -1 
2456433.910395 0.000000 0.000000 6755.515765 1.603077 6749.158357 0.833473 6749.991831 6.357408 1.603077 5.523934 1.603077 2.008039   1   2  -1 
2456434.892458 0.000000 0.000000 6749.944594 0.969582 6749.158357 1.863706 6751.022063 0.786237 0.969582 -1.077469 0.969582 2.008039   1   2  -1 
2456434.892458 0.000000 0.000000 6749.944594 0.969582 6749.158357 1.863706 6751.022063 0.786237 0.969582 -1.077469 0.969582 2.008039   1   2  -1 
2456434.898129 0.000000 0.000000 6750.432478 0.937709 6749.158357 1.869204 6751.027561 1.274121 0.937709 -0.595083 0.937709 2.008039   1   2  -1 
2456434.898129 0.000000 0.000000 6750.432478 0.937709 6749.158357 1.869204 6751.027561 1.274121 0.937709 -0.595083 0.937709 2.008039   1   2  -1 
2456437.889188 0.000000 0.000000 6752.992684 0.801579 6749.158357 3.764441 6752.922799 3.834327 0.801579 0.069885 0.801579 2.008039   1   2  -1 
2456437.889188 0.000000 0.000000 6752.992684 0.801579 6749.158357 3.764441 6752.922799 3.834327 0.801579 0.069885 0.801579 2.008039   1   2  -1 
2456437.894720 0.000000 0.000000 6750.576482 0.735776 6749.158357 3.768136 6752.926493 1.418125 0.735776 -2.350011 0.735776 2.008039   1   2  -1 
2456437.894720 0.000000 0.000000 6750.576482 0.735776 6749.158357 3.768136 6752.926493 1.418125 0.735776 -2.350011 0.735776 2.008039   1   2  -1 
2456438.860772 0.000000 0.000000 6752.460540 0.640814 6749.158357 4.489001 6753.647359 3.302183 0.640814 -1.186819 0.640814 2.008039   1   2  -1 
2456438.860772 0.000000 0.000000 6752.460540 0.640814 6749.158357 4.489001 6753.647359 3.302183 0.640814 -1.186819 0.640814 2.008039   1   2  -1 
2456441.860316 0.000000 0.000000 6756.852144 0.846284 6749.158357 5.803268 6754.961625 7.693787 0.846284 1.890519 0.846284 2.008039   1   2  -1 
2456441.860316 0.000000 0.000000 6756.852144 0.846284 6749.158357 5.803268 6754.961625 7.693787 0.846284 1.890519 0.846284 2.008039   1   2  -1 
2456454.832361 0.000000 0.000000 6752.986609 0.709239 6749.158357 3.013262 6752.171620 3.828252 0.709239 0.814989 0.709239 2.008039   1   2  -1 
2456454.832361 0.000000 0.000000 6752.986609 0.709239 6749.158357 3.013262 6752.171620 3.828252 0.709239 0.814989 0.709239 2.008039   1   2  -1 
2456454.837894 0.000000 0.000000 6750.972291 0.711651 6749.158357 3.006540 6752.164897 1.813934 0.711651 -1.192606 0.711651 2.008039   1   2  -1 
2456454.837894 0.000000 0.000000 6750.972291 0.711651 6749.158357 3.006540 6752.164897 1.813934 0.711651 -1.192606 0.711651 2.008039   1   2  -1 
2456467.823190 0.000000 0.000000 6754.822849 1.255655 6749.158357 3.380434 6752.538791 5.664492 1.255655 2.284058 1.255655 2.008039   1   2  -1 
2456467.823190 0.000000 0.000000 6754.822849 1.255655 6749.158357 3.380434 6752.538791 5.664492 1.255655 2.284058 1.255655 2.008039   1   2  -1 
2456467.826929 0.000000 0.000000 6751.728023 1.113375 6749.158357 3.379164 6752.537522 2.569666 1.113375 -0.809499 1.113375 2.008039   1   2  -1 
2456467.826929 0.000000 0.000000 6751.728023 1.113375 6749.158357 3.379164 6752.537522 2.569666 1.113375 -0.809499 1.113375 2.008039   1   2  -1 
2456467.830702 0.000000 0.000000 6751.044367 1.185837 6749.158357 3.377922 6752.536279 1.886010 1.185837 -1.491912 1.185837 2.008039   1   2  -1 
2456467.830702 0.000000 0.000000 6751.044367 1.185837 6749.158357 3.377922 6752.536279 1.886010 1.185837 -1.491912 1.185837 2.008039   1   2  -1 
2456473.860840 0.000000 0.000000 6750.322340 1.051321 6749.158357 1.086496 6750.244854 1.163983 1.051321 0.077486 1.051321 2.008039   1   2  -1 
2456473.860840 0.000000 0.000000 6750.322340 1.051321 6749.158357 1.086496 6750.244854 1.163983 1.051321 0.077486 1.051321 2.008039   1   2  -1 
2456473.864821 0.000000 0.000000 6751.867851 1.016901 6749.158357 1.080692 6750.239049 2.709494 1.016901 1.628802 1.016901 2.008039   1   2  -1 
2456473.864821 0.000000 0.000000 6751.867851 1.016901 6749.158357 1.080692 6750.239049 2.709494 1.016901 1.628802 1.016901 2.008039   1   2  -1 
2456473.868595 0.000000 0.000000 6753.178042 1.098920 6749.158357 1.075234 6750.233591 4.019685 1.098920 2.944451 1.098920 2.008039   1   2  -1 
2456473.868595 0.000000 0.000000 6753.178042 1.098920 6749.158357 1.075234 6750.233591 4.019685 1.098920 2.944451 1.098920 2.008039   1   2  -1 
2456480.776552 0.000000 0.000000 6754.557282 0.996431 6749.158357 2.942101 6752.100459 5.398925 0.996431 2.456823 0.996431 2.008039   1   2  -1 
2456480.776552 0.000000 0.000000 6754.557282 0.996431 6749.158357 2.942101 6752.100459 5.398925 0.996431 2.456823 0.996431 2.008039   1   2  -1 
2456480.782281 0.000000 0.000000 6755.387313 0.925325 6749.158357 2.940867 6752.099224 6.228956 0.925325 3.288089 0.925325 2.008039   1   2  -1 
2456480.782281 0.000000 0.000000 6755.387313 0.925325 6749.158357 2.940867 6752.099224 6.228956 0.925325 3.288089 0.925325 2.008039   1   2  -1 
2456481.631506 0.000000 0.000000 6756.772221 1.240759 6749.158357 3.572859 6752.731217 7.613864 1.240759 4.041004 1.240759 2.008039   1   2  -1 
2456481.631506 0.000000 0.000000 6756.772221 1.240759 6749.158357 3.572859 6752.731217 7.613864 1.240759 4.041004 1.240759 2.008039   1   2  -1 
2456481.637189 0.000000 0.000000 6753.538508 1.259412 6749.158357 3.581665 6752.740022 4.380151 1.259412 0.798486 1.259412 2.008039   1   2  -1 
2456481.637189 0.000000 0.000000 6753.538508 1.259412 6749.158357 3.581665 6752.740022 4.380151 1.259412 0.798486 1.259412 2.008039   1   2  -1 
2456501.599929 0.000000 0.000000 6754.822030 0.631664 6749.158357 5.840999 6754.999356 5.663673 0.631664 -0.177326 0.631664 2.008039   1   2  -1 
2456501.599929 0.000000 0.000000 6754.822030 0.631664 6749.158357 5.840999 6754.999356 5.663673 0.631664 -0.177326 0.631664 2.008039   1   2  -1 
2456523.744316 0.000000 0.000000 6751.875856 0.567478 6749.158357 2.005006 6751.163363 2.717499 0.567478 0.712493 0.567478 2.008039   1   2  -1 
2456523.744316 0.000000 0.000000 6751.875856 0.567478 6749.158357 2.005006 6751.163363 2.717499 0.567478 0.712493 0.567478 2.008039   1   2  -1 
2456524.691276 0.000000 0.000000 6747.554595 0.703132 6749.158357 1.519126 6750.677484 -1.603762 0.703132 -3.122889 0.703132 2.008039   1   2  -1 
2456524.691276 0.000000 0.000000 6747.554595 0.703132 6749.158357 1.519126 6750.677484 -1.603762 0.703132 -3.122889 0.703132 2.008039   1   2  -1 
2456524.696693 0.000000 0.000000 6749.458315 0.716695 6749.158357 1.519992 6750.678349 0.299958 0.716695 -1.220034 0.716695 2.008039   1   2  -1 
2456524.696693 0.000000 0.000000 6749.458315 0.716695 6749.158357 1.519992 6750.678349 0.299958 0.716695 -1.220034 0.716695 2.008039   1   2  -1 
2456525.743740 0.000000 0.000000 6754.356749 0.637734 6749.158357 2.441975 6751.600333 5.198392 0.637734 2.756416 0.637734 2.008039   1   2  -1 
2456525.743740 0.000000 0.000000 6754.356749 0.637734 6749.158357 2.441975 6751.600333 5.198392 0.637734 2.756416 0.637734 2.008039   1   2  -1 
2456569.534062 0.000000 0.000000 6756.517428 1.076929 6749.158357 5.838574 6754.996932 7.359071 1.076929 1.520496 1.076929 2.008039   1   2  -1 
2456569.534062 0.000000 0.000000 6756.517428 1.076929 6749.158357 5.838574 6754.996932 7.359071 1.076929 1.520496 1.076929 2.008039   1   2  -1 
2456585.564665 0.000000 0.000000 6750.921123 0.855663 6749.158357 -1.136025 6748.022332 1.762766 0.855663 2.898791 0.855663 2.008039   1   2  -1 
2456585.564665 0.000000 0.000000 6750.921123 0.855663 6749.158357 -1.136025 6748.022332 1.762766 0.855663 2.898791 0.855663 2.008039   1   2  -1 
2456585.568473 0.000000 0.000000 6746.976103 0.828824 6749.158357 -1.136461 6748.021897 -2.182254 0.828824 -1.045794 0.828824 2.008039   1   2  -1 
2456585.568473 0.000000 0.000000 6746.976103 0.828824 6749.158357 -1.136461 6748.021897 -2.182254 0.828824 -1.045794 0.828824 2.008039   1   2  -1 
2456585.572350 0.000000 0.000000 6750.112670 0.846101 6749.158357 -1.136887 6748.021470 0.954313 0.846101 2.091200 0.846101 2.008039   1   2  -1 
2456585.572350 0.000000 0.000000 6750.112670 0.846101 6749.158357 -1.136887 6748.021470 0.954313 0.846101 2.091200 0.846101 2.008039   1   2  -1 
2456586.547688 0.000000 0.000000 6750.875948 0.928572 6749.158357 -0.775326 6748.383031 1.717591 0.928572 2.492917 0.928572 2.008039   1   2  -1 
2456586.547688 0.000000 0.000000 6750.875948 0.928572 6749.158357 -0.775326 6748.383031 1.717591 0.928572 2.492917 0.928572 2.008039   1   2  -1 
2456586.551530 0.000000 0.000000 6750.104421 0.993006 6749.158357 -0.772446 6748.385911 0.946064 0.993006 1.718510 0.993006 2.008039   1   2  -1 
2456586.551530 0.000000 0.000000 6750.104421 0.993006 6749.158357 -0.772446 6748.385911 0.946064 0.993006 1.718510 0.993006 2.008039   1   2  -1 
2456586.555442 0.000000 0.000000 6748.200881 1.030307 6749.158357 -0.769506 6748.388852 -0.957476 1.030307 -0.187971 1.030307 2.008039   1   2  -1 
2456586.555442 0.000000 0.000000 6748.200881 1.030307 6749.158357 -0.769506 6748.388852 -0.957476 1.030307 -0.187971 1.030307 2.008039   1   2  -1 
2456590.510961 0.000000 0.000000 6753.078268 1.367518 6749.158357 0.329044 6749.487401 3.919911 1.367518 3.590867 1.367518 2.008039   1   2  -1 
2456590.510961 0.000000 0.000000 6753.078268 1.367518 6749.158357 0.329044 6749.487401 3.919911 1.367518 3.590867 1.367518 2.008039   1   2  -1 
2456590.514943 0.000000 0.000000 6747.110191 1.522789 6749.158357 0.329510 6749.487868 -2.048166 1.522789 -2.377677 1.522789 2.008039   1   2  -1 
2456590.514943 0.000000 0.000000 6747.110191 1.522789 6749.158357 0.329510 6749.487868 -2.048166 1.522789 -2.377677 1.522789 2.008039   1   2  -1 
2456590.518611 0.000000 0.000000 6747.510946 1.287716 6749.158357 0.329953 6749.488310 -1.647411 1.287716 -1.977364 1.287716 2.008039   1   2  -1 
2456590.518611 0.000000 0.000000 6747.510946 1.287716 6749.158357 0.329953 6749.488310 -1.647411 1.287716 -1.977364 1.287716 2.008039   1   2  -1 
2456765.917789 0.000000 0.000000 6752.196408 0.712210 6749.158357 1.663351 6750.821708 3.038051 0.712210 1.374700 0.712210 2.008039   1   2  -1 
2456765.917789 0.000000 0.000000 6752.196408 0.712210 6749.158357 1.663351 6750.821708 3.038051 0.712210 1.374700 0.712210 2.008039   1   2  -1 
2456765.923021 0.000000 0.000000 6750.137503 0.718686 6749.158357 1.668977 6750.827335 0.979146 0.718686 -0.689832 0.718686 2.008039   1   2  -1 
2456765.923021 0.000000 0.000000 6750.137503 0.718686 6749.158357 1.668977 6750.827335 0.979146 0.718686 -0.689832 0.718686 2.008039   1   2  -1 
2456789.854143 0.000000 0.000000 6754.654993 0.783119 6749.158357 4.252358 6753.410715 5.496636 0.783119 1.244278 0.783119 2.008039   1   2  -1 
2456789.854143 0.000000 0.000000 6754.654993 0.783119 6749.158357 4.252358 6753.410715 5.496636 0.783119 1.244278 0.783119 2.008039   1   2  -1 
2456789.859722 0.000000 0.000000 6754.125832 0.810184 6749.158357 4.258420 6753.416778 4.967475 0.810184 0.709054 0.810184 2.008039   1   2  -1 
2456789.859722 0.000000 0.000000 6754.125832 0.810184 6749.158357 4.258420 6753.416778 4.967475 0.810184 0.709054 0.810184 2.008039   1   2  -1 
2456806.890179 0.000000 0.000000 6753.452377 0.848654 6749.158357 3.755220 6752.913578 4.294020 0.848654 0.538799 0.848654 2.008039   1   2  -1 
2456806.890179 0.000000 0.000000 6753.452377 0.848654 6749.158357 3.755220 6752.913578 4.294020 0.848654 0.538799 0.848654 2.008039   1   2  -1 
2456829.893363 0.000000 0.000000 6751.251499 0.544726 6749.158357 0.138081 6749.296439 2.093142 0.544726 1.955060 0.544726 2.008039   1   2  -1 
2456829.893363 0.000000 0.000000 6751.251499 0.544726 6749.158357 0.138081 6749.296439 2.093142 0.544726 1.955060 0.544726 2.008039   1   2  -1 
2456857.748704 0.000000 0.000000 6749.652990 0.916881 6749.158357 1.233359 6750.391717 0.494633 0.916881 -0.738727 0.916881 2.008039   1   2  -1 
2456857.748704 0.000000 0.000000 6749.652990 0.916881 6749.158357 1.233359 6750.391717 0.494633 0.916881 -0.738727 0.916881 2.008039   1   2  -1 
2456857.754433 0.000000 0.000000 6750.982955 0.896024 6749.158357 1.234178 6750.392535 1.824598 0.896024 0.590420 0.896024 2.008039   1   2  -1 
2456857.754433 0.000000 0.000000 6750.982955 0.896024 6749.158357 1.234178 6750.392535 1.824598 0.896024 0.590420 0.896024 2.008039   1   2  -1 
2456866.784629 0.000000 0.000000 6748.725985 0.744866 6749.158357 -0.292710 6748.865647 -0.432372 0.744866 -0.139662 0.744866 2.008039   1   2  -1 
2456866.784629 0.000000 0.000000 6748.725985 0.744866 6749.158357 -0.292710 6748.865647 -0.432372 0.744866 -0.139662 0.744866 2.008039   1   2  -1 
2456896.727940 0.000000 0.000000 6755.871457 1.053796 6749.158357 5.123313 6754.281670 6.713100 1.053796 1.589787 1.053796 2.008039   1   2  -1 
2456896.727940 0.000000 0.000000 6755.871457 1.053796 6749.158357 5.123313 6754.281670 6.713100 1.053796 1.589787 1.053796 2.008039   1   2  -1 
2456896.733287 0.000000 0.000000 6755.155412 1.302275 6749.158357 5.137492 6754.295849 5.997055 1.302275 0.859563 1.302275 2.008039   1   2  -1 
2456896.733287 0.000000 0.000000 6755.155412 1.302275 6749.158357 5.137492 6754.295849 5.997055 1.302275 0.859563 1.302275 2.008039   1   2  -1 
2457146.919889 0.000000 0.000000 6757.076817 0.544417 6749.158357 4.455804 6753.614161 7.918460 0.544417 3.462656 0.544417 2.008039   1   2  -1 
2457146.919889 0.000000 0.000000 6757.076817 0.544417 6749.158357 4.455804 6753.614161 7.918460 0.544417 3.462656 0.544417 2.008039   1   2  -1 
2457176.844500 0.000000 0.000000 6764.693117 0.482556 6767.964598 -4.383266 6763.581332 -3.271481 0.482556 1.111785 0.482556 2.008039   1   3  -1 
2457176.844500 0.000000 0.000000 6764.693117 0.482556 6767.964598 -4.383266 6763.581332 -3.271481 0.482556 1.111785 0.482556 2.008039   1   3  -1 
2457180.950532 0.000000 0.000000 6764.602498 0.611496 6767.964598 -3.820442 6764.144156 -3.362100 0.611496 0.458342 0.611496 2.008039   1   3  -1 
2457180.950532 0.000000 0.000000 6764.602498 0.611496 6767.964598 -3.820442 6764.144156 -3.362100 0.611496 0.458342 0.611496 2.008039   1   3  -1 
2457180.956053 0.000000 0.000000 6767.474385 0.642310 6767.964598 -3.827954 6764.136644 -0.490213 0.642310 3.337741 0.642310 2.008039   1   3  -1 
2457180.956053 0.000000 0.000000 6767.474385 0.642310 6767.964598 -3.827954 6764.136644 -0.490213 0.642310 3.337741 0.642310 2.008039   1   3  -1 
2457257.708144 0.000000 0.000000 6774.685435 0.957095 6767.964598 4.687783 6772.652381 6.720837 0.957095 2.033054 0.957095 2.008039   1   3  -1 
2457257.708144 0.000000 0.000000 6774.685435 0.957095 6767.964598 4.687783 6772.652381 6.720837 0.957095 2.033054 0.957095 2.008039   1   3  -1 
2457257.713815 0.000000 0.000000 6774.256609 1.031637 6767.964598 4.690659 6772.655257 6.292011 1.031637 1.601352 1.031637 2.008039   1   3  -1 
2457257.713815 0.000000 0.000000 6774.256609 1.031637 6767.964598 4.690659 6772.655257 6.292011 1.031637 1.601352 1.031637 2.008039   1   3  -1 
2457307.523708 0.000000 0.000000 6769.474717 0.569213 6767.964598 2.154163 6770.118761 1.510119 0.569213 -0.644044 0.569213 2.008039   1   3  -1 
2457307.523708 0.000000 0.000000 6769.474717 0.569213 6767.964598 2.154163 6770.118761 1.510119 0.569213 -0.644044 0.569213 2.008039   1   3  -1 
2457307.529113 0.000000 0.000000 6769.180290 0.591603 6767.964598 2.161616 6770.126214 1.215692 0.591603 -0.945924 0.591603 2.008039   1   3  -1 
2457307.529113 0.000000 0.000000 6769.180290 0.591603 6767.964598 2.161616 6770.126214 1.215692 0.591603 -0.945924 0.591603 2.008039   1   3  -1 
2457675.588735 0.000000 0.000000 6771.120424 0.533261 6767.964598 5.975137 6773.939735 3.155826 0.533261 -2.819311 0.533261 2.008039   1   3  -1 
2457675.588735 0.000000 0.000000 6771.120424 0.533261 6767.964598 5.975137 6773.939735 3.155826 0.533261 -2.819311 0.533261 2.008039   1   3  -1 
2457879.840329 0.000000 0.000000 6766.798509 0.840815 6767.964598 -0.206465 6767.758133 -1.166089 0.840815 -0.959624 0.840815 2.008039   1   3  -1 
2457879.840329 0.000000 0.000000 6766.798509 0.840815 6767.964598 -0.206465 6767.758133 -1.166089 0.840815 -0.959624 0.840815 2.008039   1   3  -1 
2457943.770578 0.000000 0.000000 6775.093006 0.454087 6767.964598 6.363299 6774.327897 7.128408 0.454087 0.765109 0.454087 2.008039   1   3  -1 
2457943.770578 0.000000 0.000000 6775.093006 0.454087 6767.964598 6.363299 6774.327897 7.128408 0.454087 0.765109 0.454087 2.008039   1   3  -1 
2457968.637355 0.000000 0.000000 6769.850407 0.766025 6767.964598 4.171987 6772.136585 1.885809 0.766025 -2.286178 0.766025 2.008039   1   3  -1 
2457968.637355 0.000000 0.000000 6769.850407 0.766025 6767.964598 4.171987 6772.136585 1.885809 0.766025 -2.286178 0.766025 2.008039   1   3  -1 
2460042.883932 0.000000 0.000000 6638.543767 0.194366 6630.999344 2.220059 6633.219403 7.544423 0.194366 5.324364 0.194366 12.753598   0   1  -1 
2460042.889532 0.000000 0.000000 6639.362246 0.197675 6630.999344 2.212392 6633.211736 8.362902 0.197675 6.150510 0.197675 12.753598   0   1  -1 
2460043.870973 0.000000 0.000000 6635.676123 0.231538 6630.999344 1.125327 6632.124671 4.676779 0.231538 3.551452 0.231538 12.753598   0   1  -1 
2460043.876677 0.000000 0.000000 6635.144250 0.215486 6630.999344 1.120642 6632.119986 4.144906 0.215486 3.024264 0.215486 12.753598   0   1  -1 
2460044.793251 0.000000 0.000000 6636.194980 0.238014 6630.999344 0.617089 6631.616433 5.195636 0.238014 4.578547 0.238014 12.753598   0   1  -1 
2460044.798982 0.000000 0.000000 6635.616222 0.236508 6630.999344 0.615401 6631.614745 4.616878 0.236508 4.001477 0.236508 12.753598   0   1  -1 
2460045.773704 0.000000 0.000000 6630.485958 0.527086 6630.999344 0.522267 6631.521611 -0.513386 0.527086 -1.035653 0.527086 12.753598   0   1  -1 
2460045.779649 0.000000 0.000000 6631.851550 0.356358 6630.999344 0.522579 6631.521923 0.852206 0.356358 0.329627 0.356358 12.753598   0   1  -1 
2460046.786658 0.000000 0.000000 6633.843874 0.216596 6630.999344 0.612743 6631.612088 2.844530 0.216596 2.231786 0.216596 12.753598   0   1  -1 
2460046.792204 0.000000 0.000000 6634.866972 0.200898 6630.999344 0.613131 6631.612475 3.867628 0.200898 3.254497 0.200898 12.753598   0   1  -1 
2460047.789500 0.000000 0.000000 6633.186422 0.215835 6630.999344 0.578408 6631.577752 2.187078 0.215835 1.608670 0.215835 12.753598   0   1  -1 
2460047.795047 0.000000 0.000000 6633.209210 0.207999 6630.999344 0.577498 6631.576842 2.209866 0.207999 1.632368 0.207999 12.753598   0   1  -1 
2460048.783364 0.000000 0.000000 6629.609690 0.259180 6630.999344 0.284045 6631.283389 -1.389654 0.259180 -1.673699 0.259180 12.753598   0   1  -1 
2460048.789012 0.000000 0.000000 6629.256972 0.241587 6630.999344 0.281727 6631.281071 -1.742372 0.241587 -2.024099 0.241587 12.753598   0   1  -1 
2460049.801102 0.000000 0.000000 6631.039854 0.223882 6630.999344 -0.172810 6630.826534 0.040510 0.223882 0.213320 0.223882 12.753598   0   1  -1 
2460049.806533 0.000000 0.000000 6630.157588 0.237350 6630.999344 -0.175168 6630.824176 -0.841756 0.237350 -0.666588 0.237350 12.753598   0   1  -1 
2460050.776767 0.000000 0.000000 6629.430013 0.220926 6630.999344 -0.477905 6630.521439 -1.569331 0.220926 -1.091426 0.220926 12.753598   0   1  -1 
2460050.782471 0.000000 0.000000 6629.926843 0.212336 6630.999344 -0.478699 6630.520645 -1.072501 0.212336 -0.593802 0.212336 12.753598   0   1  -1 
2460068.823617 0.000000 0.000000 6631.559544 0.250917 6630.999344 2.451631 6633.450975 0.560200 0.250917 -1.891431 0.250917 12.753598   0   1  -1 
2460068.829253 0.000000 0.000000 6629.646784 0.315822 6630.999344 2.456018 6633.455362 -1.352560 0.315822 -3.808578 0.315822 12.753598   0   1  -1 
2460073.775251 0.000000 0.000000 6625.088984 0.273036 6630.999344 -3.598308 6627.401036 -5.910360 0.273036 -2.312052 0.273036 12.753598   0   1  -1 
2460073.780774 0.000000 0.000000 6625.286948 0.249282 6630.999344 -3.603667 6627.395677 -5.712396 0.249282 -2.108729 0.249282 12.753598   0   1  -1 
2460076.728213 0.000000 0.000000 6628.562665 0.253446 6630.999344 -2.884613 6628.114731 -2.436679 0.253446 0.447934 0.253446 12.753598   0   1  -1 
2460076.733797 0.000000 0.000000 6628.366049 0.242470 6630.999344 -2.880172 6628.119172 -2.633295 0.242470 0.246877 0.242470 12.753598   0   1  -1 
2460077.755001 0.000000 0.000000 6624.903844 0.312506 6630.999344 -1.966449 6629.032895 -6.095500 0.312506 -4.129051 0.312506 12.753598   0   1  -1 
2460077.760768 0.000000 0.000000 6625.020045 0.301092 6630.999344 -1.960482 6629.038862 -5.979299 0.301092 -4.018817 0.301092 12.753598   0   1  -1 
2460078.818364 0.000000 0.000000 6630.516939 0.236131 6630.999344 -0.645270 6630.354074 -0.482405 0.236131 0.162865 0.236131 12.753598   0   1  -1 
2460078.823976 0.000000 0.000000 6630.804515 0.231515 6630.999344 -0.637145 6630.362199 -0.194829 0.231515 0.442316 0.231515 12.753598   0   1  -1 
2460079.846559 0.000000 0.000000 6632.273395 0.225727 6630.999344 0.915181 6631.914525 1.274051 0.225727 0.358870 0.225727 12.753598   0   1  -1 
2460079.852048 0.000000 0.000000 6631.927170 0.228638 6630.999344 0.923238 6631.922582 0.927826 0.228638 0.004588 0.228638 12.753598   0   1  -1 
2460080.730235 0.000000 0.000000 6632.645260 0.243529 6630.999344 1.966811 6632.966155 1.645916 0.243529 -0.320895 0.243529 12.753598   0   1  -1 
2460080.735864 0.000000 0.000000 6633.292553 0.224766 6630.999344 1.971307 6632.970651 2.293209 0.224766 0.321902 0.224766 12.753598   0   1  -1 
2460082.755256 0.000000 0.000000 6630.390412 0.286786 6630.999344 1.220032 6632.219376 -0.608932 0.286786 -1.828964 0.286786 12.753598   0   1  -1 
2460082.760842 0.000000 0.000000 6630.795800 0.259323 6630.999344 1.213530 6632.212874 -0.203544 0.259323 -1.417074 0.259323 12.753598   0   1  -1 
2460085.681985 0.000000 0.000000 6698.391877 0.365564 6630.999344 4.250475 6635.249819 67.392533 0.365564 63.142058 0.365564 12.753598   0   1  -1 
2460085.687655 0.000000 0.000000 6697.808554 0.384345 6630.999344 4.274651 6635.273995 66.809210 0.384345 62.534559 0.384345 12.753598   0   1  -1 
2460086.748603 0.000000 0.000000 6635.114081 0.193185 6630.999344 9.240493 6640.239837 4.114737 0.193185 -5.125756 0.193185 12.753598   0   1  -1 
2460086.754324 0.000000 0.000000 6634.108130 0.208316 6630.999344 9.266688 6640.266032 3.108786 0.208316 -6.157902 0.208316 12.753598   0   1  -1 
2460199.601214 0.000000 0.000000 6622.205086 0.389251 6630.999344 -7.821089 6623.178255 -8.794258 0.389251 -0.973169 0.389251 12.753598   0   1  -1 
2460199.607025 0.000000 0.000000 6622.574384 0.381438 6630.999344 -7.812305 6623.187039 -8.424960 0.381438 -0.612655 0.381438 12.753598   0   1  -1 
2460201.515076 0.000000 0.000000 6625.332354 0.272613 6630.999344 -4.590290 6626.409054 -5.666990 0.272613 -1.076700 0.272613 12.753598   0   1  -1 
2460201.520627 0.000000 0.000000 6624.542897 0.294212 6630.999344 -4.582849 6626.416495 -6.456447 0.294212 -1.873598 0.294212 12.753598   0   1  -1 
2460202.533617 0.000000 0.000000 6626.906002 0.232737 6630.999344 -3.564061 6627.435283 -4.093342 0.232737 -0.529281 0.232737 12.753598   0   1  -1 
2460202.539273 0.000000 0.000000 6627.020676 0.220468 6630.999344 -3.560001 6627.439343 -3.978668 0.220468 -0.418667 0.220468 12.753598   0   1  -1 
2460203.571018 0.000000 0.000000 6625.203535 0.337253 6630.999344 -2.944995 6628.054349 -5.795809 0.337253 -2.850814 0.337253 12.753598   0   1  -1 
2460203.577196 0.000000 0.000000 6625.477322 0.360328 6630.999344 -2.941464 6628.057880 -5.522022 0.360328 -2.580558 0.360328 12.753598   0   1  -1 
2460204.530857 0.000000 0.000000 6628.752956 0.197030 6630.999344 -2.300254 6628.699090 -2.246388 0.197030 0.053866 0.197030 12.753598   0   1  -1 
2460204.536387 0.000000 0.000000 6627.522270 0.208547 6630.999344 -2.295855 6628.703489 -3.477074 0.208547 -1.181219 0.208547 12.753598   0   1  -1 
2460205.516019 0.000000 0.000000 6628.249113 0.244280 6630.999344 -1.431131 6629.568213 -2.750231 0.244280 -1.319100 0.244280 12.753598   0   1  -1 
2460205.521490 0.000000 0.000000 6628.705998 0.216530 6630.999344 -1.426129 6629.573215 -2.293346 0.216530 -0.867217 0.216530 12.753598   0   1  -1 
2460206.534104 0.000000 0.000000 6627.482697 0.247014 6630.999344 -0.607225 6630.392119 -3.516647 0.247014 -2.909422 0.247014 12.753598   0   1  -1 
2460206.539634 0.000000 0.000000 6629.267429 0.225863 6630.999344 -0.603665 6630.395680 -1.731915 0.225863 -1.128251 0.225863 12.753598   0   1  -1 
2460208.612713 0.000000 0.000000 6630.363009 0.238171 6630.999344 0.196842 6631.196186 -0.636335 0.238171 -0.833177 0.238171 12.753598   0   1  -1 
2460208.618030 0.000000 0.000000 6629.924431 0.245322 6630.999344 0.199561 6631.198905 -1.074913 0.245322 -1.274474 0.245322 12.753598   0   1  -1 
2460209.504007 0.000000 0.000000 6623.939779 0.494812 6630.999344 0.989873 6631.989217 -7.059565 0.494812 -8.049438 0.494812 12.753598   0   1  -1 
2460209.509978 0.000000 0.000000 6626.528984 0.441044 6630.999344 0.997978 6631.997323 -4.470360 0.441044 -5.468339 0.441044 12.753598   0   1  -1 
2460210.587394 0.000000 0.000000 6629.731782 0.275366 6630.999344 3.169369 6634.168713 -1.267562 0.275366 -4.436931 0.275366 12.753598   0   1  -1 
2460210.593026 0.000000 0.000000 6627.639495 0.295408 6630.999344 3.184196 6634.183540 -3.359849 0.295408 -6.544045 0.295408 12.753598   0   1  -1 
2460211.516295 0.000000 0.000000 6628.377092 0.380462 6630.999344 5.903885 6636.903229 -2.622252 0.380462 -8.526137 0.380462 12.753598   0   1  -1 
2460211.522268 0.000000 0.000000 6629.418252 0.306169 6630.999344 5.922387 6636.921731 -1.581092 0.306169 -7.503479 0.306169 12.753598   0   1  -1 
