# time Tc_folded Tref_folded value value_err offset model full_model val_compare val_compare_err residuals residuals_err jitter jitter_flag offset_flag subset_flag 
2455480.529186 -10.485216 0.000000 -10482.960657 0.485677 -10476.373940 1.014505 -10480.198484 -1.747669 0.485677 -2.762173 0.485677 1.599490   1   2  -1 
2455480.529186 -10.485216 0.000000 -10482.960657 0.485677 -10476.373940 1.014505 -10480.198484 -1.747669 0.485677 -2.762173 0.485677 1.599490   1   2  -1 
2455480.532970 -10.481432 0.000113 -10481.678693 0.440084 -10476.373940 1.015558 -10480.197227 -0.465907 0.440084 -1.481466 0.440084 1.599490   1   2  -1 
2455480.532970 -10.481432 0.000113 -10481.678693 0.440084 -10476.373940 1.015558 -10480.197227 -0.465907 0.440084 -1.481466 0.440084 1.599490   1   2  -1 
2455480.536778 -10.477624 0.000227 -10480.431449 0.465046 -10476.373940 1.016618 -10480.195956 0.781125 0.465046 -0.235493 0.465046 1.599490   1   2  -1 
2455480.536778 -10.477624 0.000227 -10480.431449 0.465046 -10476.373940 1.016618 -10480.195956 0.781125 0.465046 -0.235493 0.465046 1.599490   1   2  -1 
2455482.554786 -8.459616 0.060562 -10476.128743 0.353905 -10476.373940 1.497885 -10478.397588 3.766730 0.353905 2.268845 0.353905 1.599490   1   2  -1 
2455482.554786 -8.459616 0.060562 -10476.128743 0.353905 -10476.373940 1.497885 -10478.397588 3.766730 0.353905 2.268845 0.353905 1.599490   1   2  -1 
2455484.542056 -6.472346 0.119978 -10475.755433 0.514319 -10476.373940 1.686530 -10476.015528 1.946625 0.514319 0.260095 0.514319 1.599490   1   2  -1 
2455484.542056 -6.472346 0.119978 -10475.755433 0.514319 -10476.373940 1.686530 -10476.015528 1.946625 0.514319 0.260095 0.514319 1.599490   1   2  -1 
2455484.545828 -6.468574 0.120091 -10473.332240 0.532707 -10476.373940 1.686523 -10476.012266 4.366550 0.532707 2.680026 0.532707 1.599490   1   2  -1 
2455484.545828 -6.468574 0.120091 -10473.332240 0.532707 -10476.373940 1.686523 -10476.012266 4.366550 0.532707 2.680026 0.532707 1.599490   1   2  -1 
2455484.549671 -6.464731 0.120206 -10474.438386 0.508347 -10476.373940 1.686515 -10476.008951 3.257079 0.508347 1.570565 0.508347 1.599490   1   2  -1 
2455484.549671 -6.464731 0.120206 -10474.438386 0.508347 -10476.373940 1.686515 -10476.008951 3.257079 0.508347 1.570565 0.508347 1.599490   1   2  -1 
2455485.527184 -5.487218 0.149432 -10473.605978 0.432034 -10476.373940 1.635305 -10475.414250 3.443577 0.432034 1.808272 0.432034 1.599490   1   2  -1 
2455485.527184 -5.487218 0.149432 -10473.605978 0.432034 -10476.373940 1.635305 -10475.414250 3.443577 0.432034 1.808272 0.432034 1.599490   1   2  -1 
2455485.532971 -5.481431 0.149605 -10471.997247 0.445706 -10476.373940 1.634716 -10475.412221 5.049690 0.445706 3.414974 0.445706 1.599490   1   2  -1 
2455485.532971 -5.481431 0.149605 -10471.997247 0.445706 -10476.373940 1.634716 -10475.412221 5.049690 0.445706 3.414974 0.445706 1.599490   1   2  -1 
2455487.543214 -3.471188 0.209707 -10473.844627 0.404437 -10476.373940 1.259865 -10475.532279 2.947518 0.404437 1.687652 0.404437 1.599490   1   2  -1 
2455487.543214 -3.471188 0.209707 -10473.844627 0.404437 -10476.373940 1.259865 -10475.532279 2.947518 0.404437 1.687652 0.404437 1.599490   1   2  -1 
2455487.548897 -3.465505 0.209877 -10473.904015 0.401767 -10476.373940 1.258414 -10475.534208 2.888608 0.401767 1.630193 0.401767 1.599490   1   2  -1 
2455487.548897 -3.465505 0.209877 -10473.904015 0.401767 -10476.373940 1.258414 -10475.534208 2.888608 0.401767 1.630193 0.401767 1.599490   1   2  -1 
2455493.544252 2.529850 0.389128 -10479.814585 0.396600 -10476.373940 -0.412966 -10480.585883 0.358331 0.396600 0.771298 0.396600 1.599490   1   2  -1 
2455493.544252 2.529850 0.389128 -10479.814585 0.396600 -10476.373940 -0.412966 -10480.585883 0.358331 0.396600 0.771298 0.396600 1.599490   1   2  -1 
2455493.550478 2.536076 0.389314 -10480.900282 0.405220 -10476.373940 -0.414344 -10480.593904 -0.720722 0.405220 -0.306378 0.405220 1.599490   1   2  -1 
2455493.550478 2.536076 0.389314 -10480.900282 0.405220 -10476.373940 -0.414344 -10480.593904 -0.720722 0.405220 -0.306378 0.405220 1.599490   1   2  -1 
2455495.535877 4.521475 0.448674 -10480.826331 0.401246 -10476.373940 -0.789911 -10482.037182 0.420940 0.401246 1.210851 0.401246 1.599490   1   2  -1 
2455495.535877 4.521475 0.448674 -10480.826331 0.401246 -10476.373940 -0.789911 -10482.037182 0.420940 0.401246 1.210851 0.401246 1.599490   1   2  -1 
2455495.541664 4.527262 0.448847 -10480.647538 0.425418 -10476.373940 -0.790820 -10482.037218 0.598859 0.425418 1.389680 0.425418 1.599490   1   2  -1 
2455495.541664 4.527262 0.448847 -10480.647538 0.425418 -10476.373940 -0.790820 -10482.037218 0.598859 0.425418 1.389680 0.425418 1.599490   1   2  -1 
2455498.517820 7.503418 0.537829 -10479.650410 0.663846 -10476.373940 -1.122303 -10480.721213 -0.051500 0.663846 1.070803 0.663846 1.599490   1   2  -1 
2455498.517820 7.503418 0.537829 -10479.650410 0.663846 -10476.373940 -1.122303 -10480.721213 -0.051500 0.663846 1.070803 0.663846 1.599490   1   2  -1 
2455498.523445 7.509043 0.537998 -10478.978096 0.600098 -10476.373940 -1.122682 -10480.718862 0.618084 0.600098 1.740766 0.600098 1.599490   1   2  -1 
2455498.523445 7.509043 0.537998 -10478.978096 0.600098 -10476.373940 -1.122682 -10480.718862 0.618084 0.600098 1.740766 0.600098 1.599490   1   2  -1 
2455500.544007 9.529605 0.598409 -10479.588979 0.341836 -10476.373940 -1.201651 -10480.086475 -0.704156 0.341836 0.497496 0.341836 1.599490   1   2  -1 
2455500.544007 9.529605 0.598409 -10479.588979 0.341836 -10476.373940 -1.201651 -10480.086475 -0.704156 0.341836 0.497496 0.341836 1.599490   1   2  -1 
2455500.549389 9.534987 0.598570 -10479.646223 0.372174 -10476.373940 -1.201712 -10480.085202 -0.762734 0.372174 0.438979 0.372174 1.599490   1   2  -1 
2455500.549389 9.534987 0.598570 -10479.646223 0.372174 -10476.373940 -1.201712 -10480.085202 -0.762734 0.372174 0.438979 0.372174 1.599490   1   2  -1 
2455501.547102 10.532700 0.628400 -10479.228913 0.302659 -10476.373940 -1.199663 -10479.899599 -0.528977 0.302659 0.670686 0.302659 1.599490   1   2  -1 
2455501.547102 10.532700 0.628400 -10479.228913 0.302659 -10476.373940 -1.199663 -10479.899599 -0.528977 0.302659 0.670686 0.302659 1.599490   1   2  -1 
2455501.552738 10.538336 0.628568 -10480.110772 0.289222 -10476.373940 -1.199576 -10479.898922 -1.411426 0.289222 -0.211850 0.289222 1.599490   1   2  -1 
2455501.552738 10.538336 0.628568 -10480.110772 0.289222 -10476.373940 -1.199576 -10479.898922 -1.411426 0.289222 -0.211850 0.289222 1.599490   1   2  -1 
2455505.514789 14.500387 0.747027 -10479.788974 0.344263 -10476.373940 -0.928084 -10481.072124 0.355067 0.344263 1.283150 0.344263 1.599490   1   2  -1 
2455505.514789 14.500387 0.747027 -10479.788974 0.344263 -10476.373940 -0.928084 -10481.072124 0.355067 0.344263 1.283150 0.344263 1.599490   1   2  -1 
2455505.520425 14.506023 0.747195 -10479.398339 0.340728 -10476.373940 -0.927393 -10481.075425 0.749692 0.340728 1.677086 0.340728 1.599490   1   2  -1 
2455505.520425 14.506023 0.747195 -10479.398339 0.340728 -10476.373940 -0.927393 -10481.075425 0.749692 0.340728 1.677086 0.340728 1.599490   1   2  -1 
2455507.517142 16.502740 0.806894 -10482.165859 0.264981 -10476.373940 -0.626294 -10482.183725 -0.608428 0.264981 0.017866 0.264981 1.599490   1   2  -1 
2455507.517142 16.502740 0.806894 -10482.165859 0.264981 -10476.373940 -0.626294 -10482.183725 -0.608428 0.264981 0.017866 0.264981 1.599490   1   2  -1 
2455507.522824 16.508422 0.807064 -10483.868821 0.270208 -10476.373940 -0.625275 -10482.186318 -2.307778 0.270208 -1.682503 0.270208 1.599490   1   2  -1 
2455507.522824 16.508422 0.807064 -10483.868821 0.270208 -10476.373940 -0.625275 -10482.186318 -2.307778 0.270208 -1.682503 0.270208 1.599490   1   2  -1 
2455509.518050 -14.943075 0.866718 -10482.136940 0.380261 -10476.373940 -0.210559 -10482.278373 -0.069126 0.380261 0.141433 0.380261 1.599490   1   2  -1 
2455509.518050 -14.943075 0.866718 -10482.136940 0.380261 -10476.373940 -0.210559 -10482.278373 -0.069126 0.380261 0.141433 0.380261 1.599490   1   2  -1 
2455509.523524 -14.937601 0.866881 -10481.842165 0.354765 -10476.373940 -0.209269 -10482.275289 0.223855 0.354765 0.433124 0.354765 1.599490   1   2  -1 
2455509.523524 -14.937601 0.866881 -10481.842165 0.354765 -10476.373940 -0.209269 -10482.275289 0.223855 0.354765 0.433124 0.354765 1.599490   1   2  -1 
2455511.516449 -12.944676 0.926466 -10481.051242 0.398498 -10476.373940 0.308307 -10479.973448 -0.769487 0.398498 -1.077794 0.398498 1.599490   1   2  -1 
2455511.516449 -12.944676 0.926466 -10481.051242 0.398498 -10476.373940 0.308307 -10479.973448 -0.769487 0.398498 -1.077794 0.398498 1.599490   1   2  -1 
2455511.521935 -12.939190 0.926630 -10481.318563 0.396662 -10476.373940 0.309844 -10479.965101 -1.043618 0.396662 -1.353462 0.396662 1.599490   1   2  -1 
2455511.521935 -12.939190 0.926630 -10481.318563 0.396662 -10476.373940 0.309844 -10479.965101 -1.043618 0.396662 -1.353462 0.396662 1.599490   1   2  -1 
2455513.504562 -10.956563 0.985908 -10476.804338 0.418335 -10476.373940 0.881144 -10477.049550 1.126356 0.418335 0.245212 0.418335 1.599490   1   2  -1 
2455513.504562 -10.956563 0.985908 -10476.804338 0.418335 -10476.373940 0.881144 -10477.049550 1.126356 0.418335 0.245212 0.418335 1.599490   1   2  -1 
2455513.510244 -10.950881 0.986077 -10476.668251 0.441085 -10476.373940 0.882773 -10477.042175 1.256696 0.441085 0.373924 0.441085 1.599490   1   2  -1 
2455513.510244 -10.950881 0.986077 -10476.668251 0.441085 -10476.373940 0.882773 -10477.042175 1.256696 0.441085 0.373924 0.441085 1.599490   1   2  -1 
2455514.505835 -9.955290 0.015844 -10478.206203 0.335906 -10476.373940 1.158252 -10475.879397 -1.168553 0.335906 -2.326806 0.335906 1.599490   1   2  -1 
2455514.505835 -9.955290 0.015844 -10478.206203 0.335906 -10476.373940 1.158252 -10475.879397 -1.168553 0.335906 -2.326806 0.335906 1.599490   1   2  -1 
2455514.511356 -9.949769 0.016009 -10477.524806 0.341716 -10476.373940 1.159704 -10475.873670 -0.491433 0.341716 -1.651136 0.341716 1.599490   1   2  -1 
2455514.511356 -9.949769 0.016009 -10477.524806 0.341716 -10476.373940 1.159704 -10475.873670 -0.491433 0.341716 -1.651136 0.341716 1.599490   1   2  -1 
2455519.503938 -4.957187 0.165279 -10474.517329 0.516685 -10476.373940 1.568319 -10473.914940 0.965930 0.516685 -0.602389 0.516685 1.599490   1   2  -1 
2455519.503938 -4.957187 0.165279 -10474.517329 0.516685 -10476.373940 1.568319 -10473.914940 0.965930 0.516685 -0.602389 0.516685 1.599490   1   2  -1 
2455519.508811 -4.952314 0.165424 -10473.971305 0.498073 -10476.373940 1.567584 -10473.918321 1.514600 0.498073 -0.052984 0.498073 1.599490   1   2  -1 
2455519.508811 -4.952314 0.165424 -10473.971305 0.498073 -10476.373940 1.567584 -10473.918321 1.514600 0.498073 -0.052984 0.498073 1.599490   1   2  -1 
2455523.508036 -0.953089 0.284994 -10476.567096 0.414917 -10476.373940 0.525381 -10478.800987 2.759272 0.414917 2.233891 0.414917 1.599490   1   2  -1 
2455523.508036 -0.953089 0.284994 -10476.567096 0.414917 -10476.373940 0.525381 -10478.800987 2.759272 0.414917 2.233891 0.414917 1.599490   1   2  -1 
2455523.513036 -0.948089 0.285144 -10476.426565 0.432885 -10476.373940 0.523863 -10478.802975 2.900273 0.432885 2.376410 0.432885 1.599490   1   2  -1 
2455523.513036 -0.948089 0.285144 -10476.426565 0.432885 -10476.373940 0.523863 -10478.802975 2.900273 0.432885 2.376410 0.432885 1.599490   1   2  -1 
2455524.521481 0.060356 0.315295 -10476.409103 0.333974 -10476.373940 0.223714 -10478.750927 2.565538 0.333974 2.341824 0.333974 1.599490   1   2  -1 
2455524.521481 0.060356 0.315295 -10476.409103 0.333974 -10476.373940 0.223714 -10478.750927 2.565538 0.333974 2.341824 0.333974 1.599490   1   2  -1 
2455524.526446 0.065321 0.315443 -10475.818731 0.339194 -10476.373940 0.222277 -10478.748846 3.152393 0.339194 2.930115 0.339194 1.599490   1   2  -1 
2455524.526446 0.065321 0.315443 -10475.818731 0.339194 -10476.373940 0.222277 -10478.748846 3.152393 0.339194 2.930115 0.339194 1.599490   1   2  -1 
2455653.900831 -4.347188 0.183517 -10479.122782 0.372304 -10476.373940 1.460873 -10477.872576 0.210667 0.372304 -1.250206 0.372304 1.599490   1   2  -1 
2455653.900831 -4.347188 0.183517 -10479.122782 0.372304 -10476.373940 1.460873 -10477.872576 0.210667 0.372304 -1.250206 0.372304 1.599490   1   2  -1 
2455653.906410 -4.341609 0.183683 -10477.502514 0.368097 -10476.373940 1.459754 -10477.869380 1.826620 0.368097 0.366866 0.368097 1.599490   1   2  -1 
2455653.906410 -4.341609 0.183683 -10477.502514 0.368097 -10476.373940 1.459754 -10477.869380 1.826620 0.368097 0.366866 0.368097 1.599490   1   2  -1 
2455654.900357 -3.347662 0.213401 -10477.529507 0.407058 -10476.373940 1.227962 -10477.298145 0.996601 0.407058 -0.231362 0.407058 1.599490   1   2  -1 
2455654.900357 -3.347662 0.213401 -10477.529507 0.407058 -10476.373940 1.227962 -10477.298145 0.996601 0.407058 -0.231362 0.407058 1.599490   1   2  -1 
2455654.905936 -3.342083 0.213567 -10476.951630 0.365708 -10476.373940 1.226504 -10477.295142 1.570016 0.365708 0.343512 0.365708 1.599490   1   2  -1 
2455654.905936 -3.342083 0.213567 -10476.951630 0.365708 -10476.373940 1.226504 -10477.295142 1.570016 0.365708 0.343512 0.365708 1.599490   1   2  -1 
2455657.909222 -0.338797 0.303361 -10477.608535 0.302855 -10476.373940 0.340749 -10476.594006 -0.673781 0.302855 -1.014529 0.302855 1.599490   1   2  -1 
2455657.909222 -0.338797 0.303361 -10477.608535 0.302855 -10476.373940 0.340749 -10476.594006 -0.673781 0.302855 -1.014529 0.302855 1.599490   1   2  -1 
2455657.914813 -0.333206 0.303528 -10478.050098 0.315866 -10476.373940 0.339091 -10476.594571 -1.116436 0.315866 -1.455527 0.315866 1.599490   1   2  -1 
2455657.914813 -0.333206 0.303528 -10478.050098 0.315866 -10476.373940 0.339091 -10476.594571 -1.116436 0.315866 -1.455527 0.315866 1.599490   1   2  -1 
2455659.907949 1.659930 0.363119 -10477.046490 0.384743 -10476.373940 -0.208563 -10477.214725 -0.040328 0.384743 0.168235 0.384743 1.599490   1   2  -1 
2455659.907949 1.659930 0.363119 -10477.046490 0.384743 -10476.373940 -0.208563 -10477.214725 -0.040328 0.384743 0.168235 0.384743 1.599490   1   2  -1 
2455659.913540 1.665521 0.363286 -10478.198534 0.401510 -10476.373940 -0.209951 -10477.217654 -1.190831 0.401510 -0.980880 0.401510 1.599490   1   2  -1 
2455659.913540 1.665521 0.363286 -10478.198534 0.401510 -10476.373940 -0.209951 -10477.217654 -1.190831 0.401510 -0.980880 0.401510 1.599490   1   2  -1 
2455660.901884 2.653865 0.392836 -10478.330760 0.251174 -10476.373940 -0.440169 -10477.852096 -0.918833 0.251174 -0.478664 0.251174 1.599490   1   2  -1 
2455660.901884 2.653865 0.392836 -10478.330760 0.251174 -10476.373940 -0.440169 -10477.852096 -0.918833 0.251174 -0.478664 0.251174 1.599490   1   2  -1 
2455662.902485 4.654466 0.452651 -10478.461597 0.474458 -10476.373940 -0.810544 -10479.884144 0.612004 0.474458 1.422547 0.474458 1.599490   1   2  -1 
2455662.902485 4.654466 0.452651 -10478.461597 0.474458 -10476.373940 -0.810544 -10479.884144 0.612004 0.474458 1.422547 0.474458 1.599490   1   2  -1 
2455662.908180 4.660161 0.452821 -10479.019990 0.454621 -10476.373940 -0.811415 -10479.891110 0.059706 0.454621 0.871120 0.454621 1.599490   1   2  -1 
2455662.908180 4.660161 0.452821 -10479.019990 0.454621 -10476.373940 -0.811415 -10479.891110 0.059706 0.454621 0.871120 0.454621 1.599490   1   2  -1 
2455663.839263 5.591244 0.480659 -10481.021871 0.868606 -10476.373940 -0.940153 -10481.050121 -0.911903 0.868606 0.028250 0.868606 1.599490   1   2  -1 
2455663.839263 5.591244 0.480659 -10481.021871 0.868606 -10476.373940 -0.940153 -10481.050121 -0.911903 0.868606 0.028250 0.868606 1.599490   1   2  -1 
2455672.897729 14.649710 0.751491 -10477.289791 0.326960 -10476.373940 -0.909492 -10479.185316 0.986033 0.326960 1.895525 0.326960 1.599490   1   2  -1 
2455672.897729 14.649710 0.751491 -10477.289791 0.326960 -10476.373940 -0.909492 -10479.185316 0.986033 0.326960 1.895525 0.326960 1.599490   1   2  -1 
2455672.902775 14.654756 0.751642 -10477.128218 0.300639 -10476.373940 -0.908853 -10479.184225 1.147154 0.300639 2.056007 0.300639 1.599490   1   2  -1 
2455672.902775 14.654756 0.751642 -10477.128218 0.300639 -10476.373940 -0.908853 -10479.184225 1.147154 0.300639 2.056007 0.300639 1.599490   1   2  -1 
2455675.905453 -15.789289 0.841417 -10479.983143 0.211350 -10476.373940 -0.400146 -10478.054290 -2.328999 0.211350 -1.928853 0.211350 1.599490   1   2  -1 
2455675.905453 -15.789289 0.841417 -10479.983143 0.211350 -10476.373940 -0.400146 -10478.054290 -2.328999 0.211350 -1.928853 0.211350 1.599490   1   2  -1 
2455679.879903 -11.814839 0.960247 -10481.249420 0.252289 -10476.373940 0.632339 -10480.207417 -0.409663 0.252289 -1.042003 0.252289 1.599490   1   2  -1 
2455679.879903 -11.814839 0.960247 -10481.249420 0.252289 -10476.373940 0.632339 -10480.207417 -0.409663 0.252289 -1.042003 0.252289 1.599490   1   2  -1 
2455679.885123 -11.809619 0.960403 -10482.070814 0.256851 -10476.373940 0.633858 -10480.208713 -1.228243 0.256851 -1.862101 0.256851 1.599490   1   2  -1 
2455679.885123 -11.809619 0.960403 -10482.070814 0.256851 -10476.373940 0.633858 -10480.208713 -1.228243 0.256851 -1.862101 0.256851 1.599490   1   2  -1 
2455712.893679 -12.247786 0.947302 -10477.596372 0.280177 -10476.373940 0.506790 -10477.320733 0.231151 0.280177 -0.275639 0.280177 1.599490   1   2  -1 
2455712.893679 -12.247786 0.947302 -10477.596372 0.280177 -10476.373940 0.506790 -10477.320733 0.231151 0.280177 -0.275639 0.280177 1.599490   1   2  -1 
2455715.864679 -9.276786 0.036130 -10473.715742 0.681733 -10476.373940 1.327273 -10474.326563 1.938094 0.681733 0.610821 0.681733 1.599490   1   2  -1 
2455715.864679 -9.276786 0.036130 -10473.715742 0.681733 -10476.373940 1.327273 -10474.326563 1.938094 0.681733 0.610821 0.681733 1.599490   1   2  -1 
2455715.867376 -9.274089 0.036211 -10473.898980 0.709421 -10476.373940 1.327902 -10474.324999 1.753921 0.709421 0.426019 0.709421 1.599490   1   2  -1 
2455715.867376 -9.274089 0.036211 -10473.898980 0.709421 -10476.373940 1.327902 -10474.324999 1.753921 0.709421 0.426019 0.709421 1.599490   1   2  -1 
2455715.869992 -9.271473 0.036289 -10473.445162 0.718389 -10476.373940 1.328511 -10474.323484 2.206833 0.718389 0.878322 0.718389 1.599490   1   2  -1 
2455715.869992 -9.271473 0.036289 -10473.445162 0.718389 -10476.373940 1.328511 -10474.323484 2.206833 0.718389 0.878322 0.718389 1.599490   1   2  -1 
2455715.872747 -9.268718 0.036371 -10473.903696 0.742414 -10476.373940 1.329153 -10474.321891 1.747348 0.742414 0.418195 0.742414 1.599490   1   2  -1 
2455715.872747 -9.268718 0.036371 -10473.903696 0.742414 -10476.373940 1.329153 -10474.321891 1.747348 0.742414 0.418195 0.742414 1.599490   1   2  -1 
2455727.859452 2.717987 0.394753 -10475.357665 0.528199 -10476.373940 -0.454041 -10477.015010 1.203304 0.528199 1.657345 0.528199 1.599490   1   2  -1 
2455727.859452 2.717987 0.394753 -10475.357665 0.528199 -10476.373940 -0.454041 -10477.015010 1.203304 0.528199 1.657345 0.528199 1.599490   1   2  -1 
2455727.863145 2.721680 0.394864 -10476.960737 0.516663 -10476.373940 -0.454836 -10477.013912 -0.401661 0.516663 0.053175 0.516663 1.599490   1   2  -1 
2455727.863145 2.721680 0.394864 -10476.960737 0.516663 -10476.373940 -0.454836 -10477.013912 -0.401661 0.516663 0.053175 0.516663 1.599490   1   2  -1 
2455727.866953 2.725488 0.394978 -10477.060026 0.559742 -10476.373940 -0.455655 -10477.012786 -0.502896 0.559742 -0.047240 0.559742 1.599490   1   2  -1 
2455727.866953 2.725488 0.394978 -10477.060026 0.559742 -10476.373940 -0.455655 -10477.012786 -0.502896 0.559742 -0.047240 0.559742 1.599490   1   2  -1 
2455735.809170 10.667705 0.632436 -10480.718295 0.263016 -10476.373940 -1.197346 -10479.828204 -2.087437 0.263016 -0.890091 0.263016 1.599490   1   2  -1 
2455735.809170 10.667705 0.632436 -10480.718295 0.263016 -10476.373940 -1.197346 -10479.828204 -2.087437 0.263016 -0.890091 0.263016 1.599490   1   2  -1 
2455754.777241 -3.810948 0.199549 -10475.455016 0.545675 -10476.373940 1.343463 -10476.828093 2.716539 0.545675 1.373077 0.545675 1.599490   1   2  -1 
2455754.777241 -3.810948 0.199549 -10475.455016 0.545675 -10476.373940 1.343463 -10476.828093 2.716539 0.545675 1.373077 0.545675 1.599490   1   2  -1 
2455755.755721 -2.832468 0.228804 -10477.021535 0.384396 -10476.373940 1.087696 -10476.212116 0.278277 0.384396 -0.809419 0.384396 1.599490   1   2  -1 
2455755.755721 -2.832468 0.228804 -10477.021535 0.384396 -10476.373940 1.087696 -10476.212116 0.278277 0.384396 -0.809419 0.384396 1.599490   1   2  -1 
2455769.736300 11.148111 0.646800 -10478.718338 0.338766 -10476.373940 -1.185170 -10479.824814 -0.078694 0.338766 1.106476 0.338766 1.599490   1   2  -1 
2455769.736300 11.148111 0.646800 -10478.718338 0.338766 -10476.373940 -1.185170 -10479.824814 -0.078694 0.338766 1.106476 0.338766 1.599490   1   2  -1 
2455769.742075 11.153886 0.646972 -10479.209949 0.385157 -10476.373940 -1.184986 -10479.819597 -0.575338 0.385157 0.609648 0.385157 1.599490   1   2  -1 
2455769.742075 11.153886 0.646972 -10479.209949 0.385157 -10476.373940 -1.184986 -10479.819597 -0.575338 0.385157 0.609648 0.385157 1.599490   1   2  -1 
2455776.628483 -15.406429 0.852864 -10477.854877 0.356174 -10476.373940 -0.316815 -10476.662940 -1.508752 0.356174 -1.191937 0.356174 1.599490   1   2  -1 
2455776.628483 -15.406429 0.852864 -10477.854877 0.356174 -10476.373940 -0.316815 -10476.662940 -1.508752 0.356174 -1.191937 0.356174 1.599490   1   2  -1 
2455782.624998 -9.409914 0.032150 -10477.234320 0.380536 -10476.373940 1.295769 -10477.676352 1.737801 0.380536 0.442032 0.380536 1.599490   1   2  -1 
2455782.624998 -9.409914 0.032150 -10477.234320 0.380536 -10476.373940 1.295769 -10477.676352 1.737801 0.380536 0.442032 0.380536 1.599490   1   2  -1 
2455784.737667 -7.297245 0.095315 -10473.119634 0.272683 -10476.373940 1.653270 -10474.878177 3.411813 0.272683 1.758543 0.272683 1.599490   1   2  -1 
2455784.737667 -7.297245 0.095315 -10473.119634 0.272683 -10476.373940 1.653270 -10474.878177 3.411813 0.272683 1.758543 0.272683 1.599490   1   2  -1 
2455801.526698 9.491786 0.597278 -10477.714254 0.636570 -10476.373940 -1.201199 -10476.906768 -2.008685 0.636570 -0.807486 0.636570 1.599490   1   2  -1 
2455801.526698 9.491786 0.597278 -10477.714254 0.636570 -10476.373940 -1.201199 -10476.906768 -2.008685 0.636570 -0.807486 0.636570 1.599490   1   2  -1 
2455801.531628 9.496716 0.597426 -10478.348482 0.588581 -10476.373940 -1.201260 -10476.906500 -2.643242 0.588581 -1.441982 0.588581 1.599490   1   2  -1 
2455801.531628 9.496716 0.597426 -10478.348482 0.588581 -10476.373940 -1.201260 -10476.906500 -2.643242 0.588581 -1.441982 0.588581 1.599490   1   2  -1 
2455804.632333 12.597421 0.690131 -10479.889141 0.560283 -10476.373940 -1.111227 -10478.036032 -2.964335 0.560283 -1.853109 0.560283 1.599490   1   2  -1 
2455804.632333 12.597421 0.690131 -10479.889141 0.560283 -10476.373940 -1.111227 -10478.036032 -2.964335 0.560283 -1.853109 0.560283 1.599490   1   2  -1 
2455804.637669 12.602757 0.690291 -10479.356651 0.516075 -10476.373940 -1.110851 -10478.038657 -2.428845 0.516075 -1.317994 0.516075 1.599490   1   2  -1 
2455804.637669 12.602757 0.690291 -10479.356651 0.516075 -10476.373940 -1.110851 -10478.038657 -2.428845 0.516075 -1.317994 0.516075 1.599490   1   2  -1 
2455807.626267 15.591355 0.779645 -10477.952953 0.482855 -10476.373940 -0.777797 -10479.676220 0.945470 0.482855 1.723267 0.482855 1.599490   1   2  -1 
2455807.626267 15.591355 0.779645 -10477.952953 0.482855 -10476.373940 -0.777797 -10479.676220 0.945470 0.482855 1.723267 0.482855 1.599490   1   2  -1 
2455807.631162 15.596250 0.779791 -10477.762393 0.443292 -10476.373940 -0.777047 -10479.678948 1.139508 0.443292 1.916555 0.443292 1.599490   1   2  -1 
2455807.631162 15.596250 0.779791 -10477.762393 0.443292 -10476.373940 -0.777047 -10479.678948 1.139508 0.443292 1.916555 0.443292 1.599490   1   2  -1 
2455810.581550 -14.900086 0.868003 -10481.002505 0.377097 -10476.373940 -0.200407 -10479.014315 -2.188598 0.377097 -1.988190 0.377097 1.599490   1   2  -1 
2455810.581550 -14.900086 0.868003 -10481.002505 0.377097 -10476.373940 -0.200407 -10479.014315 -2.188598 0.377097 -1.988190 0.377097 1.599490   1   2  -1 
2455810.586723 -14.894913 0.868158 -10480.282556 0.398696 -10476.373940 -0.199182 -10479.008400 -1.473338 0.398696 -1.274156 0.398696 1.599490   1   2  -1 
2455810.586723 -14.894913 0.868158 -10480.282556 0.398696 -10476.373940 -0.199182 -10479.008400 -1.473338 0.398696 -1.274156 0.398696 1.599490   1   2  -1 
2455816.587002 -8.894634 0.047556 -10476.284284 0.479893 -10476.373940 1.412305 -10476.185175 1.313196 0.479893 -0.099109 0.479893 1.599490   1   2  -1 
2455816.587002 -8.894634 0.047556 -10476.284284 0.479893 -10476.373940 1.412305 -10476.185175 1.313196 0.479893 -0.099109 0.479893 1.599490   1   2  -1 
2455816.590578 -8.891058 0.047663 -10475.380232 0.444942 -10476.373940 1.413060 -10476.183694 2.216521 0.444942 0.803462 0.444942 1.599490   1   2  -1 
2455816.590578 -8.891058 0.047663 -10475.380232 0.444942 -10476.373940 1.413060 -10476.183694 2.216521 0.444942 0.803462 0.444942 1.599490   1   2  -1 
2455816.594154 -8.887482 0.047770 -10476.257023 0.438232 -10476.373940 1.413814 -10476.182209 1.339000 0.438232 -0.074814 0.438232 1.599490   1   2  -1 
2455816.594154 -8.887482 0.047770 -10476.257023 0.438232 -10476.373940 1.413814 -10476.182209 1.339000 0.438232 -0.074814 0.438232 1.599490   1   2  -1 
2455834.622073 9.140437 0.586774 -10480.909706 0.288686 -10476.373940 -1.195148 -10479.310943 -2.793911 0.288686 -1.598763 0.288686 1.599490   1   2  -1 
2455834.622073 9.140437 0.586774 -10480.909706 0.288686 -10476.373940 -1.195148 -10479.310943 -2.793911 0.288686 -1.598763 0.288686 1.599490   1   2  -1 
2455834.627593 9.145957 0.586939 -10481.704100 0.288262 -10476.373940 -1.195269 -10479.313946 -3.585423 0.288262 -2.390154 0.288262 1.599490   1   2  -1 
2455834.627593 9.145957 0.586939 -10481.704100 0.288262 -10476.373940 -1.195269 -10479.313946 -3.585423 0.288262 -2.390154 0.288262 1.599490   1   2  -1 
2455836.585712 11.104076 0.645483 -10482.497452 0.340261 -10476.373940 -1.186541 -10480.409534 -3.274459 0.340261 -2.087918 0.340261 1.599490   1   2  -1 
2455836.585712 11.104076 0.645483 -10482.497452 0.340261 -10476.373940 -1.186541 -10480.409534 -3.274459 0.340261 -2.087918 0.340261 1.599490   1   2  -1 
2455836.591440 11.109804 0.645654 -10483.216344 0.339568 -10476.373940 -1.186366 -10480.412112 -3.990598 0.339568 -2.804232 0.339568 1.599490   1   2  -1 
2455836.591440 11.109804 0.645654 -10483.216344 0.339568 -10476.373940 -1.186366 -10480.412112 -3.990598 0.339568 -2.804232 0.339568 1.599490   1   2  -1 
2455839.585007 14.103371 0.735157 -10480.984122 0.455066 -10476.373940 -0.974496 -10479.395213 -2.563405 0.455066 -1.588909 0.455066 1.599490   1   2  -1 
2455839.585007 14.103371 0.735157 -10480.984122 0.455066 -10476.373940 -0.974496 -10479.395213 -2.563405 0.455066 -1.588909 0.455066 1.599490   1   2  -1 
2455839.590794 14.109158 0.735330 -10480.862232 0.459884 -10476.373940 -0.973851 -10479.389027 -2.447056 0.459884 -1.473205 0.459884 1.599490   1   2  -1 
2455839.590794 14.109158 0.735330 -10480.862232 0.459884 -10476.373940 -0.973851 -10479.389027 -2.447056 0.459884 -1.473205 0.459884 1.599490   1   2  -1 
2455842.549547 -16.378812 0.823792 -10475.984718 0.533150 -10476.373940 -0.520368 -10476.551287 0.046201 0.533150 0.566569 0.533150 1.599490   1   2  -1 
2455842.549547 -16.378812 0.823792 -10475.984718 0.533150 -10476.373940 -0.520368 -10476.551287 0.046201 0.533150 0.566569 0.533150 1.599490   1   2  -1 
2455842.555033 -16.373326 0.823956 -10475.769563 0.436601 -10476.373940 -0.519295 -10476.547450 0.258591 0.436601 0.777887 0.436601 1.599490   1   2  -1 
2455842.555033 -16.373326 0.823956 -10475.769563 0.436601 -10476.373940 -0.519295 -10476.547450 0.258591 0.436601 0.777887 0.436601 1.599490   1   2  -1 
2455845.575633 -13.352726 0.914266 -10472.970844 0.533869 -10476.373940 0.195410 -10475.232563 2.457129 0.533869 2.261719 0.533869 1.599490   1   2  -1 
2455845.575633 -13.352726 0.914266 -10472.970844 0.533869 -10476.373940 0.195410 -10475.232563 2.457129 0.533869 2.261719 0.533869 1.599490   1   2  -1 
2455845.581258 -13.347101 0.914435 -10473.156417 0.461200 -10476.373940 0.196946 -10475.231906 2.272435 0.461200 2.075489 0.461200 1.599490   1   2  -1 
2455845.581258 -13.347101 0.914435 -10473.156417 0.461200 -10476.373940 0.196946 -10475.231906 2.272435 0.461200 2.075489 0.461200 1.599490   1   2  -1 
2455870.498785 11.570426 0.659426 -10481.818484 0.365314 -10476.373940 -1.169401 -10479.979297 -3.008588 0.365314 -1.839187 0.365314 1.599490   1   2  -1 
2455870.498785 11.570426 0.659426 -10481.818484 0.365314 -10476.373940 -1.169401 -10479.979297 -3.008588 0.365314 -1.839187 0.365314 1.599490   1   2  -1 
2455870.504422 11.576063 0.659595 -10481.151885 0.359240 -10476.373940 -1.169159 -10479.973936 -2.347108 0.359240 -1.177949 0.359240 1.599490   1   2  -1 
2455870.504422 11.576063 0.659595 -10481.151885 0.359240 -10476.373940 -1.169159 -10479.973936 -2.347108 0.359240 -1.177949 0.359240 1.599490   1   2  -1 
2455874.532217 15.603858 0.780019 -10477.728868 0.513797 -10476.373940 -0.775880 -10477.263663 -1.241085 0.513797 -0.465205 0.513797 1.599490   1   2  -1 
2455874.532217 15.603858 0.780019 -10477.728868 0.513797 -10476.373940 -0.775880 -10477.263663 -1.241085 0.513797 -0.465205 0.513797 1.599490   1   2  -1 
2455874.537437 15.609078 0.780175 -10475.674380 0.695338 -10476.373940 -0.775078 -10477.263160 0.813702 0.695338 1.588780 0.695338 1.599490   1   2  -1 
2455874.537437 15.609078 0.780175 -10475.674380 0.695338 -10476.373940 -0.775078 -10477.263160 0.813702 0.695338 1.588780 0.695338 1.599490   1   2  -1 
2455878.549549 -13.825533 0.900130 -10474.975638 0.680478 -10476.373940 0.068599 -10477.373304 2.466265 0.680478 2.397666 0.680478 1.599490   1   2  -1 
2455878.549549 -13.825533 0.900130 -10474.975638 0.680478 -10476.373940 0.068599 -10477.373304 2.466265 0.680478 2.397666 0.680478 1.599490   1   2  -1 
2455878.554965 -13.820117 0.900292 -10473.200640 0.660711 -10476.373940 0.070024 -10477.373770 4.243154 0.660711 4.173130 0.660711 1.599490   1   2  -1 
2455878.554965 -13.820117 0.900292 -10473.200640 0.660711 -10476.373940 0.070024 -10477.373770 4.243154 0.660711 4.173130 0.660711 1.599490   1   2  -1 
2456020.892743 -5.269233 0.155949 -10474.892081 0.400252 -10476.373940 1.610925 -10476.439750 3.158594 0.400252 1.547669 0.400252 1.599490   1   2  -1 
2456020.892743 -5.269233 0.155949 -10474.892081 0.400252 -10476.373940 1.610925 -10476.439750 3.158594 0.400252 1.547669 0.400252 1.599490   1   2  -1 
2456020.898160 -5.263816 0.156111 -10474.995167 0.390725 -10476.373940 1.610262 -10476.445621 3.060715 0.390725 1.450454 0.390725 1.599490   1   2  -1 
2456020.898160 -5.263816 0.156111 -10474.995167 0.390725 -10476.373940 1.610262 -10476.445621 3.060715 0.390725 1.450454 0.390725 1.599490   1   2  -1 
2456022.889397 -3.272579 0.215646 -10478.871489 0.497344 -10476.373940 1.208214 -10478.657009 0.993734 0.497344 -0.214480 0.497344 1.599490   1   2  -1 
2456022.889397 -3.272579 0.215646 -10478.871489 0.497344 -10476.373940 1.208214 -10478.657009 0.993734 0.497344 -0.214480 0.497344 1.599490   1   2  -1 
2456022.894884 -3.267092 0.215810 -10479.815426 0.556527 -10476.373940 1.206761 -10478.662328 0.053663 0.556527 -1.153098 0.556527 1.599490   1   2  -1 
2456022.894884 -3.267092 0.215810 -10479.815426 0.556527 -10476.373940 1.206761 -10478.662328 0.053663 0.556527 -1.153098 0.556527 1.599490   1   2  -1 
2456024.891353 -1.270623 0.275501 -10480.979281 0.428656 -10476.373940 0.622065 -10479.354456 -1.002760 0.428656 -1.624825 0.428656 1.599490   1   2  -1 
2456024.891353 -1.270623 0.275501 -10480.979281 0.428656 -10476.373940 0.622065 -10479.354456 -1.002760 0.428656 -1.624825 0.428656 1.599490   1   2  -1 
2456024.897048 -1.264928 0.275671 -10480.604419 0.407038 -10476.373940 0.620328 -10479.352390 -0.631702 0.407038 -1.252029 0.407038 1.599490   1   2  -1 
2456024.897048 -1.264928 0.275671 -10480.604419 0.407038 -10476.373940 0.620328 -10479.352390 -0.631702 0.407038 -1.252029 0.407038 1.599490   1   2  -1 
2456028.922257 2.760281 0.396018 -10477.908590 0.345283 -10476.373940 -0.463119 -10476.587565 -1.784144 0.345283 -1.321025 0.345283 1.599490   1   2  -1 
2456028.922257 2.760281 0.396018 -10477.908590 0.345283 -10476.373940 -0.463119 -10476.587565 -1.784144 0.345283 -1.321025 0.345283 1.599490   1   2  -1 
2456029.892891 3.730915 0.425038 -10478.166891 0.543499 -10476.373940 -0.655596 -10476.511268 -2.311218 0.543499 -1.655623 0.543499 1.599490   1   2  -1 
2456029.892891 3.730915 0.425038 -10478.166891 0.543499 -10476.373940 -0.655596 -10476.511268 -2.311218 0.543499 -1.655623 0.543499 1.599490   1   2  -1 
2456029.898354 3.736378 0.425201 -10478.569496 0.519266 -10476.373940 -0.656593 -10476.511807 -2.714282 0.519266 -2.057689 0.519266 1.599490   1   2  -1 
2456029.898354 3.736378 0.425201 -10478.569496 0.519266 -10476.373940 -0.656593 -10476.511807 -2.714282 0.519266 -2.057689 0.519266 1.599490   1   2  -1 
2456031.852968 5.690992 0.483641 -10477.024746 0.408809 -10476.373940 -0.952353 -10477.161416 -0.815683 0.408809 0.136670 0.408809 1.599490   1   2  -1 
2456031.852968 5.690992 0.483641 -10477.024746 0.408809 -10476.373940 -0.952353 -10477.161416 -0.815683 0.408809 0.136670 0.408809 1.599490   1   2  -1 
2456052.857065 -6.751634 0.111628 -10480.793021 0.406318 -10476.373940 1.682977 -10478.660778 -0.449266 0.406318 -2.132243 0.406318 1.599490   1   2  -1 
2456052.857065 -6.751634 0.111628 -10480.793021 0.406318 -10476.373940 1.682977 -10478.660778 -0.449266 0.406318 -2.132243 0.406318 1.599490   1   2  -1 
2456052.862482 -6.746217 0.111790 -10480.156970 0.393840 -10476.373940 1.683122 -10478.658893 0.185045 0.393840 -1.498077 0.393840 1.599490   1   2  -1 
2456052.862482 -6.746217 0.111790 -10480.156970 0.393840 -10476.373940 1.683122 -10478.658893 0.185045 0.393840 -1.498077 0.393840 1.599490   1   2  -1 
2456053.851639 -5.757060 0.141364 -10480.816786 0.437473 -10476.373940 1.659088 -10478.012173 -1.145525 0.437473 -2.804613 0.437473 1.599490   1   2  -1 
2456053.851639 -5.757060 0.141364 -10480.816786 0.437473 -10476.373940 1.659088 -10478.012173 -1.145525 0.437473 -2.804613 0.437473 1.599490   1   2  -1 
2456053.857114 -5.751585 0.141527 -10476.986852 0.414343 -10476.373940 1.658677 -10478.007291 2.679116 0.414343 1.020439 0.414343 1.599490   1   2  -1 
2456053.857114 -5.751585 0.141527 -10476.986852 0.414343 -10476.373940 1.658677 -10478.007291 2.679116 0.414343 1.020439 0.414343 1.599490   1   2  -1 
2456054.839916 -4.768783 0.170912 -10479.578072 0.266506 -10476.373940 1.538405 -10477.040919 -0.998747 0.266506 -2.537153 0.266506 1.599490   1   2  -1 
2456054.839916 -4.768783 0.170912 -10479.578072 0.266506 -10476.373940 1.538405 -10477.040919 -0.998747 0.266506 -2.537153 0.266506 1.599490   1   2  -1 
2456055.886865 -3.721834 0.202214 -10478.308216 0.254853 -10476.373940 1.322164 -10476.071119 -0.914933 0.254853 -2.237097 0.254853 1.599490   1   2  -1 
2456055.886865 -3.721834 0.202214 -10478.308216 0.254853 -10476.373940 1.322164 -10476.071119 -0.914933 0.254853 -2.237097 0.254853 1.599490   1   2  -1 
2456056.818146 -2.790553 0.230057 -10476.145121 0.446651 -10476.373940 1.075845 -10475.473487 0.404210 0.446651 -0.671634 0.446651 1.599490   1   2  -1 
2456056.818146 -2.790553 0.230057 -10476.145121 0.446651 -10476.373940 1.075845 -10475.473487 0.404210 0.446651 -0.671634 0.446651 1.599490   1   2  -1 
2456056.823714 -2.784985 0.230224 -10476.399813 0.406993 -10476.373940 1.074266 -10475.470898 0.145351 0.406993 -0.928915 0.406993 1.599490   1   2  -1 
2456056.823714 -2.784985 0.230224 -10476.399813 0.406993 -10476.373940 1.074266 -10475.470898 0.145351 0.406993 -0.928915 0.406993 1.599490   1   2  -1 
2456078.843392 -14.212031 0.888575 -10475.070920 0.323779 -10476.373940 -0.031414 -10477.353795 2.251461 0.323779 2.282875 0.323779 1.599490   1   2  -1 
2456078.843392 -14.212031 0.888575 -10475.070920 0.323779 -10476.373940 -0.031414 -10477.353795 2.251461 0.323779 2.282875 0.323779 1.599490   1   2  -1 
2456078.849075 -14.206348 0.888744 -10475.406297 0.316487 -10476.373940 -0.029969 -10477.357806 1.921540 0.316487 1.951509 0.316487 1.599490   1   2  -1 
2456078.849075 -14.206348 0.888744 -10475.406297 0.316487 -10476.373940 -0.029969 -10477.357806 1.921540 0.316487 1.951509 0.316487 1.599490   1   2  -1 
2456081.832748 -11.222675 0.977951 -10477.091748 0.398009 -10476.373940 0.804456 -10477.835494 1.548202 0.398009 0.743746 0.398009 1.599490   1   2  -1 
2456081.832748 -11.222675 0.977951 -10477.091748 0.398009 -10476.373940 0.804456 -10477.835494 1.548202 0.398009 0.743746 0.398009 1.599490   1   2  -1 
2456081.838651 -11.216772 0.978128 -10477.350415 0.323723 -10476.373940 0.806165 -10477.830765 1.286515 0.323723 0.480350 0.323723 1.599490   1   2  -1 
2456081.838651 -11.216772 0.978128 -10477.350415 0.323723 -10476.373940 0.806165 -10477.830765 1.286515 0.323723 0.480350 0.323723 1.599490   1   2  -1 
2456085.820521 -7.234902 0.097179 -10474.269371 0.439249 -10476.373940 1.658156 -10473.856505 1.245290 0.439249 -0.412866 0.439249 1.599490   1   2  -1 
2456085.820521 -7.234902 0.097179 -10474.269371 0.439249 -10476.373940 1.658156 -10473.856505 1.245290 0.439249 -0.412866 0.439249 1.599490   1   2  -1 
2456085.826250 -7.229173 0.097350 -10473.694203 0.458936 -10476.373940 1.658586 -10473.852733 1.817116 0.458936 0.158530 0.458936 1.599490   1   2  -1 
2456085.826250 -7.229173 0.097350 -10473.694203 0.458936 -10476.373940 1.658586 -10473.852733 1.817116 0.458936 0.158530 0.458936 1.599490   1   2  -1 
2456088.742747 -4.312676 0.184548 -10472.336592 0.274700 -10476.373940 1.453917 -10472.956183 2.073508 0.274700 0.619591 0.274700 1.599490   1   2  -1 
2456088.742747 -4.312676 0.184548 -10472.336592 0.274700 -10476.373940 1.453917 -10472.956183 2.073508 0.274700 0.619591 0.274700 1.599490   1   2  -1 
2456092.900369 -0.155054 0.308854 -10477.981567 0.314413 -10476.373940 0.286523 -10475.864757 -1.830287 0.314413 -2.116810 0.314413 1.599490   1   2  -1 
2456092.900369 -0.155054 0.308854 -10477.981567 0.314413 -10476.373940 0.286523 -10475.864757 -1.830287 0.314413 -2.116810 0.314413 1.599490   1   2  -1 
2456115.815540 -10.686606 0.993979 -10474.774807 0.388096 -10476.373940 0.958011 -10472.671362 -1.145434 0.388096 -2.103445 0.388096 1.599490   1   2  -1 
2456115.815540 -10.686606 0.993979 -10474.774807 0.388096 -10476.373940 0.958011 -10472.671362 -1.145434 0.388096 -2.103445 0.388096 1.599490   1   2  -1 
2456118.809984 -7.692162 0.083508 -10471.978956 0.256427 -10476.373940 1.613754 -10473.261754 2.896553 0.256427 1.282798 0.256427 1.599490   1   2  -1 
2456118.809984 -7.692162 0.083508 -10471.978956 0.256427 -10476.373940 1.613754 -10473.261754 2.896553 0.256427 1.282798 0.256427 1.599490   1   2  -1 
2456121.820367 -4.681779 0.173513 -10475.055286 0.705930 -10476.373940 1.523574 -10475.493279 1.961567 0.705930 0.437993 0.705930 1.599490   1   2  -1 
2456121.820367 -4.681779 0.173513 -10475.055286 0.705930 -10476.373940 1.523574 -10475.493279 1.961567 0.705930 0.437993 0.705930 1.599490   1   2  -1 
2456149.686124 -10.262746 0.006651 -10478.886301 0.422505 -10476.373940 1.075830 -10476.632933 -1.177538 0.422505 -2.253368 0.422505 1.599490   1   2  -1 
2456149.686124 -10.262746 0.006651 -10478.886301 0.422505 -10476.373940 1.075830 -10476.632933 -1.177538 0.422505 -2.253368 0.422505 1.599490   1   2  -1 
2456154.723489 -5.225381 0.157260 -10473.222066 0.432559 -10476.373940 1.605477 -10474.072493 2.455904 0.432559 0.850427 0.432559 1.599490   1   2  -1 
2456154.723489 -5.225381 0.157260 -10473.222066 0.432559 -10476.373940 1.605477 -10474.072493 2.455904 0.432559 0.850427 0.432559 1.599490   1   2  -1 
2456154.728442 -5.220428 0.157408 -10472.383548 0.640869 -10476.373940 1.604850 -10474.068545 3.289848 0.640869 1.684997 0.640869 1.599490   1   2  -1 
2456154.728442 -5.220428 0.157408 -10472.383548 0.640869 -10476.373940 1.604850 -10474.068545 3.289848 0.640869 1.684997 0.640869 1.599490   1   2  -1 
2456166.527551 6.578681 0.510181 -10482.638275 0.322758 -10476.373940 -1.047685 -10480.198779 -3.487181 0.322758 -2.439496 0.322758 1.599490   1   2  -1 
2456166.527551 6.578681 0.510181 -10482.638275 0.322758 -10476.373940 -1.047685 -10480.198779 -3.487181 0.322758 -2.439496 0.322758 1.599490   1   2  -1 
2456168.609469 8.660599 0.572427 -10483.235121 0.485702 -10476.373940 -1.181467 -10479.719243 -4.697346 0.485702 -3.515878 0.485702 1.599490   1   2  -1 
2456168.609469 8.660599 0.572427 -10483.235121 0.485702 -10476.373940 -1.181467 -10479.719243 -4.697346 0.485702 -3.515878 0.485702 1.599490   1   2  -1 
2456168.615105 8.666235 0.572596 -10482.078140 0.428978 -10476.373940 -1.181665 -10479.714031 -3.545774 0.428978 -2.364109 0.428978 1.599490   1   2  -1 
2456168.615105 8.666235 0.572596 -10482.078140 0.428978 -10476.373940 -1.181665 -10479.714031 -3.545774 0.428978 -2.364109 0.428978 1.599490   1   2  -1 
2456171.510563 11.561693 0.659165 -10477.310953 0.261955 -10476.373940 -1.169775 -10476.751633 -1.729095 0.261955 -0.559320 0.261955 1.599490   1   2  -1 
2456171.510563 11.561693 0.659165 -10477.310953 0.261955 -10476.373940 -1.169775 -10476.751633 -1.729095 0.261955 -0.559320 0.261955 1.599490   1   2  -1 
2456173.694840 13.745970 0.724471 -10472.314153 0.435027 -10476.373940 -1.012549 -10475.917029 2.590328 0.435027 3.602876 0.435027 1.599490   1   2  -1 
2456173.694840 13.745970 0.724471 -10472.314153 0.435027 -10476.373940 -1.012549 -10475.917029 2.590328 0.435027 3.602876 0.435027 1.599490   1   2  -1 
2456181.612869 -11.782724 0.961207 -10475.571527 0.304713 -10476.373940 0.641683 -10477.529957 2.600114 0.304713 1.958430 0.304713 1.599490   1   2  -1 
2456181.612869 -11.782724 0.961207 -10475.571527 0.304713 -10476.373940 0.641683 -10477.529957 2.600114 0.304713 1.958430 0.304713 1.599490   1   2  -1 
2456186.623747 -6.771846 0.111023 -10470.871523 0.269145 -10476.373940 1.682410 -10472.712592 3.523479 0.269145 1.841069 0.269145 1.599490   1   2  -1 
2456186.623747 -6.771846 0.111023 -10470.871523 0.269145 -10476.373940 1.682410 -10472.712592 3.523479 0.269145 1.841069 0.269145 1.599490   1   2  -1 
2456189.666838 -3.728755 0.202007 -10471.752751 0.854916 -10476.373940 1.323835 -10472.678820 2.249904 0.854916 0.926069 0.854916 1.599490   1   2  -1 
2456189.666838 -3.728755 0.202007 -10471.752751 0.854916 -10476.373940 1.323835 -10472.678820 2.249904 0.854916 0.926069 0.854916 1.599490   1   2  -1 
2456190.592865 -2.802728 0.229693 -10474.982002 0.436640 -10476.373940 1.079293 -10473.327710 -0.574999 0.436640 -1.654292 0.436640 1.599490   1   2  -1 
2456190.592865 -2.802728 0.229693 -10474.982002 0.436640 -10476.373940 1.079293 -10473.327710 -0.574999 0.436640 -1.654292 0.436640 1.599490   1   2  -1 
2456190.598548 -2.797045 0.229863 -10475.915820 0.410184 -10476.373940 1.077684 -10473.332664 -1.505472 0.410184 -2.583156 0.410184 1.599490   1   2  -1 
2456190.598548 -2.797045 0.229863 -10475.915820 0.410184 -10476.373940 1.077684 -10473.332664 -1.505472 0.410184 -2.583156 0.410184 1.599490   1   2  -1 
2456195.586272 2.190679 0.378988 -10476.324229 0.455921 -10476.373940 -0.336074 -10476.721192 0.060889 0.455921 0.396963 0.455921 1.599490   1   2  -1 
2456195.586272 2.190679 0.378988 -10476.324229 0.455921 -10476.373940 -0.336074 -10476.721192 0.060889 0.455921 0.396963 0.455921 1.599490   1   2  -1 
2456195.591793 2.196200 0.379153 -10476.833989 0.456503 -10476.373940 -0.337355 -10476.720077 -0.451267 0.456503 -0.113912 0.456503 1.599490   1   2  -1 
2456195.591793 2.196200 0.379153 -10476.833989 0.456503 -10476.373940 -0.337355 -10476.720077 -0.451267 0.456503 -0.113912 0.456503 1.599490   1   2  -1 
2456198.564091 5.168498 0.468019 -10469.851121 0.593173 -10476.373940 -0.885049 -10475.323843 4.587674 0.593173 5.472722 0.593173 1.599490   1   2  -1 
2456198.564091 5.168498 0.468019 -10469.851121 0.593173 -10476.373940 -0.885049 -10475.323843 4.587674 0.593173 5.472722 0.593173 1.599490   1   2  -1 
2456198.569866 5.174273 0.468192 -10469.520142 0.625422 -10476.373940 -0.885839 -10475.320808 4.914828 0.625422 5.800666 0.625422 1.599490   1   2  -1 
2456198.569866 5.174273 0.468192 -10469.520142 0.625422 -10476.373940 -0.885839 -10475.320808 4.914828 0.625422 5.800666 0.625422 1.599490   1   2  -1 
2456204.547188 11.151595 0.646904 -10474.005151 0.390830 -10476.373940 -1.185059 -10475.507510 0.317300 0.390830 1.502359 0.390830 1.599490   1   2  -1 
2456204.547188 11.151595 0.646904 -10474.005151 0.390830 -10476.373940 -1.185059 -10475.507510 0.317300 0.390830 1.502359 0.390830 1.599490   1   2  -1 
2456205.523197 12.127604 0.676085 -10476.331744 0.223735 -10476.373940 -1.141336 -10476.145143 -1.327937 0.223735 -0.186601 0.223735 1.599490   1   2  -1 
2456205.523197 12.127604 0.676085 -10476.331744 0.223735 -10476.373940 -1.141336 -10476.145143 -1.327937 0.223735 -0.186601 0.223735 1.599490   1   2  -1 
2456208.615737 15.220144 0.768546 -10479.274458 0.471028 -10476.373940 -0.832707 -10477.645691 -2.461473 0.471028 -1.628767 0.471028 1.599490   1   2  -1 
2456208.615737 15.220144 0.768546 -10479.274458 0.471028 -10476.373940 -0.832707 -10477.645691 -2.461473 0.471028 -1.628767 0.471028 1.599490   1   2  -1 
2456209.540800 16.145207 0.796204 -10475.726000 0.526879 -10476.373940 -0.688566 -10477.715780 1.301214 0.526879 1.989780 0.526879 1.599490   1   2  -1 
2456209.540800 16.145207 0.796204 -10475.726000 0.526879 -10476.373940 -0.688566 -10477.715780 1.301214 0.526879 1.989780 0.526879 1.599490   1   2  -1 
2456210.532155 -16.310161 0.825844 -10475.727704 0.432092 -10476.373940 -0.506878 -10477.156043 0.921461 0.432092 1.428339 0.432092 1.599490   1   2  -1 
2456210.532155 -16.310161 0.825844 -10475.727704 0.432092 -10476.373940 -0.506878 -10477.156043 0.921461 0.432092 1.428339 0.432092 1.599490   1   2  -1 
2456212.523498 -14.318818 0.885382 -10470.032065 0.239792 -10476.373940 -0.058424 -10474.515621 4.425133 0.239792 4.483556 0.239792 1.599490   1   2  -1 
2456212.523498 -14.318818 0.885382 -10470.032065 0.239792 -10476.373940 -0.058424 -10474.515621 4.425133 0.239792 4.483556 0.239792 1.599490   1   2  -1 
2456217.523649 -9.318667 0.034878 -10469.768240 0.370476 -10476.373940 1.317460 -10470.401939 1.951159 0.370476 0.633699 0.370476 1.599490   1   2  -1 
2456217.523649 -9.318667 0.034878 -10469.768240 0.370476 -10476.373940 1.317460 -10470.401939 1.951159 0.370476 0.633699 0.370476 1.599490   1   2  -1 
2456217.529482 -9.312834 0.035052 -10468.041405 0.361734 -10476.373940 1.318832 -10470.401721 3.679148 0.361734 2.360316 0.361734 1.599490   1   2  -1 
2456217.529482 -9.312834 0.035052 -10468.041405 0.361734 -10476.373940 1.318832 -10470.401721 3.679148 0.361734 2.360316 0.361734 1.599490   1   2  -1 
2456218.587951 -8.254365 0.066699 -10468.491163 0.391645 -10476.373940 1.533552 -10470.517956 3.560345 0.391645 2.026793 0.391645 1.599490   1   2  -1 
2456218.587951 -8.254365 0.066699 -10468.491163 0.391645 -10476.373940 1.533552 -10470.517956 3.560345 0.391645 2.026793 0.391645 1.599490   1   2  -1 
2456219.500319 -7.341997 0.093977 -10469.245686 0.247828 -10476.373940 1.649532 -10470.884248 3.288094 0.247828 1.638562 0.247828 1.599490   1   2  -1 
2456219.500319 -7.341997 0.093977 -10469.245686 0.247828 -10476.373940 1.649532 -10470.884248 3.288094 0.247828 1.638562 0.247828 1.599490   1   2  -1 
2456220.491327 -6.350989 0.123606 -10472.137625 0.391613 -10476.373940 1.685574 -10471.583103 1.131052 0.391613 -0.554522 0.391613 1.599490   1   2  -1 
2456220.491327 -6.350989 0.123606 -10472.137625 0.391613 -10476.373940 1.685574 -10471.583103 1.131052 0.391613 -0.554522 0.391613 1.599490   1   2  -1 
2456220.514069 -6.328247 0.124286 -10472.572915 0.320320 -10476.373940 1.685225 -10471.602698 0.715009 0.320320 -0.970217 0.320320 1.599490   1   2  -1 
2456220.514069 -6.328247 0.124286 -10472.572915 0.320320 -10476.373940 1.685225 -10471.602698 0.715009 0.320320 -0.970217 0.320320 1.599490   1   2  -1 
2456409.867093 15.791160 0.785619 -10475.673600 0.617333 -10476.373940 -0.746618 -10475.141616 -1.278603 0.617333 -0.531984 0.617333 1.599490   1   2  -1 
2456409.867093 15.791160 0.785619 -10475.673600 0.617333 -10476.373940 -0.746618 -10475.141616 -1.278603 0.617333 -0.531984 0.617333 1.599490   1   2  -1 
2456409.872719 15.796786 0.785787 -10476.137178 0.595203 -10476.373940 -0.745724 -10475.141116 -1.741786 0.595203 -0.996062 0.595203 1.599490   1   2  -1 
2456409.872719 15.796786 0.785787 -10476.137178 0.595203 -10476.373940 -0.745724 -10475.141116 -1.741786 0.595203 -0.996062 0.595203 1.599490   1   2  -1 
2456410.795661 16.719728 0.813381 -10473.625918 3.271074 -10476.373940 -0.586710 -10475.258644 1.046016 3.271074 1.632726 3.271074 1.599490   1   2  -1 
2456410.795661 16.719728 0.813381 -10473.625918 3.271074 -10476.373940 -0.586710 -10475.258644 1.046016 3.271074 1.632726 3.271074 1.599490   1   2  -1 
2456410.804261 -16.718396 0.813639 -10469.468381 2.427430 -10476.373940 -0.585114 -10475.261312 5.207817 2.427430 5.792931 2.427430 1.599490   1   2  -1 
2456410.804261 -16.718396 0.813639 -10469.468381 2.427430 -10476.373940 -0.585114 -10475.261312 5.207817 2.427430 5.792931 2.427430 1.599490   1   2  -1 
2456416.824768 -10.697889 0.993641 -10472.302186 0.550392 -10476.373940 0.954822 -10471.804410 0.457046 0.550392 -0.497776 0.550392 1.599490   1   2  -1 
2456416.824768 -10.697889 0.993641 -10472.302186 0.550392 -10476.373940 0.954822 -10471.804410 0.457046 0.550392 -0.497776 0.550392 1.599490   1   2  -1 
2456416.828565 -10.694092 0.993755 -10470.986675 0.545862 -10476.373940 0.955895 -10471.803506 1.772727 0.545862 0.816831 0.545862 1.599490   1   2  -1 
2456416.828565 -10.694092 0.993755 -10470.986675 0.545862 -10476.373940 0.955895 -10471.803506 1.772727 0.545862 0.816831 0.545862 1.599490   1   2  -1 
2456416.832443 -10.690214 0.993871 -10471.882453 0.566830 -10476.373940 0.956991 -10471.802596 0.877135 0.566830 -0.079857 0.566830 1.599490   1   2  -1 
2456416.832443 -10.690214 0.993871 -10471.882453 0.566830 -10476.373940 0.956991 -10471.802596 0.877135 0.566830 -0.079857 0.566830 1.599490   1   2  -1 
2456432.884915 5.362258 0.473812 -10474.962361 0.393986 -10476.373940 -0.910990 -10475.427171 -0.446180 0.393986 0.464810 0.393986 1.599490   1   2  -1 
2456432.884915 5.362258 0.473812 -10474.962361 0.393986 -10476.373940 -0.910990 -10475.427171 -0.446180 0.393986 0.464810 0.393986 1.599490   1   2  -1 
2456432.890124 5.367467 0.473968 -10475.372110 0.450803 -10476.373940 -0.911672 -10475.428531 -0.855251 0.450803 0.056421 0.450803 1.599490   1   2  -1 
2456432.890124 5.367467 0.473968 -10475.372110 0.450803 -10476.373940 -0.911672 -10475.428531 -0.855251 0.450803 0.056421 0.450803 1.599490   1   2  -1 
2456433.905268 6.382611 0.504319 -10472.852948 0.738644 -10476.373940 -1.028656 -10475.780489 1.898885 0.738644 2.927541 0.738644 1.599490   1   2  -1 
2456433.905268 6.382611 0.504319 -10472.852948 0.738644 -10476.373940 -1.028656 -10475.780489 1.898885 0.738644 2.927541 0.738644 1.599490   1   2  -1 
2456433.910395 6.387738 0.504473 -10474.512391 0.801539 -10476.373940 -1.029168 -10475.782813 0.241254 0.801539 1.270422 0.801539 1.599490   1   2  -1 
2456433.910395 6.387738 0.504473 -10474.512391 0.801539 -10476.373940 -1.029168 -10475.782813 0.241254 0.801539 1.270422 0.801539 1.599490   1   2  -1 
2456434.892458 7.369801 0.533835 -10475.434897 0.484791 -10476.373940 -1.113045 -10476.347405 -0.200538 0.484791 0.912508 0.484791 1.599490   1   2  -1 
2456434.892458 7.369801 0.533835 -10475.434897 0.484791 -10476.373940 -1.113045 -10476.347405 -0.200538 0.484791 0.912508 0.484791 1.599490   1   2  -1 
2456434.898129 7.375472 0.534004 -10474.106533 0.468854 -10476.373940 -1.113449 -10476.351333 1.131351 0.468854 2.244800 0.468854 1.599490   1   2  -1 
2456434.898129 7.375472 0.534004 -10474.106533 0.468854 -10476.373940 -1.113449 -10476.351333 1.131351 0.468854 2.244800 0.468854 1.599490   1   2  -1 
2456437.889188 10.366531 0.623432 -10477.501611 0.400790 -10476.373940 -1.201850 -10478.226192 -0.477269 0.400790 0.724581 0.400790 1.599490   1   2  -1 
2456437.889188 10.366531 0.623432 -10477.501611 0.400790 -10476.373940 -1.201850 -10478.226192 -0.477269 0.400790 0.724581 0.400790 1.599490   1   2  -1 
2456437.894720 10.372063 0.623597 -10477.202903 0.367888 -10476.373940 -1.201789 -10478.226348 -0.178344 0.367888 1.023445 0.367888 1.599490   1   2  -1 
2456437.894720 10.372063 0.623597 -10477.202903 0.367888 -10476.373940 -1.201789 -10478.226348 -0.178344 0.367888 1.023445 0.367888 1.599490   1   2  -1 
2456438.860772 11.338115 0.652480 -10477.416873 0.320407 -10476.373940 -1.178662 -10477.902269 -0.693266 0.320407 0.485396 0.320407 1.599490   1   2  -1 
2456438.860772 11.338115 0.652480 -10477.416873 0.320407 -10476.373940 -1.178662 -10477.902269 -0.693266 0.320407 0.485396 0.320407 1.599490   1   2  -1 
2456441.860316 14.337659 0.742162 -10477.889690 0.423142 -10476.373940 -0.947637 -10474.746722 -4.090605 0.423142 -3.142968 0.423142 1.599490   1   2  -1 
2456441.860316 14.337659 0.742162 -10477.889690 0.423142 -10476.373940 -0.947637 -10474.746722 -4.090605 0.423142 -3.142968 0.423142 1.599490   1   2  -1 
2456454.832361 -6.137019 0.130004 -10475.281861 0.354619 -10476.373940 1.680191 -10474.682532 1.080862 0.354619 -0.599329 0.354619 1.599490   1   2  -1 
2456454.832361 -6.137019 0.130004 -10475.281861 0.354619 -10476.373940 1.680191 -10474.682532 1.080862 0.354619 -0.599329 0.354619 1.599490   1   2  -1 
2456454.837894 -6.131486 0.130169 -10474.118452 0.355826 -10476.373940 1.679989 -10474.677875 2.239412 0.355826 0.559423 0.355826 1.599490   1   2  -1 
2456454.837894 -6.131486 0.130169 -10474.118452 0.355826 -10476.373940 1.679989 -10474.677875 2.239412 0.355826 0.559423 0.355826 1.599490   1   2  -1 
2456467.823190 6.853810 0.518407 -10478.702475 0.627828 -10476.373940 -1.072479 -10477.683707 -2.091246 0.627828 -1.018768 0.627828 1.599490   1   2  -1 
2456467.823190 6.853810 0.518407 -10478.702475 0.627828 -10476.373940 -1.072479 -10477.683707 -2.091246 0.627828 -1.018768 0.627828 1.599490   1   2  -1 
2456467.826929 6.857549 0.518519 -10477.017285 0.556688 -10476.373940 -1.072801 -10477.680126 -0.409959 0.556688 0.662841 0.556688 1.599490   1   2  -1 
2456467.826929 6.857549 0.518519 -10477.017285 0.556688 -10476.373940 -1.072801 -10477.680126 -0.409959 0.556688 0.662841 0.556688 1.599490   1   2  -1 
2456467.830702 6.861322 0.518632 -10477.517838 0.592918 -10476.373940 -1.073125 -10477.676501 -0.914462 0.592918 0.158663 0.592918 1.599490   1   2  -1 
2456467.830702 6.861322 0.518632 -10477.517838 0.592918 -10476.373940 -1.073125 -10477.676501 -0.914462 0.592918 0.158663 0.592918 1.599490   1   2  -1 
2456473.860840 12.891460 0.698923 -10476.447652 0.525661 -10476.373940 -1.089367 -10474.647925 -2.889094 0.525661 -1.799727 0.525661 1.599490   1   2  -1 
2456473.860840 12.891460 0.698923 -10476.447652 0.525661 -10476.373940 -1.089367 -10474.647925 -2.889094 0.525661 -1.799727 0.525661 1.599490   1   2  -1 
2456473.864821 12.895441 0.699042 -10476.577531 0.508451 -10476.373940 -1.089055 -10474.646010 -3.020576 0.508451 -1.931521 0.508451 1.599490   1   2  -1 
2456473.864821 12.895441 0.699042 -10476.577531 0.508451 -10476.373940 -1.089055 -10474.646010 -3.020576 0.508451 -1.931521 0.508451 1.599490   1   2  -1 
2456473.868595 12.899215 0.699155 -10477.152422 0.549460 -10476.373940 -1.088759 -10474.644190 -3.596991 0.549460 -2.508232 0.549460 1.599490   1   2  -1 
2456473.868595 12.899215 0.699155 -10477.152422 0.549460 -10476.373940 -1.088759 -10474.644190 -3.596991 0.549460 -2.508232 0.549460 1.599490   1   2  -1 
2456480.776552 -13.639552 0.905691 -10477.791088 0.498216 -10476.373940 0.117924 -10477.116308 -0.556855 0.498216 -0.674780 0.498216 1.599490   1   2  -1 
2456480.776552 -13.639552 0.905691 -10477.791088 0.498216 -10476.373940 0.117924 -10477.116308 -0.556855 0.498216 -0.674780 0.498216 1.599490   1   2  -1 
2456480.782281 -13.633823 0.905862 -10479.026503 0.462663 -10476.373940 0.119456 -10477.114609 -1.792438 0.462663 -1.911894 0.462663 1.599490   1   2  -1 
2456480.782281 -13.633823 0.905862 -10479.026503 0.462663 -10476.373940 0.119456 -10477.114609 -1.792438 0.462663 -1.911894 0.462663 1.599490   1   2  -1 
2456481.631506 -12.784598 0.931252 -10479.243238 0.620379 -10476.373940 0.353345 -10476.553231 -2.336662 0.620379 -2.690007 0.620379 1.599490   1   2  -1 
2456481.631506 -12.784598 0.931252 -10479.243238 0.620379 -10476.373940 0.353345 -10476.553231 -2.336662 0.620379 -2.690007 0.620379 1.599490   1   2  -1 
2456481.637189 -12.778915 0.931422 -10479.719427 0.629706 -10476.373940 0.354951 -10476.547737 -2.816740 0.629706 -3.171690 0.629706 1.599490   1   2  -1 
2456481.637189 -12.778915 0.931422 -10479.719427 0.629706 -10476.373940 0.354951 -10476.547737 -2.816740 0.629706 -3.171690 0.629706 1.599490   1   2  -1 
2456501.599929 7.183825 0.528274 -10471.824389 0.315832 -10476.373940 -1.099309 -10473.359165 0.435466 0.315832 1.534776 0.315832 1.599490   1   2  -1 
2456501.599929 7.183825 0.528274 -10471.824389 0.315832 -10476.373940 -1.099309 -10473.359165 0.435466 0.315832 1.534776 0.315832 1.599490   1   2  -1 
2456523.744316 -4.118511 0.190354 -10476.503679 0.283739 -10476.373940 1.413183 -10476.480661 1.390165 0.283739 -0.023018 0.283739 1.599490   1   2  -1 
2456523.744316 -4.118511 0.190354 -10476.503679 0.283739 -10476.373940 1.413183 -10476.480661 1.390165 0.283739 -0.023018 0.283739 1.599490   1   2  -1 
2456524.691276 -3.171551 0.218666 -10475.914483 0.351566 -10476.373940 1.181241 -10476.335253 1.602011 0.351566 0.420770 0.351566 1.599490   1   2  -1 
2456524.691276 -3.171551 0.218666 -10475.914483 0.351566 -10476.373940 1.181241 -10476.335253 1.602011 0.351566 0.420770 0.351566 1.599490   1   2  -1 
2456524.696693 -3.166134 0.218828 -10476.491657 0.358347 -10476.373940 1.179782 -10476.332179 1.020304 0.358347 -0.159478 0.358347 1.599490   1   2  -1 
2456524.696693 -3.166134 0.218828 -10476.491657 0.358347 -10476.373940 1.179782 -10476.332179 1.020304 0.358347 -0.159478 0.358347 1.599490   1   2  -1 
2456525.743740 -2.119087 0.250133 -10476.578898 0.318867 -10476.373940 0.879538 -10475.455991 -0.243369 0.318867 -1.122907 0.318867 1.599490   1   2  -1 
2456525.743740 -2.119087 0.250133 -10476.578898 0.318867 -10476.373940 0.879538 -10475.455991 -0.243369 0.318867 -1.122907 0.318867 1.599490   1   2  -1 
2456569.534062 8.224512 0.559389 -10476.206904 0.538465 -10476.373940 -1.163554 -10475.208185 -2.162273 0.538465 -0.998719 0.538465 1.599490   1   2  -1 
2456569.534062 8.224512 0.559389 -10476.206904 0.538465 -10476.373940 -1.163554 -10475.208185 -2.162273 0.538465 -0.998719 0.538465 1.599490   1   2  -1 
2456585.564665 -9.191609 0.038677 -10473.765867 0.427831 -10476.373940 1.346944 -10474.158375 1.739452 0.427831 0.392508 0.427831 1.599490   1   2  -1 
2456585.564665 -9.191609 0.038677 -10473.765867 0.427831 -10476.373940 1.346944 -10474.158375 1.739452 0.427831 0.392508 0.427831 1.599490   1   2  -1 
2456585.568473 -9.187801 0.038790 -10475.180778 0.414412 -10476.373940 1.347814 -10474.154483 0.321519 0.414412 -1.026295 0.414412 1.599490   1   2  -1 
2456585.568473 -9.187801 0.038790 -10475.180778 0.414412 -10476.373940 1.347814 -10474.154483 0.321519 0.414412 -1.026295 0.414412 1.599490   1   2  -1 
2456585.572350 -9.183924 0.038906 -10474.743998 0.423051 -10476.373940 1.348699 -10474.150524 0.755225 0.423051 -0.593474 0.423051 1.599490   1   2  -1 
2456585.572350 -9.183924 0.038906 -10474.743998 0.423051 -10476.373940 1.348699 -10474.150524 0.755225 0.423051 -0.593474 0.423051 1.599490   1   2  -1 
2456586.547688 -8.208586 0.068067 -10474.360620 0.464286 -10476.373940 1.541064 -10473.268951 0.449395 0.464286 -1.091669 0.464286 1.599490   1   2  -1 
2456586.547688 -8.208586 0.068067 -10474.360620 0.464286 -10476.373940 1.541064 -10473.268951 0.449395 0.464286 -1.091669 0.464286 1.599490   1   2  -1 
2456586.551530 -8.204744 0.068182 -10474.580572 0.496503 -10476.373940 1.541687 -10473.266036 0.227150 0.496503 -1.314536 0.496503 1.599490   1   2  -1 
2456586.551530 -8.204744 0.068182 -10474.580572 0.496503 -10476.373940 1.541687 -10473.266036 0.227150 0.496503 -1.314536 0.496503 1.599490   1   2  -1 
2456586.555442 -8.200832 0.068299 -10475.256026 0.515154 -10476.373940 1.542320 -10473.263073 -0.450634 0.515154 -1.992953 0.515154 1.599490   1   2  -1 
2456586.555442 -8.200832 0.068299 -10475.256026 0.515154 -10476.373940 1.542320 -10473.263073 -0.450634 0.515154 -1.992953 0.515154 1.599490   1   2  -1 
2456590.510961 -4.245313 0.186562 -10473.364197 0.683759 -10476.373940 1.440089 -10472.757727 0.833618 0.683759 -0.606470 0.683759 1.599490   1   2  -1 
2456590.510961 -4.245313 0.186562 -10473.364197 0.683759 -10476.373940 1.440089 -10472.757727 0.833618 0.683759 -0.606470 0.683759 1.599490   1   2  -1 
2456590.514943 -4.241331 0.186682 -10471.788641 0.761395 -10476.373940 1.439261 -10472.758497 2.409117 0.761395 0.969856 0.761395 1.599490   1   2  -1 
2456590.514943 -4.241331 0.186682 -10471.788641 0.761395 -10476.373940 1.439261 -10472.758497 2.409117 0.761395 0.969856 0.761395 1.599490   1   2  -1 
2456590.518611 -4.237663 0.186791 -10472.177822 0.643858 -10476.373940 1.438497 -10472.759206 2.019882 0.643858 0.581384 0.643858 1.599490   1   2  -1 
2456590.518611 -4.237663 0.186791 -10472.177822 0.643858 -10476.373940 1.438497 -10472.759206 2.019882 0.643858 0.581384 0.643858 1.599490   1   2  -1 
2456765.917789 3.927898 0.430928 -10478.736988 0.356105 -10476.373940 -0.690941 -10478.020919 -1.407009 0.356105 -0.716069 0.356105 1.599490   1   2  -1 
2456765.917789 3.927898 0.430928 -10478.736988 0.356105 -10476.373940 -0.690941 -10478.020919 -1.407009 0.356105 -0.716069 0.356105 1.599490   1   2  -1 
2456765.923021 3.933130 0.431084 -10479.356033 0.359343 -10476.373940 -0.691863 -10478.023707 -2.024189 0.359343 -1.332326 0.359343 1.599490   1   2  -1 
2456765.923021 3.933130 0.431084 -10479.356033 0.359343 -10476.373940 -0.691863 -10478.023707 -2.024189 0.359343 -1.332326 0.359343 1.599490   1   2  -1 
2456789.854143 -5.582471 0.146584 -10471.510093 0.391560 -10476.373940 1.644519 -10471.190600 1.325026 0.391560 -0.319493 0.391560 1.599490   1   2  -1 
2456789.854143 -5.582471 0.146584 -10471.510093 0.391560 -10476.373940 1.644519 -10471.190600 1.325026 0.391560 -0.319493 0.391560 1.599490   1   2  -1 
2456789.859722 -5.576892 0.146751 -10471.639643 0.405092 -10476.373940 1.644004 -10471.191297 1.195658 0.405092 -0.448346 0.405092 1.599490   1   2  -1 
2456789.859722 -5.576892 0.146751 -10471.639643 0.405092 -10476.373940 1.644004 -10471.191297 1.195658 0.405092 -0.448346 0.405092 1.599490   1   2  -1 
2456806.890179 11.453565 0.655932 -10477.728101 0.424327 -10476.373940 -1.174239 -10476.240788 -2.661553 0.424327 -1.487313 0.424327 1.599490   1   2  -1 
2456806.890179 11.453565 0.655932 -10477.728101 0.424327 -10476.373940 -1.174239 -10476.240788 -2.661553 0.424327 -1.487313 0.424327 1.599490   1   2  -1 
2456829.893363 1.010026 0.343688 -10474.769093 0.272363 -10476.373940 -0.041035 -10473.963553 -0.846575 0.272363 -0.805540 0.272363 1.599490   1   2  -1 
2456829.893363 1.010026 0.343688 -10474.769093 0.272363 -10476.373940 -0.041035 -10473.963553 -0.846575 0.272363 -0.805540 0.272363 1.599490   1   2  -1 
2456857.748704 -4.581357 0.176515 -10473.725387 0.458440 -10476.373940 1.505683 -10472.881234 0.661530 0.458440 -0.844153 0.458440 1.599490   1   2  -1 
2456857.748704 -4.581357 0.176515 -10473.725387 0.458440 -10476.373940 1.505683 -10472.881234 0.661530 0.458440 -0.844153 0.458440 1.599490   1   2  -1 
2456857.754433 -4.575628 0.176687 -10473.163228 0.448012 -10476.373940 1.504637 -10472.879001 1.220411 0.448012 -0.284227 0.448012 1.599490   1   2  -1 
2456857.754433 -4.575628 0.176687 -10473.163228 0.448012 -10476.373940 1.504637 -10472.879001 1.220411 0.448012 -0.284227 0.448012 1.599490   1   2  -1 
2456866.784629 4.454568 0.446674 -10479.134302 0.372433 -10476.373940 -0.779318 -10478.844021 -1.069600 0.372433 -0.290281 0.372433 1.599490   1   2  -1 
2456866.784629 4.454568 0.446674 -10479.134302 0.372433 -10476.373940 -0.779318 -10478.844021 -1.069600 0.372433 -0.290281 0.372433 1.599490   1   2  -1 
2456896.727940 0.951156 0.341928 -10476.588857 0.526898 -10476.373940 -0.025276 -10475.586527 -1.027606 0.526898 -1.002330 0.526898 1.599490   1   2  -1 
2456896.727940 0.951156 0.341928 -10476.588857 0.526898 -10476.373940 -0.025276 -10475.586527 -1.027606 0.526898 -1.002330 0.526898 1.599490   1   2  -1 
2456896.733287 0.956503 0.342088 -10476.057196 0.651138 -10476.373940 -0.026711 -10475.581047 -0.502860 0.651138 -0.476149 0.651138 1.599490   1   2  -1 
2456896.733287 0.956503 0.342088 -10476.057196 0.651138 -10476.373940 -0.026711 -10475.581047 -0.502860 0.651138 -0.476149 0.651138 1.599490   1   2  -1 
2457146.919889 -16.430682 0.822241 -10475.918297 0.272209 -10476.373940 -0.530472 -10473.077819 -3.370950 0.272209 -2.840478 0.272209 1.599490   1   2  -1 
2457146.919889 -16.430682 0.822241 -10475.918297 0.272209 -10476.373940 -0.530472 -10473.077819 -3.370950 0.272209 -2.840478 0.272209 1.599490   1   2  -1 
2457176.844500 13.493929 0.716936 -10464.313000 0.241278 -10460.971780 -1.037274 -10462.776768 -2.573507 0.241278 -1.536232 0.241278 1.599490   1   3  -1 
2457176.844500 13.493929 0.716936 -10464.313000 0.241278 -10460.971780 -1.037274 -10462.776768 -2.573507 0.241278 -1.536232 0.241278 1.599490   1   3  -1 
2457180.950532 -15.846763 0.839699 -10468.297390 0.305748 -10460.971780 -0.412301 -10465.574740 -3.134951 0.305748 -2.722650 0.305748 1.599490   1   3  -1 
2457180.950532 -15.846763 0.839699 -10468.297390 0.305748 -10460.971780 -0.412301 -10465.574740 -3.134951 0.305748 -2.722650 0.305748 1.599490   1   3  -1 
2457180.956053 -15.841242 0.839864 -10469.641714 0.321155 -10460.971780 -0.411137 -10465.576491 -4.476360 0.321155 -4.065223 0.321155 1.599490   1   3  -1 
2457180.956053 -15.841242 0.839864 -10469.641714 0.321155 -10460.971780 -0.411137 -10465.576491 -4.476360 0.321155 -4.065223 0.321155 1.599490   1   3  -1 
2457257.708144 -5.982598 0.134621 -10458.156667 0.478548 -10460.971780 1.673385 -10456.622191 0.138910 0.478548 -1.534476 0.478548 1.599490   1   3  -1 
2457257.708144 -5.982598 0.134621 -10458.156667 0.478548 -10460.971780 1.673385 -10456.622191 0.138910 0.478548 -1.534476 0.478548 1.599490   1   3  -1 
2457257.713815 -5.976927 0.134790 -10458.308869 0.515819 -10460.971780 1.673089 -10456.620620 -0.015160 0.515819 -1.688249 0.515819 1.599490   1   3  -1 
2457257.713815 -5.976927 0.134790 -10458.308869 0.515819 -10460.971780 1.673089 -10456.620620 -0.015160 0.515819 -1.688249 0.515819 1.599490   1   3  -1 
2457307.523708 10.386243 0.624021 -10460.965808 0.284606 -10460.971780 -1.201629 -10461.899841 -0.267596 0.284606 0.934033 0.284606 1.599490   1   3  -1 
2457307.523708 10.386243 0.624021 -10460.965808 0.284606 -10460.971780 -1.201629 -10461.899841 -0.267596 0.284606 0.934033 0.284606 1.599490   1   3  -1 
2457307.529113 10.391648 0.624183 -10461.174528 0.295801 -10460.971780 -1.201566 -10461.903991 -0.472103 0.295801 0.729463 0.295801 1.599490   1   3  -1 
2457307.529113 10.391648 0.624183 -10461.174528 0.295801 -10460.971780 -1.201566 -10461.903991 -0.472103 0.295801 0.729463 0.295801 1.599490   1   3  -1 
2457675.588735 10.537313 0.628538 -10454.424591 0.266631 -10460.971780 -1.199592 -10458.807059 3.182876 0.266631 4.382468 0.266631 1.599490   1   3  -1 
2457675.588735 10.537313 0.628538 -10454.424591 0.266631 -10460.971780 -1.199592 -10458.807059 3.182876 0.266631 4.382468 0.266631 1.599490   1   3  -1 
2457879.840329 14.108566 0.735312 -10463.101417 0.420408 -10460.971780 -0.973917 -10463.939482 -0.135852 0.420408 0.838065 0.420408 1.599490   1   3  -1 
2457879.840329 14.108566 0.735312 -10463.101417 0.420408 -10460.971780 -0.973917 -10463.939482 -0.135852 0.420408 0.838065 0.420408 1.599490   1   3  -1 
2457943.770578 11.145368 0.646718 -10457.458256 0.227044 -10460.971780 -1.185257 -10458.553271 -0.090242 0.227044 1.095015 0.227044 1.599490   1   3  -1 
2457943.770578 11.145368 0.646718 -10457.458256 0.227044 -10460.971780 -1.185257 -10458.553271 -0.090242 0.227044 1.095015 0.227044 1.599490   1   3  -1 
2457968.637355 2.565422 0.390192 -10461.424457 0.383012 -10460.971780 -0.420819 -10462.129625 0.284349 0.383012 0.705168 0.383012 1.599490   1   3  -1 
2457968.637355 2.565422 0.390192 -10461.424457 0.383012 -10460.971780 -0.420819 -10462.129625 0.284349 0.383012 0.705168 0.383012 1.599490   1   3  -1 
2460042.883932 3.115149 0.406628 -10467.619651 0.097183 -10468.496799 -0.537020 -10468.230571 0.073900 0.097183 0.610920 0.097183 0.980722   0   1  -1 
2460042.889532 3.120749 0.406795 -10467.826807 0.098837 -10468.496799 -0.538153 -10468.228491 -0.136470 0.098837 0.401684 0.098837 0.980722   0   1  -1 
2460043.870973 4.102190 0.436139 -10467.810891 0.115769 -10468.496799 -0.721172 -10467.897178 -0.634885 0.115769 0.086287 0.115769 0.980722   0   1  -1 
2460043.876677 4.107894 0.436309 -10467.827764 0.107743 -10468.496799 -0.722145 -10467.895497 -0.654412 0.107743 0.067733 0.107743 0.980722   0   1  -1 
2460044.793251 5.024468 0.463713 -10466.216747 0.119007 -10468.496799 -0.865008 -10467.677222 0.595467 0.119007 1.460475 0.119007 0.980722   0   1  -1 
2460044.798982 5.030199 0.463884 -10466.355629 0.118254 -10468.496799 -0.865818 -10467.676230 0.454783 0.118254 1.320601 0.118254 0.980722   0   1  -1 
2460045.773704 6.004921 0.493027 -10468.947680 0.263543 -10468.496799 -0.988773 -10467.592957 -2.343496 0.263543 -1.354723 0.263543 0.980722   0   1  -1 
2460045.779649 6.010866 0.493205 -10468.728031 0.178179 -10468.496799 -0.989434 -10467.593022 -2.124443 0.178179 -1.135009 0.178179 0.980722   0   1  -1 
2460046.786658 7.017875 0.523313 -10466.718679 0.108298 -10468.496799 -1.086212 -10467.717430 -0.087461 0.108298 0.998751 0.108298 0.980722   0   1  -1 
2460046.792204 7.023421 0.523478 -10467.571100 0.100449 -10468.496799 -1.086662 -10467.718758 -0.939004 0.100449 0.147658 0.100449 0.980722   0   1  -1 
2460047.789500 8.020717 0.553296 -10468.079684 0.107918 -10468.496799 -1.153375 -10468.071040 -1.162019 0.107918 -0.008644 0.107918 0.980722   0   1  -1 
2460047.795047 8.026264 0.553462 -10468.412170 0.104000 -10468.496799 -1.153667 -10468.073606 -1.492232 0.104000 -0.338564 0.104000 0.980722   0   1  -1 
2460048.783364 9.014581 0.583011 -10468.577566 0.129590 -10468.496799 -1.192167 -10468.623484 -1.146249 0.129590 0.045918 0.129590 0.980722   0   1  -1 
2460048.789012 9.020229 0.583180 -10468.027070 0.120793 -10468.496799 -1.192310 -10468.627102 -0.592278 0.120793 0.600032 0.120793 0.980722   0   1  -1 
2460049.801102 10.032319 0.613439 -10468.921797 0.111941 -10468.496799 -1.204018 -10469.340393 -0.785422 0.111941 0.418596 0.111941 0.980722   0   1  -1 
2460049.806533 10.037750 0.613602 -10469.044553 0.118675 -10468.496799 -1.204007 -10469.344501 -0.904059 0.118675 0.299948 0.118675 0.980722   0   1  -1 
2460050.776767 11.007984 0.642610 -10470.880979 0.110463 -10468.496799 -1.189355 -10470.099238 -1.971096 0.110463 -0.781741 0.110463 0.980722   0   1  -1 
2460050.782471 11.013688 0.642781 -10470.587932 0.106168 -10468.496799 -1.189195 -10470.103698 -1.673429 0.106168 -0.484234 0.106168 0.980722   0   1  -1 
2460068.823617 -4.391890 0.182180 -10467.442048 0.125458 -10468.496799 1.469751 -10468.446233 2.473936 0.125458 1.004185 0.125458 0.980722   0   1  -1 
2460068.829253 -4.386254 0.182349 -10468.177705 0.157911 -10468.496799 1.468640 -10468.444313 1.735248 0.157911 0.266608 0.157911 0.980722   0   1  -1 
2460073.775251 0.559744 0.330225 -10468.691416 0.136518 -10468.496799 0.081802 -10467.974204 -0.635410 0.136518 -0.717212 0.136518 0.980722   0   1  -1 
2460073.780774 0.565267 0.330391 -10468.532442 0.124641 -10468.496799 0.080264 -10467.974051 -0.478127 0.124641 -0.558391 0.124641 0.980722   0   1  -1 
2460076.728213 3.512706 0.418514 -10468.677012 0.126723 -10468.496799 -0.614979 -10468.160477 -1.131514 0.126723 -0.516535 0.126723 0.980722   0   1  -1 
2460076.733797 3.518290 0.418681 -10468.420636 0.121235 -10468.496799 -0.616038 -10468.161852 -0.874822 0.121235 -0.258784 0.121235 0.980722   0   1  -1 
2460077.755001 4.539494 0.449213 -10469.796842 0.156253 -10468.496799 -0.792739 -10468.496191 -2.093390 0.156253 -1.300651 0.156253 0.980722   0   1  -1 
2460077.760768 4.545261 0.449386 -10469.832216 0.150546 -10468.496799 -0.793642 -10468.498579 -2.127280 0.150546 -1.333637 0.150546 0.980722   0   1  -1 
2460078.818364 5.602857 0.481006 -10470.121344 0.118065 -10468.496799 -0.941589 -10469.052303 -2.010630 0.118065 -1.069041 0.118065 0.980722   0   1  -1 
2460078.823976 5.608469 0.481174 -10470.631326 0.115757 -10468.496799 -0.942282 -10469.055920 -2.517687 0.115757 -1.575406 0.115757 0.980722   0   1  -1 
2460079.846559 6.631052 0.511747 -10469.784428 0.112864 -10468.496799 -1.052576 -10469.840009 -0.996995 0.112864 0.055581 0.112864 0.980722   0   1  -1 
2460079.852048 6.636541 0.511911 -10469.613740 0.114319 -10468.496799 -1.053084 -10469.844804 -0.822020 0.114319 0.231064 0.114319 0.980722   0   1  -1 
2460080.730235 7.514728 0.538168 -10469.772583 0.121764 -10468.496799 -1.123064 -10470.632283 -0.263364 0.121764 0.859700 0.121764 0.980722   0   1  -1 
2460080.735864 7.520357 0.538336 -10469.610615 0.112383 -10468.496799 -1.123441 -10470.637144 -0.096912 0.112383 1.026529 0.112383 0.980722   0   1  -1 
2460082.755256 9.539749 0.598712 -10469.121371 0.143393 -10468.496799 -1.201766 -10471.105043 0.781906 0.143393 1.983672 0.143393 0.980722   0   1  -1 
2460082.760842 9.545335 0.598879 -10468.518798 0.129661 -10468.496799 -1.201828 -10471.101055 1.380429 0.129661 2.582257 0.129661 0.980722   0   1  -1 
2460085.681985 12.466478 0.686217 -10469.405639 0.182782 -10468.496799 -1.120213 -10466.188492 -4.337360 0.182782 -3.217147 0.182782 0.980722   0   1  -1 
2460085.687655 12.472148 0.686386 -10468.302871 0.192173 -10468.496799 -1.119834 -10466.178318 -3.244386 0.192173 -2.124553 0.192173 0.980722   0   1  -1 
2460086.748603 13.533096 0.718107 -10463.771857 0.096592 -10468.496799 -1.033546 -10464.704982 -0.100421 0.096592 0.933125 0.096592 0.980722   0   1  -1 
2460086.754324 13.538817 0.718278 -10464.310069 0.104158 -10468.496799 -1.032998 -10464.699846 -0.643221 0.104158 0.389777 0.104158 0.980722   0   1  -1 
2460199.601214 -7.401186 0.092207 -10467.857782 0.194625 -10468.496799 1.644293 -10468.761089 2.547600 0.194625 0.903307 0.194625 0.980722   0   1  -1 
2460199.607025 -7.395375 0.092381 -10469.302924 0.190719 -10468.496799 1.644822 -10468.752341 1.094239 0.190719 -0.550583 0.190719 0.980722   0   1  -1 
2460201.515076 -5.487324 0.149428 -10466.554990 0.136306 -10468.496799 1.635316 -10466.660530 1.740856 0.136306 0.105540 0.136306 0.980722   0   1  -1 
2460201.520627 -5.481773 0.149594 -10466.389365 0.147106 -10468.496799 1.634751 -10466.656936 1.902323 0.147106 0.267571 0.147106 0.980722   0   1  -1 
2460202.533617 -4.468783 0.179881 -10465.659465 0.116368 -10468.496799 1.484669 -10466.208584 2.033788 0.116368 0.549119 0.116368 0.980722   0   1  -1 
2460202.539273 -4.463127 0.180050 -10465.508485 0.110234 -10468.496799 1.483587 -10466.207108 2.182210 0.110234 0.698623 0.110234 0.980722   0   1  -1 
2460203.571018 -3.431382 0.210898 -10465.844882 0.168626 -10468.496799 1.249667 -10466.086082 1.490867 0.168626 0.241200 0.168626 0.980722   0   1  -1 
2460203.577196 -3.425204 0.211082 -10465.648256 0.180164 -10468.496799 1.248077 -10466.086157 1.685978 0.180164 0.437901 0.180164 0.980722   0   1  -1 
2460204.530857 -2.471543 0.239595 -10467.427115 0.098515 -10468.496799 0.983925 -10466.202654 -0.240537 0.098515 -1.224461 0.098515 0.980722   0   1  -1 
2460204.536387 -2.466013 0.239760 -10466.800940 0.104273 -10468.496799 0.982307 -10466.203946 0.385314 0.104273 -0.596994 0.104273 0.980722   0   1  -1 
2460205.516019 -1.486381 0.269050 -10468.149301 0.122140 -10468.496799 0.687889 -10466.553505 -0.907907 0.122140 -1.595796 0.122140 0.980722   0   1  -1 
2460205.521490 -1.480910 0.269213 -10467.759986 0.108265 -10468.496799 0.686220 -10466.556149 -0.517617 0.108265 -1.203837 0.108265 0.980722   0   1  -1 
2460206.534104 -0.468296 0.299489 -10467.984215 0.123507 -10468.496799 0.379285 -10467.172581 -0.432349 0.123507 -0.811634 0.123507 0.980722   0   1  -1 
2460206.539634 -0.462766 0.299654 -10467.395836 0.112931 -10468.496799 0.377635 -10467.176575 0.158374 0.112931 -0.219261 0.112931 0.980722   0   1  -1 
2460208.612713 1.610313 0.361636 -10467.863703 0.119086 -10468.496799 -0.196205 -10468.800174 0.740266 0.119086 0.936471 0.119086 0.980722   0   1  -1 
2460208.618030 1.615630 0.361795 -10468.124237 0.122661 -10468.496799 -0.197532 -10468.803740 0.481970 0.122661 0.679503 0.122661 0.980722   0   1  -1 
2460209.504007 2.501607 0.388284 -10468.350357 0.247406 -10468.496799 -0.406702 -10469.240784 0.483725 0.247406 0.890427 0.247406 0.980722   0   1  -1 
2460209.509978 2.507578 0.388462 -10468.742438 0.220522 -10468.496799 -0.408029 -10469.242421 0.091955 0.220522 0.499983 0.220522 0.980722   0   1  -1 
2460210.587394 3.584994 0.420675 -10468.232795 0.137683 -10468.496799 -0.628605 -10469.159460 0.298060 0.137683 0.926665 0.137683 0.980722   0   1  -1 
2460210.593026 3.590626 0.420844 -10467.916827 0.147704 -10468.496799 -0.629659 -10469.156955 0.610468 0.147704 1.240128 0.147704 0.980722   0   1  -1 
2460211.516295 4.513895 0.448448 -10469.090653 0.190231 -10468.496799 -0.788718 -10468.503936 -1.375435 0.190231 -0.586717 0.190231 0.980722   0   1  -1 
2460211.522268 4.519868 0.448626 -10468.782398 0.153085 -10468.496799 -0.789658 -10468.498515 -1.073541 0.153085 -0.283883 0.153085 0.980722   0   1  -1 
