# time Tc_folded Tref_folded value value_err offset model full_model val_compare val_compare_err residuals residuals_err jitter jitter_flag offset_flag subset_flag 
2455480.529186 0.000000 0.000000 -10482.960657 0.485677 -10476.373940 -2.470695 -10480.198484 -5.232869 0.485677 -2.762173 0.485677 1.599490   1   2  -1 
2455480.529186 0.000000 0.000000 -10482.960657 0.485677 -10476.373940 -2.470695 -10480.198484 -5.232869 0.485677 -2.762173 0.485677 1.599490   1   2  -1 
2455480.532970 0.000000 0.000000 -10481.678693 0.440084 -10476.373940 -2.469671 -10480.197227 -3.951137 0.440084 -1.481466 0.440084 1.599490   1   2  -1 
2455480.532970 0.000000 0.000000 -10481.678693 0.440084 -10476.373940 -2.469671 -10480.197227 -3.951137 0.440084 -1.481466 0.440084 1.599490   1   2  -1 
2455480.536778 0.000000 0.000000 -10480.431449 0.465046 -10476.373940 -2.468644 -10480.195956 -2.704137 0.465046 -0.235493 0.465046 1.599490   1   2  -1 
2455480.536778 0.000000 0.000000 -10480.431449 0.465046 -10476.373940 -2.468644 -10480.195956 -2.704137 0.465046 -0.235493 0.465046 1.599490   1   2  -1 
2455482.554786 0.000000 0.000000 -10476.128743 0.353905 -10476.373940 -2.110437 -10478.397588 0.158407 0.353905 2.268845 0.353905 1.599490   1   2  -1 
2455482.554786 0.000000 0.000000 -10476.128743 0.353905 -10476.373940 -2.110437 -10478.397588 0.158407 0.353905 2.268845 0.353905 1.599490   1   2  -1 
2455484.542056 0.000000 0.000000 -10475.755433 0.514319 -10476.373940 -1.794501 -10476.015528 -1.534406 0.514319 0.260095 0.514319 1.599490   1   2  -1 
2455484.542056 0.000000 0.000000 -10475.755433 0.514319 -10476.373940 -1.794501 -10476.015528 -1.534406 0.514319 0.260095 0.514319 1.599490   1   2  -1 
2455484.545828 0.000000 0.000000 -10473.332240 0.532707 -10476.373940 -1.794214 -10476.012266 0.885813 0.532707 2.680026 0.532707 1.599490   1   2  -1 
2455484.545828 0.000000 0.000000 -10473.332240 0.532707 -10476.373940 -1.794214 -10476.012266 0.885813 0.532707 2.680026 0.532707 1.599490   1   2  -1 
2455484.549671 0.000000 0.000000 -10474.438386 0.508347 -10476.373940 -1.793924 -10476.008951 -0.223359 0.508347 1.570565 0.508347 1.599490   1   2  -1 
2455484.549671 0.000000 0.000000 -10474.438386 0.508347 -10476.373940 -1.793924 -10476.008951 -0.223359 0.508347 1.570565 0.508347 1.599490   1   2  -1 
2455485.527184 0.000000 0.000000 -10473.605978 0.432034 -10476.373940 -1.802438 -10475.414250 0.005834 0.432034 1.808272 0.432034 1.599490   1   2  -1 
2455485.527184 0.000000 0.000000 -10473.605978 0.432034 -10476.373940 -1.802438 -10475.414250 0.005834 0.432034 1.808272 0.432034 1.599490   1   2  -1 
2455485.532971 0.000000 0.000000 -10471.997247 0.445706 -10476.373940 -1.802986 -10475.412221 1.611988 0.445706 3.414974 0.445706 1.599490   1   2  -1 
2455485.532971 0.000000 0.000000 -10471.997247 0.445706 -10476.373940 -1.802986 -10475.412221 1.611988 0.445706 3.414974 0.445706 1.599490   1   2  -1 
2455487.543214 0.000000 0.000000 -10473.844627 0.404437 -10476.373940 -2.160430 -10475.532279 -0.472777 0.404437 1.687652 0.404437 1.599490   1   2  -1 
2455487.543214 0.000000 0.000000 -10473.844627 0.404437 -10476.373940 -2.160430 -10475.532279 -0.472777 0.404437 1.687652 0.404437 1.599490   1   2  -1 
2455487.548897 0.000000 0.000000 -10473.904015 0.401767 -10476.373940 -2.161317 -10475.534208 -0.531124 0.401767 1.630193 0.401767 1.599490   1   2  -1 
2455487.548897 0.000000 0.000000 -10473.904015 0.401767 -10476.373940 -2.161317 -10475.534208 -0.531124 0.401767 1.630193 0.401767 1.599490   1   2  -1 
2455493.544252 0.000000 0.000000 -10479.814585 0.396600 -10476.373940 -2.201892 -10480.585883 -1.430594 0.396600 0.771298 0.396600 1.599490   1   2  -1 
2455493.544252 0.000000 0.000000 -10479.814585 0.396600 -10476.373940 -2.201892 -10480.585883 -1.430594 0.396600 0.771298 0.396600 1.599490   1   2  -1 
2455493.550478 0.000000 0.000000 -10480.900282 0.405220 -10476.373940 -2.203028 -10480.593904 -2.509407 0.405220 -0.306378 0.405220 1.599490   1   2  -1 
2455493.550478 0.000000 0.000000 -10480.900282 0.405220 -10476.373940 -2.203028 -10480.593904 -2.509407 0.405220 -0.306378 0.405220 1.599490   1   2  -1 
2455495.535877 0.000000 0.000000 -10480.826331 0.401246 -10476.373940 -2.543853 -10482.037182 -1.333001 0.401246 1.210851 0.401246 1.599490   1   2  -1 
2455495.535877 0.000000 0.000000 -10480.826331 0.401246 -10476.373940 -2.543853 -10482.037182 -1.333001 0.401246 1.210851 0.401246 1.599490   1   2  -1 
2455495.541664 0.000000 0.000000 -10480.647538 0.425418 -10476.373940 -2.544873 -10482.037218 -1.155193 0.425418 1.389680 0.425418 1.599490   1   2  -1 
2455495.541664 0.000000 0.000000 -10480.647538 0.425418 -10476.373940 -2.544873 -10482.037218 -1.155193 0.425418 1.389680 0.425418 1.599490   1   2  -1 
2455498.517820 0.000000 0.000000 -10479.650410 0.663846 -10476.373940 -3.431819 -10480.721213 -2.361016 0.663846 1.070803 0.663846 1.599490   1   2  -1 
2455498.517820 0.000000 0.000000 -10479.650410 0.663846 -10476.373940 -3.431819 -10480.721213 -2.361016 0.663846 1.070803 0.663846 1.599490   1   2  -1 
2455498.523445 0.000000 0.000000 -10478.978096 0.600098 -10476.373940 -3.433932 -10480.718862 -1.693166 0.600098 1.740766 0.600098 1.599490   1   2  -1 
2455498.523445 0.000000 0.000000 -10478.978096 0.600098 -10476.373940 -3.433932 -10480.718862 -1.693166 0.600098 1.740766 0.600098 1.599490   1   2  -1 
2455500.544007 0.000000 0.000000 -10479.588979 0.341836 -10476.373940 -3.970705 -10480.086475 -3.473210 0.341836 0.497496 0.341836 1.599490   1   2  -1 
2455500.544007 0.000000 0.000000 -10479.588979 0.341836 -10476.373940 -3.970705 -10480.086475 -3.473210 0.341836 0.497496 0.341836 1.599490   1   2  -1 
2455500.549389 0.000000 0.000000 -10479.646223 0.372174 -10476.373940 -3.971355 -10480.085202 -3.532377 0.372174 0.438979 0.372174 1.599490   1   2  -1 
2455500.549389 0.000000 0.000000 -10479.646223 0.372174 -10476.373940 -3.971355 -10480.085202 -3.532377 0.372174 0.438979 0.372174 1.599490   1   2  -1 
2455501.547102 0.000000 0.000000 -10479.228913 0.302659 -10476.373940 -4.038323 -10479.899599 -3.367637 0.302659 0.670686 0.302659 1.599490   1   2  -1 
2455501.547102 0.000000 0.000000 -10479.228913 0.302659 -10476.373940 -4.038323 -10479.899599 -3.367637 0.302659 0.670686 0.302659 1.599490   1   2  -1 
2455501.552738 0.000000 0.000000 -10480.110772 0.289222 -10476.373940 -4.038499 -10479.898922 -4.250350 0.289222 -0.211850 0.289222 1.599490   1   2  -1 
2455501.552738 0.000000 0.000000 -10480.110772 0.289222 -10476.373940 -4.038499 -10479.898922 -4.250350 0.289222 -0.211850 0.289222 1.599490   1   2  -1 
2455505.514789 0.000000 0.000000 -10479.788974 0.344263 -10476.373940 -4.275972 -10481.072124 -2.992822 0.344263 1.283150 0.344263 1.599490   1   2  -1 
2455505.514789 0.000000 0.000000 -10479.788974 0.344263 -10476.373940 -4.275972 -10481.072124 -2.992822 0.344263 1.283150 0.344263 1.599490   1   2  -1 
2455505.520425 0.000000 0.000000 -10479.398339 0.340728 -10476.373940 -4.275732 -10481.075425 -2.598646 0.340728 1.677086 0.340728 1.599490   1   2  -1 
2455505.520425 0.000000 0.000000 -10479.398339 0.340728 -10476.373940 -4.275732 -10481.075425 -2.598646 0.340728 1.677086 0.340728 1.599490   1   2  -1 
2455507.517142 0.000000 0.000000 -10482.165859 0.264981 -10476.373940 -3.877669 -10482.183725 -3.859803 0.264981 0.017866 0.264981 1.599490   1   2  -1 
2455507.517142 0.000000 0.000000 -10482.165859 0.264981 -10476.373940 -3.877669 -10482.183725 -3.859803 0.264981 0.017866 0.264981 1.599490   1   2  -1 
2455507.522824 0.000000 0.000000 -10483.868821 0.270208 -10476.373940 -3.875904 -10482.186318 -5.558407 0.270208 -1.682503 0.270208 1.599490   1   2  -1 
2455507.522824 0.000000 0.000000 -10483.868821 0.270208 -10476.373940 -3.875904 -10482.186318 -5.558407 0.270208 -1.682503 0.270208 1.599490   1   2  -1 
2455509.518050 0.000000 0.000000 -10482.136940 0.380261 -10476.373940 -3.299623 -10482.278373 -3.158190 0.380261 0.141433 0.380261 1.599490   1   2  -1 
2455509.518050 0.000000 0.000000 -10482.136940 0.380261 -10476.373940 -3.299623 -10482.278373 -3.158190 0.380261 0.141433 0.380261 1.599490   1   2  -1 
2455509.523524 0.000000 0.000000 -10481.842165 0.354765 -10476.373940 -3.298355 -10482.275289 -2.865231 0.354765 0.433124 0.354765 1.599490   1   2  -1 
2455509.523524 0.000000 0.000000 -10481.842165 0.354765 -10476.373940 -3.298355 -10482.275289 -2.865231 0.354765 0.433124 0.354765 1.599490   1   2  -1 
2455511.516449 0.000000 0.000000 -10481.051242 0.398498 -10476.373940 -2.873778 -10479.973448 -3.951572 0.398498 -1.077794 0.398498 1.599490   1   2  -1 
2455511.516449 0.000000 0.000000 -10481.051242 0.398498 -10476.373940 -2.873778 -10479.973448 -3.951572 0.398498 -1.077794 0.398498 1.599490   1   2  -1 
2455511.521935 0.000000 0.000000 -10481.318563 0.396662 -10476.373940 -2.872481 -10479.965101 -4.225943 0.396662 -1.353462 0.396662 1.599490   1   2  -1 
2455511.521935 0.000000 0.000000 -10481.318563 0.396662 -10476.373940 -2.872481 -10479.965101 -4.225943 0.396662 -1.353462 0.396662 1.599490   1   2  -1 
2455513.504562 0.000000 0.000000 -10476.804338 0.418335 -10476.373940 -2.308525 -10477.049550 -2.063313 0.418335 0.245212 0.418335 1.599490   1   2  -1 
2455513.504562 0.000000 0.000000 -10476.804338 0.418335 -10476.373940 -2.308525 -10477.049550 -2.063313 0.418335 0.245212 0.418335 1.599490   1   2  -1 
2455513.510244 0.000000 0.000000 -10476.668251 0.441085 -10476.373940 -2.306741 -10477.042175 -1.932817 0.441085 0.373924 0.441085 1.599490   1   2  -1 
2455513.510244 0.000000 0.000000 -10476.668251 0.441085 -10476.373940 -2.306741 -10477.042175 -1.932817 0.441085 0.373924 0.441085 1.599490   1   2  -1 
2455514.505835 0.000000 0.000000 -10478.206203 0.335906 -10476.373940 -1.989443 -10475.879397 -4.316248 0.335906 -2.326806 0.335906 1.599490   1   2  -1 
2455514.505835 0.000000 0.000000 -10478.206203 0.335906 -10476.373940 -1.989443 -10475.879397 -4.316248 0.335906 -2.326806 0.335906 1.599490   1   2  -1 
2455514.511356 0.000000 0.000000 -10477.524806 0.341716 -10476.373940 -1.987641 -10475.873670 -3.638777 0.341716 -1.651136 0.341716 1.599490   1   2  -1 
2455514.511356 0.000000 0.000000 -10477.524806 0.341716 -10476.373940 -1.987641 -10475.873670 -3.638777 0.341716 -1.651136 0.341716 1.599490   1   2  -1 
2455519.503938 0.000000 0.000000 -10474.517329 0.516685 -10476.373940 0.169339 -10473.914940 -0.433051 0.516685 -0.602389 0.516685 1.599490   1   2  -1 
2455519.503938 0.000000 0.000000 -10474.517329 0.516685 -10476.373940 0.169339 -10473.914940 -0.433051 0.516685 -0.602389 0.516685 1.599490   1   2  -1 
2455519.508811 0.000000 0.000000 -10473.971305 0.498073 -10476.373940 0.170026 -10473.918321 0.117042 0.498073 -0.052984 0.498073 1.599490   1   2  -1 
2455519.508811 0.000000 0.000000 -10473.971305 0.498073 -10476.373940 0.170026 -10473.918321 0.117042 0.498073 -0.052984 0.498073 1.599490   1   2  -1 
2455523.508036 0.000000 0.000000 -10476.567096 0.414917 -10476.373940 -0.564597 -10478.800987 1.669294 0.414917 2.233891 0.414917 1.599490   1   2  -1 
2455523.508036 0.000000 0.000000 -10476.567096 0.414917 -10476.373940 -0.564597 -10478.800987 1.669294 0.414917 2.233891 0.414917 1.599490   1   2  -1 
2455523.513036 0.000000 0.000000 -10476.426565 0.432885 -10476.373940 -0.564396 -10478.802975 1.812014 0.432885 2.376410 0.432885 1.599490   1   2  -1 
2455523.513036 0.000000 0.000000 -10476.426565 0.432885 -10476.373940 -0.564396 -10478.802975 1.812014 0.432885 2.376410 0.432885 1.599490   1   2  -1 
2455524.521481 0.000000 0.000000 -10476.409103 0.333974 -10476.373940 -0.460272 -10478.750927 1.881552 0.333974 2.341824 0.333974 1.599490   1   2  -1 
2455524.521481 0.000000 0.000000 -10476.409103 0.333974 -10476.373940 -0.460272 -10478.750927 1.881552 0.333974 2.341824 0.333974 1.599490   1   2  -1 
2455524.526446 0.000000 0.000000 -10475.818731 0.339194 -10476.373940 -0.459725 -10478.748846 2.470391 0.339194 2.930115 0.339194 1.599490   1   2  -1 
2455524.526446 0.000000 0.000000 -10475.818731 0.339194 -10476.373940 -0.459725 -10478.748846 2.470391 0.339194 2.930115 0.339194 1.599490   1   2  -1 
2455653.900831 0.000000 0.000000 -10479.122782 0.372304 -10476.373940 -1.425511 -10477.872576 -2.675717 0.372304 -1.250206 0.372304 1.599490   1   2  -1 
2455653.900831 0.000000 0.000000 -10479.122782 0.372304 -10476.373940 -1.425511 -10477.872576 -2.675717 0.372304 -1.250206 0.372304 1.599490   1   2  -1 
2455653.906410 0.000000 0.000000 -10477.502514 0.368097 -10476.373940 -1.426383 -10477.869380 -1.059517 0.368097 0.366866 0.368097 1.599490   1   2  -1 
2455653.906410 0.000000 0.000000 -10477.502514 0.368097 -10476.373940 -1.426383 -10477.869380 -1.059517 0.368097 0.366866 0.368097 1.599490   1   2  -1 
2455654.900357 0.000000 0.000000 -10477.529507 0.407058 -10476.373940 -1.607255 -10477.298145 -1.838616 0.407058 -0.231362 0.407058 1.599490   1   2  -1 
2455654.900357 0.000000 0.000000 -10477.529507 0.407058 -10476.373940 -1.607255 -10477.298145 -1.838616 0.407058 -0.231362 0.407058 1.599490   1   2  -1 
2455654.905936 0.000000 0.000000 -10476.951630 0.365708 -10476.373940 -1.608327 -10477.295142 -1.264815 0.365708 0.343512 0.365708 1.599490   1   2  -1 
2455654.905936 0.000000 0.000000 -10476.951630 0.365708 -10476.373940 -1.608327 -10477.295142 -1.264815 0.365708 0.343512 0.365708 1.599490   1   2  -1 
2455657.909222 0.000000 0.000000 -10477.608535 0.302855 -10476.373940 -2.082826 -10476.594006 -3.097356 0.302855 -1.014529 0.302855 1.599490   1   2  -1 
2455657.909222 0.000000 0.000000 -10477.608535 0.302855 -10476.373940 -2.082826 -10476.594006 -3.097356 0.302855 -1.014529 0.302855 1.599490   1   2  -1 
2455657.914813 0.000000 0.000000 -10478.050098 0.315866 -10476.373940 -2.083557 -10476.594571 -3.539084 0.315866 -1.455527 0.315866 1.599490   1   2  -1 
2455657.914813 0.000000 0.000000 -10478.050098 0.315866 -10476.373940 -2.083557 -10476.594571 -3.539084 0.315866 -1.455527 0.315866 1.599490   1   2  -1 
2455659.907949 0.000000 0.000000 -10477.046490 0.384743 -10476.373940 -2.352109 -10477.214725 -2.183874 0.384743 0.168235 0.384743 1.599490   1   2  -1 
2455659.907949 0.000000 0.000000 -10477.046490 0.384743 -10476.373940 -2.352109 -10477.214725 -2.183874 0.384743 0.168235 0.384743 1.599490   1   2  -1 
2455659.913540 0.000000 0.000000 -10478.198534 0.401510 -10476.373940 -2.352962 -10477.217654 -3.333842 0.401510 -0.980880 0.401510 1.599490   1   2  -1 
2455659.913540 0.000000 0.000000 -10478.198534 0.401510 -10476.373940 -2.352962 -10477.217654 -3.333842 0.401510 -0.980880 0.401510 1.599490   1   2  -1 
2455660.901884 0.000000 0.000000 -10478.330760 0.251174 -10476.373940 -2.527403 -10477.852096 -3.006067 0.251174 -0.478664 0.251174 1.599490   1   2  -1 
2455660.901884 0.000000 0.000000 -10478.330760 0.251174 -10476.373940 -2.527403 -10477.852096 -3.006067 0.251174 -0.478664 0.251174 1.599490   1   2  -1 
2455662.902485 0.000000 0.000000 -10478.461597 0.474458 -10476.373940 -3.050314 -10479.884144 -1.627767 0.474458 1.422547 0.474458 1.599490   1   2  -1 
2455662.902485 0.000000 0.000000 -10478.461597 0.474458 -10476.373940 -3.050314 -10479.884144 -1.627767 0.474458 1.422547 0.474458 1.599490   1   2  -1 
2455662.908180 0.000000 0.000000 -10479.019990 0.454621 -10476.373940 -3.051891 -10479.891110 -2.180771 0.454621 0.871120 0.454621 1.599490   1   2  -1 
2455662.908180 0.000000 0.000000 -10479.019990 0.454621 -10476.373940 -3.051891 -10479.891110 -2.180771 0.454621 0.871120 0.454621 1.599490   1   2  -1 
2455663.839263 0.000000 0.000000 -10481.021871 0.868606 -10476.373940 -3.263863 -10481.050121 -3.235613 0.868606 0.028250 0.868606 1.599490   1   2  -1 
2455663.839263 0.000000 0.000000 -10481.021871 0.868606 -10476.373940 -3.263863 -10481.050121 -3.235613 0.868606 0.028250 0.868606 1.599490   1   2  -1 
2455672.897729 0.000000 0.000000 -10477.289791 0.326960 -10476.373940 -3.595279 -10479.185316 -1.699753 0.326960 1.895525 0.326960 1.599490   1   2  -1 
2455672.897729 0.000000 0.000000 -10477.289791 0.326960 -10476.373940 -3.595279 -10479.185316 -1.699753 0.326960 1.895525 0.326960 1.599490   1   2  -1 
2455672.902775 0.000000 0.000000 -10477.128218 0.300639 -10476.373940 -3.595656 -10479.184225 -1.539649 0.300639 2.056007 0.300639 1.599490   1   2  -1 
2455672.902775 0.000000 0.000000 -10477.128218 0.300639 -10476.373940 -3.595656 -10479.184225 -1.539649 0.300639 2.056007 0.300639 1.599490   1   2  -1 
2455675.905453 0.000000 0.000000 -10479.983143 0.211350 -10476.373940 -2.467828 -10478.054290 -4.396681 0.211350 -1.928853 0.211350 1.599490   1   2  -1 
2455675.905453 0.000000 0.000000 -10479.983143 0.211350 -10476.373940 -2.467828 -10478.054290 -4.396681 0.211350 -1.928853 0.211350 1.599490   1   2  -1 
2455679.879903 0.000000 0.000000 -10481.249420 0.252289 -10476.373940 -2.419522 -10480.207417 -3.461525 0.252289 -1.042003 0.252289 1.599490   1   2  -1 
2455679.879903 0.000000 0.000000 -10481.249420 0.252289 -10476.373940 -2.419522 -10480.207417 -3.461525 0.252289 -1.042003 0.252289 1.599490   1   2  -1 
2455679.885123 0.000000 0.000000 -10482.070814 0.256851 -10476.373940 -2.418858 -10480.208713 -4.280959 0.256851 -1.862101 0.256851 1.599490   1   2  -1 
2455679.885123 0.000000 0.000000 -10482.070814 0.256851 -10476.373940 -2.418858 -10480.208713 -4.280959 0.256851 -1.862101 0.256851 1.599490   1   2  -1 
2455712.893679 0.000000 0.000000 -10477.596372 0.280177 -10476.373940 -1.686706 -10477.320733 -1.962345 0.280177 -0.275639 0.280177 1.599490   1   2  -1 
2455712.893679 0.000000 0.000000 -10477.596372 0.280177 -10476.373940 -1.686706 -10477.320733 -1.962345 0.280177 -0.275639 0.280177 1.599490   1   2  -1 
2455715.864679 0.000000 0.000000 -10473.715742 0.681733 -10476.373940 -0.988357 -10474.326563 -0.377536 0.681733 0.610821 0.681733 1.599490   1   2  -1 
2455715.864679 0.000000 0.000000 -10473.715742 0.681733 -10476.373940 -0.988357 -10474.326563 -0.377536 0.681733 0.610821 0.681733 1.599490   1   2  -1 
2455715.867376 0.000000 0.000000 -10473.898980 0.709421 -10476.373940 -0.987806 -10474.324999 -0.561787 0.709421 0.426019 0.709421 1.599490   1   2  -1 
2455715.867376 0.000000 0.000000 -10473.898980 0.709421 -10476.373940 -0.987806 -10474.324999 -0.561787 0.709421 0.426019 0.709421 1.599490   1   2  -1 
2455715.869992 0.000000 0.000000 -10473.445162 0.718389 -10476.373940 -0.987272 -10474.323484 -0.108950 0.718389 0.878322 0.718389 1.599490   1   2  -1 
2455715.869992 0.000000 0.000000 -10473.445162 0.718389 -10476.373940 -0.987272 -10474.323484 -0.108950 0.718389 0.878322 0.718389 1.599490   1   2  -1 
2455715.872747 0.000000 0.000000 -10473.903696 0.742414 -10476.373940 -0.986709 -10474.321891 -0.568515 0.742414 0.418195 0.742414 1.599490   1   2  -1 
2455715.872747 0.000000 0.000000 -10473.903696 0.742414 -10476.373940 -0.986709 -10474.321891 -0.568515 0.742414 0.418195 0.742414 1.599490   1   2  -1 
2455727.859452 0.000000 0.000000 -10475.357665 0.528199 -10476.373940 -0.945520 -10477.015010 0.711825 0.528199 1.657345 0.528199 1.599490   1   2  -1 
2455727.859452 0.000000 0.000000 -10475.357665 0.528199 -10476.373940 -0.945520 -10477.015010 0.711825 0.528199 1.657345 0.528199 1.599490   1   2  -1 
2455727.863145 0.000000 0.000000 -10476.960737 0.516663 -10476.373940 -0.946194 -10477.013912 -0.893019 0.516663 0.053175 0.516663 1.599490   1   2  -1 
2455727.863145 0.000000 0.000000 -10476.960737 0.516663 -10476.373940 -0.946194 -10477.013912 -0.893019 0.516663 0.053175 0.516663 1.599490   1   2  -1 
2455727.866953 0.000000 0.000000 -10477.060026 0.559742 -10476.373940 -0.946893 -10477.012786 -0.994133 0.559742 -0.047240 0.559742 1.599490   1   2  -1 
2455727.866953 0.000000 0.000000 -10477.060026 0.559742 -10476.373940 -0.946893 -10477.012786 -0.994133 0.559742 -0.047240 0.559742 1.599490   1   2  -1 
2455735.809170 0.000000 0.000000 -10480.718295 0.263016 -10476.373940 -1.281250 -10479.828204 -2.171342 0.263016 -0.890091 0.263016 1.599490   1   2  -1 
2455735.809170 0.000000 0.000000 -10480.718295 0.263016 -10476.373940 -1.281250 -10479.828204 -2.171342 0.263016 -0.890091 0.263016 1.599490   1   2  -1 
2455754.777241 0.000000 0.000000 -10475.455016 0.545675 -10476.373940 -1.102072 -10476.828093 0.271004 0.545675 1.373077 0.545675 1.599490   1   2  -1 
2455754.777241 0.000000 0.000000 -10475.455016 0.545675 -10476.373940 -1.102072 -10476.828093 0.271004 0.545675 1.373077 0.545675 1.599490   1   2  -1 
2455755.755721 0.000000 0.000000 -10477.021535 0.384396 -10476.373940 -1.152998 -10476.212116 -1.962417 0.384396 -0.809419 0.384396 1.599490   1   2  -1 
2455755.755721 0.000000 0.000000 -10477.021535 0.384396 -10476.373940 -1.152998 -10476.212116 -1.962417 0.384396 -0.809419 0.384396 1.599490   1   2  -1 
2455769.736300 0.000000 0.000000 -10478.718338 0.338766 -10476.373940 -2.218223 -10479.824814 -1.111747 0.338766 1.106476 0.338766 1.599490   1   2  -1 
2455769.736300 0.000000 0.000000 -10478.718338 0.338766 -10476.373940 -2.218223 -10479.824814 -1.111747 0.338766 1.106476 0.338766 1.599490   1   2  -1 
2455769.742075 0.000000 0.000000 -10479.209949 0.385157 -10476.373940 -2.218492 -10479.819597 -1.608844 0.385157 0.609648 0.385157 1.599490   1   2  -1 
2455769.742075 0.000000 0.000000 -10479.209949 0.385157 -10476.373940 -2.218492 -10479.819597 -1.608844 0.385157 0.609648 0.385157 1.599490   1   2  -1 
2455776.628483 0.000000 0.000000 -10477.854877 0.356174 -10476.373940 -0.753963 -10476.662940 -1.945900 0.356174 -1.191937 0.356174 1.599490   1   2  -1 
2455776.628483 0.000000 0.000000 -10477.854877 0.356174 -10476.373940 -0.753963 -10476.662940 -1.945900 0.356174 -1.191937 0.356174 1.599490   1   2  -1 
2455782.624998 0.000000 0.000000 -10477.234320 0.380536 -10476.373940 -1.174515 -10477.676352 -0.732483 0.380536 0.442032 0.380536 1.599490   1   2  -1 
2455782.624998 0.000000 0.000000 -10477.234320 0.380536 -10476.373940 -1.174515 -10477.676352 -0.732483 0.380536 0.442032 0.380536 1.599490   1   2  -1 
2455784.737667 0.000000 0.000000 -10473.119634 0.272683 -10476.373940 -0.711183 -10474.878177 1.047360 0.272683 1.758543 0.272683 1.599490   1   2  -1 
2455784.737667 0.000000 0.000000 -10473.119634 0.272683 -10476.373940 -0.711183 -10474.878177 1.047360 0.272683 1.758543 0.272683 1.599490   1   2  -1 
2455801.526698 0.000000 0.000000 -10477.714254 0.636570 -10476.373940 -1.028569 -10476.906768 -1.836055 0.636570 -0.807486 0.636570 1.599490   1   2  -1 
2455801.526698 0.000000 0.000000 -10477.714254 0.636570 -10476.373940 -1.028569 -10476.906768 -1.836055 0.636570 -0.807486 0.636570 1.599490   1   2  -1 
2455801.531628 0.000000 0.000000 -10478.348482 0.588581 -10476.373940 -1.029026 -10476.906500 -2.471008 0.588581 -1.441982 0.588581 1.599490   1   2  -1 
2455801.531628 0.000000 0.000000 -10478.348482 0.588581 -10476.373940 -1.029026 -10476.906500 -2.471008 0.588581 -1.441982 0.588581 1.599490   1   2  -1 
2455804.632333 0.000000 0.000000 -10479.889141 0.560283 -10476.373940 -1.676500 -10478.036032 -3.529609 0.560283 -1.853109 0.560283 1.599490   1   2  -1 
2455804.632333 0.000000 0.000000 -10479.889141 0.560283 -10476.373940 -1.676500 -10478.036032 -3.529609 0.560283 -1.853109 0.560283 1.599490   1   2  -1 
2455804.637669 0.000000 0.000000 -10479.356651 0.516075 -10476.373940 -1.676662 -10478.038657 -2.994656 0.516075 -1.317994 0.516075 1.599490   1   2  -1 
2455804.637669 0.000000 0.000000 -10479.356651 0.516075 -10476.373940 -1.676662 -10478.038657 -2.994656 0.516075 -1.317994 0.516075 1.599490   1   2  -1 
2455807.626267 0.000000 0.000000 -10477.952953 0.482855 -10476.373940 -1.194298 -10479.676220 0.528969 0.482855 1.723267 0.482855 1.599490   1   2  -1 
2455807.626267 0.000000 0.000000 -10477.952953 0.482855 -10476.373940 -1.194298 -10479.676220 0.528969 0.482855 1.723267 0.482855 1.599490   1   2  -1 
2455807.631162 0.000000 0.000000 -10477.762393 0.443292 -10476.373940 -1.193160 -10479.678948 0.723395 0.443292 1.916555 0.443292 1.599490   1   2  -1 
2455807.631162 0.000000 0.000000 -10477.762393 0.443292 -10476.373940 -1.193160 -10479.678948 0.723395 0.443292 1.916555 0.443292 1.599490   1   2  -1 
2455810.581550 0.000000 0.000000 -10481.002505 0.377097 -10476.373940 -0.478504 -10479.014315 -2.466694 0.377097 -1.988190 0.377097 1.599490   1   2  -1 
2455810.581550 0.000000 0.000000 -10481.002505 0.377097 -10476.373940 -0.478504 -10479.014315 -2.466694 0.377097 -1.988190 0.377097 1.599490   1   2  -1 
2455810.586723 0.000000 0.000000 -10480.282556 0.398696 -10476.373940 -0.477658 -10479.008400 -1.751814 0.398696 -1.274156 0.398696 1.599490   1   2  -1 
2455810.586723 0.000000 0.000000 -10480.282556 0.398696 -10476.373940 -0.477658 -10479.008400 -1.751814 0.398696 -1.274156 0.398696 1.599490   1   2  -1 
2455816.587002 0.000000 0.000000 -10476.284284 0.479893 -10476.373940 -2.977426 -10476.185175 -3.076535 0.479893 -0.099109 0.479893 1.599490   1   2  -1 
2455816.587002 0.000000 0.000000 -10476.284284 0.479893 -10476.373940 -2.977426 -10476.185175 -3.076535 0.479893 -0.099109 0.479893 1.599490   1   2  -1 
2455816.590578 0.000000 0.000000 -10475.380232 0.444942 -10476.373940 -2.976657 -10476.183694 -2.173196 0.444942 0.803462 0.444942 1.599490   1   2  -1 
2455816.590578 0.000000 0.000000 -10475.380232 0.444942 -10476.373940 -2.976657 -10476.183694 -2.173196 0.444942 0.803462 0.444942 1.599490   1   2  -1 
2455816.594154 0.000000 0.000000 -10476.257023 0.438232 -10476.373940 -2.975882 -10476.182209 -3.050696 0.438232 -0.074814 0.438232 1.599490   1   2  -1 
2455816.594154 0.000000 0.000000 -10476.257023 0.438232 -10476.373940 -2.975882 -10476.182209 -3.050696 0.438232 -0.074814 0.438232 1.599490   1   2  -1 
2455834.622073 0.000000 0.000000 -10480.909706 0.288686 -10476.373940 -1.893560 -10479.310943 -3.492323 0.288686 -1.598763 0.288686 1.599490   1   2  -1 
2455834.622073 0.000000 0.000000 -10480.909706 0.288686 -10476.373940 -1.893560 -10479.310943 -3.492323 0.288686 -1.598763 0.288686 1.599490   1   2  -1 
2455834.627593 0.000000 0.000000 -10481.704100 0.288262 -10476.373940 -1.891794 -10479.313946 -4.281948 0.288262 -2.390154 0.288262 1.599490   1   2  -1 
2455834.627593 0.000000 0.000000 -10481.704100 0.288262 -10476.373940 -1.891794 -10479.313946 -4.281948 0.288262 -2.390154 0.288262 1.599490   1   2  -1 
2455836.585712 0.000000 0.000000 -10482.497452 0.340261 -10476.373940 -1.174188 -10480.409534 -3.262106 0.340261 -2.087918 0.340261 1.599490   1   2  -1 
2455836.585712 0.000000 0.000000 -10482.497452 0.340261 -10476.373940 -1.174188 -10480.409534 -3.262106 0.340261 -2.087918 0.340261 1.599490   1   2  -1 
2455836.591440 0.000000 0.000000 -10483.216344 0.339568 -10476.373940 -1.172016 -10480.412112 -3.976248 0.339568 -2.804232 0.339568 1.599490   1   2  -1 
2455836.591440 0.000000 0.000000 -10483.216344 0.339568 -10476.373940 -1.172016 -10480.412112 -3.976248 0.339568 -2.804232 0.339568 1.599490   1   2  -1 
2455839.585007 0.000000 0.000000 -10480.984122 0.455066 -10476.373940 -0.437770 -10479.395213 -2.026678 0.455066 -1.588909 0.455066 1.599490   1   2  -1 
2455839.585007 0.000000 0.000000 -10480.984122 0.455066 -10476.373940 -0.437770 -10479.395213 -2.026678 0.455066 -1.588909 0.455066 1.599490   1   2  -1 
2455839.590794 0.000000 0.000000 -10480.862232 0.459884 -10476.373940 -0.437480 -10479.389027 -1.910685 0.459884 -1.473205 0.459884 1.599490   1   2  -1 
2455839.590794 0.000000 0.000000 -10480.862232 0.459884 -10476.373940 -0.437480 -10479.389027 -1.910685 0.459884 -1.473205 0.459884 1.599490   1   2  -1 
2455842.549547 0.000000 0.000000 -10475.984718 0.533150 -10476.373940 -0.657419 -10476.551287 -0.090850 0.533150 0.566569 0.533150 1.599490   1   2  -1 
2455842.549547 0.000000 0.000000 -10475.984718 0.533150 -10476.373940 -0.657419 -10476.551287 -0.090850 0.533150 0.566569 0.533150 1.599490   1   2  -1 
2455842.555033 0.000000 0.000000 -10475.769563 0.436601 -10476.373940 -0.657957 -10476.547450 0.119929 0.436601 0.777887 0.436601 1.599490   1   2  -1 
2455842.555033 0.000000 0.000000 -10475.769563 0.436601 -10476.373940 -0.657957 -10476.547450 0.119929 0.436601 0.777887 0.436601 1.599490   1   2  -1 
2455845.575633 0.000000 0.000000 -10472.970844 0.533869 -10476.373940 -0.784898 -10475.232563 1.476821 0.533869 2.261719 0.533869 1.599490   1   2  -1 
2455845.575633 0.000000 0.000000 -10472.970844 0.533869 -10476.373940 -0.784898 -10475.232563 1.476821 0.533869 2.261719 0.533869 1.599490   1   2  -1 
2455845.581258 0.000000 0.000000 -10473.156417 0.461200 -10476.373940 -0.785206 -10475.231906 1.290284 0.461200 2.075489 0.461200 1.599490   1   2  -1 
2455845.581258 0.000000 0.000000 -10473.156417 0.461200 -10476.373940 -0.785206 -10475.231906 1.290284 0.461200 2.075489 0.461200 1.599490   1   2  -1 
2455870.498785 0.000000 0.000000 -10481.818484 0.365314 -10476.373940 -3.007159 -10479.979297 -4.846346 0.365314 -1.839187 0.365314 1.599490   1   2  -1 
2455870.498785 0.000000 0.000000 -10481.818484 0.365314 -10476.373940 -3.007159 -10479.979297 -4.846346 0.365314 -1.839187 0.365314 1.599490   1   2  -1 
2455870.504422 0.000000 0.000000 -10481.151885 0.359240 -10476.373940 -3.006313 -10479.973936 -4.184262 0.359240 -1.177949 0.359240 1.599490   1   2  -1 
2455870.504422 0.000000 0.000000 -10481.151885 0.359240 -10476.373940 -3.006313 -10479.973936 -4.184262 0.359240 -1.177949 0.359240 1.599490   1   2  -1 
2455874.532217 0.000000 0.000000 -10477.728868 0.513797 -10476.373940 -1.791012 -10477.263663 -2.256217 0.513797 -0.465205 0.513797 1.599490   1   2  -1 
2455874.532217 0.000000 0.000000 -10477.728868 0.513797 -10476.373940 -1.791012 -10477.263663 -2.256217 0.513797 -0.465205 0.513797 1.599490   1   2  -1 
2455874.537437 0.000000 0.000000 -10475.674380 0.695338 -10476.373940 -1.790349 -10477.263160 -0.201569 0.695338 1.588780 0.695338 1.599490   1   2  -1 
2455874.537437 0.000000 0.000000 -10475.674380 0.695338 -10476.373940 -1.790349 -10477.263160 -0.201569 0.695338 1.588780 0.695338 1.599490   1   2  -1 
2455878.549549 0.000000 0.000000 -10474.975638 0.680478 -10476.373940 -0.244479 -10477.373304 2.153188 0.680478 2.397666 0.680478 1.599490   1   2  -1 
2455878.549549 0.000000 0.000000 -10474.975638 0.680478 -10476.373940 -0.244479 -10477.373304 2.153188 0.680478 2.397666 0.680478 1.599490   1   2  -1 
2455878.554965 0.000000 0.000000 -10473.200640 0.660711 -10476.373940 -0.241105 -10477.373770 3.932024 0.660711 4.173130 0.660711 1.599490   1   2  -1 
2455878.554965 0.000000 0.000000 -10473.200640 0.660711 -10476.373940 -0.241105 -10477.373770 3.932024 0.660711 4.173130 0.660711 1.599490   1   2  -1 
2456020.892743 0.000000 0.000000 -10474.892081 0.400252 -10476.373940 -1.381318 -10476.439750 0.166351 0.400252 1.547669 0.400252 1.599490   1   2  -1 
2456020.892743 0.000000 0.000000 -10474.892081 0.400252 -10476.373940 -1.381318 -10476.439750 0.166351 0.400252 1.547669 0.400252 1.599490   1   2  -1 
2456020.898160 0.000000 0.000000 -10474.995167 0.390725 -10476.373940 -1.381510 -10476.445621 0.068943 0.390725 1.450454 0.390725 1.599490   1   2  -1 
2456020.898160 0.000000 0.000000 -10474.995167 0.390725 -10476.373940 -1.381510 -10476.445621 0.068943 0.390725 1.450454 0.390725 1.599490   1   2  -1 
2456022.889397 0.000000 0.000000 -10478.871489 0.497344 -10476.373940 -1.407703 -10478.657009 -1.622183 0.497344 -0.214480 0.497344 1.599490   1   2  -1 
2456022.889397 0.000000 0.000000 -10478.871489 0.497344 -10476.373940 -1.407703 -10478.657009 -1.622183 0.497344 -0.214480 0.497344 1.599490   1   2  -1 
2456022.894884 0.000000 0.000000 -10479.815426 0.556527 -10476.373940 -1.408076 -10478.662328 -2.561173 0.556527 -1.153098 0.556527 1.599490   1   2  -1 
2456022.894884 0.000000 0.000000 -10479.815426 0.556527 -10476.373940 -1.408076 -10478.662328 -2.561173 0.556527 -1.153098 0.556527 1.599490   1   2  -1 
2456024.891353 0.000000 0.000000 -10480.979281 0.428656 -10476.373940 -1.615137 -10479.354456 -3.239962 0.428656 -1.624825 0.428656 1.599490   1   2  -1 
2456024.891353 0.000000 0.000000 -10480.979281 0.428656 -10476.373940 -1.615137 -10479.354456 -3.239962 0.428656 -1.624825 0.428656 1.599490   1   2  -1 
2456024.897048 0.000000 0.000000 -10480.604419 0.407038 -10476.373940 -1.615466 -10479.352390 -2.867495 0.407038 -1.252029 0.407038 1.599490   1   2  -1 
2456024.897048 0.000000 0.000000 -10480.604419 0.407038 -10476.373940 -1.615466 -10479.352390 -2.867495 0.407038 -1.252029 0.407038 1.599490   1   2  -1 
2456028.922257 0.000000 0.000000 -10477.908590 0.345283 -10476.373940 -1.070757 -10476.587565 -2.391782 0.345283 -1.321025 0.345283 1.599490   1   2  -1 
2456028.922257 0.000000 0.000000 -10477.908590 0.345283 -10476.373940 -1.070757 -10476.587565 -2.391782 0.345283 -1.321025 0.345283 1.599490   1   2  -1 
2456029.892891 0.000000 0.000000 -10478.166891 0.543499 -10476.373940 -1.127457 -10476.511268 -2.783080 0.543499 -1.655623 0.543499 1.599490   1   2  -1 
2456029.892891 0.000000 0.000000 -10478.166891 0.543499 -10476.373940 -1.127457 -10476.511268 -2.783080 0.543499 -1.655623 0.543499 1.599490   1   2  -1 
2456029.898354 0.000000 0.000000 -10478.569496 0.519266 -10476.373940 -1.128204 -10476.511807 -3.185893 0.519266 -2.057689 0.519266 1.599490   1   2  -1 
2456029.898354 0.000000 0.000000 -10478.569496 0.519266 -10476.373940 -1.128204 -10476.511807 -3.185893 0.519266 -2.057689 0.519266 1.599490   1   2  -1 
2456031.852968 0.000000 0.000000 -10477.024746 0.408809 -10476.373940 -1.485653 -10477.161416 -1.348983 0.408809 0.136670 0.408809 1.599490   1   2  -1 
2456031.852968 0.000000 0.000000 -10477.024746 0.408809 -10476.373940 -1.485653 -10477.161416 -1.348983 0.408809 0.136670 0.408809 1.599490   1   2  -1 
2456052.857065 0.000000 0.000000 -10480.793021 0.406318 -10476.373940 -1.648194 -10478.660778 -3.780437 0.406318 -2.132243 0.406318 1.599490   1   2  -1 
2456052.857065 0.000000 0.000000 -10480.793021 0.406318 -10476.373940 -1.648194 -10478.660778 -3.780437 0.406318 -2.132243 0.406318 1.599490   1   2  -1 
2456052.862482 0.000000 0.000000 -10480.156970 0.393840 -10476.373940 -1.648319 -10478.658893 -3.146396 0.393840 -1.498077 0.393840 1.599490   1   2  -1 
2456052.862482 0.000000 0.000000 -10480.156970 0.393840 -10476.373940 -1.648319 -10478.658893 -3.146396 0.393840 -1.498077 0.393840 1.599490   1   2  -1 
2456053.851639 0.000000 0.000000 -10480.816786 0.437473 -10476.373940 -1.617974 -10478.012173 -4.422587 0.437473 -2.804613 0.437473 1.599490   1   2  -1 
2456053.851639 0.000000 0.000000 -10480.816786 0.437473 -10476.373940 -1.617974 -10478.012173 -4.422587 0.437473 -2.804613 0.437473 1.599490   1   2  -1 
2456053.857114 0.000000 0.000000 -10476.986852 0.414343 -10476.373940 -1.617517 -10478.007291 -0.597078 0.414343 1.020439 0.414343 1.599490   1   2  -1 
2456053.857114 0.000000 0.000000 -10476.986852 0.414343 -10476.373940 -1.617517 -10478.007291 -0.597078 0.414343 1.020439 0.414343 1.599490   1   2  -1 
2456054.839916 0.000000 0.000000 -10479.578072 0.266506 -10476.373940 -1.489092 -10477.040919 -4.026245 0.266506 -2.537153 0.266506 1.599490   1   2  -1 
2456054.839916 0.000000 0.000000 -10479.578072 0.266506 -10476.373940 -1.489092 -10477.040919 -4.026245 0.266506 -2.537153 0.266506 1.599490   1   2  -1 
2456055.886865 0.000000 0.000000 -10478.308216 0.254853 -10476.373940 -1.287159 -10476.071119 -3.524257 0.254853 -2.237097 0.254853 1.599490   1   2  -1 
2456055.886865 0.000000 0.000000 -10478.308216 0.254853 -10476.373940 -1.287159 -10476.071119 -3.524257 0.254853 -2.237097 0.254853 1.599490   1   2  -1 
2456056.818146 0.000000 0.000000 -10476.145121 0.446651 -10476.373940 -1.128899 -10475.473487 -1.800534 0.446651 -0.671634 0.446651 1.599490   1   2  -1 
2456056.818146 0.000000 0.000000 -10476.145121 0.446651 -10476.373940 -1.128899 -10475.473487 -1.800534 0.446651 -0.671634 0.446651 1.599490   1   2  -1 
2456056.823714 0.000000 0.000000 -10476.399813 0.406993 -10476.373940 -1.128191 -10475.470898 -2.057106 0.406993 -0.928915 0.406993 1.599490   1   2  -1 
2456056.823714 0.000000 0.000000 -10476.399813 0.406993 -10476.373940 -1.128191 -10475.470898 -2.057106 0.406993 -0.928915 0.406993 1.599490   1   2  -1 
2456078.843392 0.000000 0.000000 -10475.070920 0.323779 -10476.373940 0.106695 -10477.353795 2.389570 0.323779 2.282875 0.323779 1.599490   1   2  -1 
2456078.843392 0.000000 0.000000 -10475.070920 0.323779 -10476.373940 0.106695 -10477.353795 2.389570 0.323779 2.282875 0.323779 1.599490   1   2  -1 
2456078.849075 0.000000 0.000000 -10475.406297 0.316487 -10476.373940 0.106749 -10477.357806 2.058258 0.316487 1.951509 0.316487 1.599490   1   2  -1 
2456078.849075 0.000000 0.000000 -10475.406297 0.316487 -10476.373940 0.106749 -10477.357806 2.058258 0.316487 1.951509 0.316487 1.599490   1   2  -1 
2456081.832748 0.000000 0.000000 -10477.091748 0.398009 -10476.373940 -0.133767 -10477.835494 0.609979 0.398009 0.743746 0.398009 1.599490   1   2  -1 
2456081.832748 0.000000 0.000000 -10477.091748 0.398009 -10476.373940 -0.133767 -10477.835494 0.609979 0.398009 0.743746 0.398009 1.599490   1   2  -1 
2456081.838651 0.000000 0.000000 -10477.350415 0.323723 -10476.373940 -0.134328 -10477.830765 0.346022 0.323723 0.480350 0.323723 1.599490   1   2  -1 
2456081.838651 0.000000 0.000000 -10477.350415 0.323723 -10476.373940 -0.134328 -10477.830765 0.346022 0.323723 0.480350 0.323723 1.599490   1   2  -1 
2456085.820521 0.000000 0.000000 -10474.269371 0.439249 -10476.373940 -0.334914 -10473.856505 -0.747779 0.439249 -0.412866 0.439249 1.599490   1   2  -1 
2456085.820521 0.000000 0.000000 -10474.269371 0.439249 -10476.373940 -0.334914 -10473.856505 -0.747779 0.439249 -0.412866 0.439249 1.599490   1   2  -1 
2456085.826250 0.000000 0.000000 -10473.694203 0.458936 -10476.373940 -0.334525 -10473.852733 -0.175995 0.458936 0.158530 0.458936 1.599490   1   2  -1 
2456085.826250 0.000000 0.000000 -10473.694203 0.458936 -10476.373940 -0.334525 -10473.852733 -0.175995 0.458936 0.158530 0.458936 1.599490   1   2  -1 
2456088.742747 0.000000 0.000000 -10472.336592 0.274700 -10476.373940 0.263916 -10472.956183 0.883507 0.274700 0.619591 0.274700 1.599490   1   2  -1 
2456088.742747 0.000000 0.000000 -10472.336592 0.274700 -10476.373940 0.263916 -10472.956183 0.883507 0.274700 0.619591 0.274700 1.599490   1   2  -1 
2456092.900369 0.000000 0.000000 -10477.981567 0.314413 -10476.373940 1.051561 -10475.864757 -1.065249 0.314413 -2.116810 0.314413 1.599490   1   2  -1 
2456092.900369 0.000000 0.000000 -10477.981567 0.314413 -10476.373940 1.051561 -10475.864757 -1.065249 0.314413 -2.116810 0.314413 1.599490   1   2  -1 
2456115.815540 0.000000 0.000000 -10474.774807 0.388096 -10476.373940 1.061902 -10472.671362 -1.041543 0.388096 -2.103445 0.388096 1.599490   1   2  -1 
2456115.815540 0.000000 0.000000 -10474.774807 0.388096 -10476.373940 1.061902 -10472.671362 -1.041543 0.388096 -2.103445 0.388096 1.599490   1   2  -1 
2456118.809984 0.000000 0.000000 -10471.978956 0.256427 -10476.373940 0.273336 -10473.261754 1.556134 0.256427 1.282798 0.256427 1.599490   1   2  -1 
2456118.809984 0.000000 0.000000 -10471.978956 0.256427 -10476.373940 0.273336 -10473.261754 1.556134 0.256427 1.282798 0.256427 1.599490   1   2  -1 
2456121.820367 0.000000 0.000000 -10475.055286 0.705930 -10476.373940 0.516553 -10475.493279 0.954546 0.705930 0.437993 0.705930 1.599490   1   2  -1 
2456121.820367 0.000000 0.000000 -10475.055286 0.705930 -10476.373940 0.516553 -10475.493279 0.954546 0.705930 0.437993 0.705930 1.599490   1   2  -1 
2456149.686124 0.000000 0.000000 -10478.886301 0.422505 -10476.373940 -0.864901 -10476.632933 -3.118269 0.422505 -2.253368 0.422505 1.599490   1   2  -1 
2456149.686124 0.000000 0.000000 -10478.886301 0.422505 -10476.373940 -0.864901 -10476.632933 -3.118269 0.422505 -2.253368 0.422505 1.599490   1   2  -1 
2456154.723489 0.000000 0.000000 -10473.222066 0.432559 -10476.373940 1.557454 -10474.072493 2.407882 0.432559 0.850427 0.432559 1.599490   1   2  -1 
2456154.723489 0.000000 0.000000 -10473.222066 0.432559 -10476.373940 1.557454 -10474.072493 2.407882 0.432559 0.850427 0.432559 1.599490   1   2  -1 
2456154.728442 0.000000 0.000000 -10472.383548 0.640869 -10476.373940 1.557035 -10474.068545 3.242032 0.640869 1.684997 0.640869 1.599490   1   2  -1 
2456154.728442 0.000000 0.000000 -10472.383548 0.640869 -10476.373940 1.557035 -10474.068545 3.242032 0.640869 1.684997 0.640869 1.599490   1   2  -1 
2456166.527551 0.000000 0.000000 -10482.638275 0.322758 -10476.373940 -0.391632 -10480.198779 -2.831127 0.322758 -2.439496 0.322758 1.599490   1   2  -1 
2456166.527551 0.000000 0.000000 -10482.638275 0.322758 -10476.373940 -0.391632 -10480.198779 -2.831127 0.322758 -2.439496 0.322758 1.599490   1   2  -1 
2456168.609469 0.000000 0.000000 -10483.235121 0.485702 -10476.373940 -0.898384 -10479.719243 -4.414262 0.485702 -3.515878 0.485702 1.599490   1   2  -1 
2456168.609469 0.000000 0.000000 -10483.235121 0.485702 -10476.373940 -0.898384 -10479.719243 -4.414262 0.485702 -3.515878 0.485702 1.599490   1   2  -1 
2456168.615105 0.000000 0.000000 -10482.078140 0.428978 -10476.373940 -0.898519 -10479.714031 -3.262628 0.428978 -2.364109 0.428978 1.599490   1   2  -1 
2456168.615105 0.000000 0.000000 -10482.078140 0.428978 -10476.373940 -0.898519 -10479.714031 -3.262628 0.428978 -2.364109 0.428978 1.599490   1   2  -1 
2456171.510563 0.000000 0.000000 -10477.310953 0.261955 -10476.373940 -0.377016 -10476.751633 -0.936336 0.261955 -0.559320 0.261955 1.599490   1   2  -1 
2456171.510563 0.000000 0.000000 -10477.310953 0.261955 -10476.373940 -0.377016 -10476.751633 -0.936336 0.261955 -0.559320 0.261955 1.599490   1   2  -1 
2456173.694840 0.000000 0.000000 -10472.314153 0.435027 -10476.373940 -0.283974 -10475.917029 3.318902 0.435027 3.602876 0.435027 1.599490   1   2  -1 
2456173.694840 0.000000 0.000000 -10472.314153 0.435027 -10476.373940 -0.283974 -10475.917029 3.318902 0.435027 3.602876 0.435027 1.599490   1   2  -1 
2456181.612869 0.000000 0.000000 -10475.571527 0.304713 -10476.373940 0.465209 -10477.529957 2.423639 0.304713 1.958430 0.304713 1.599490   1   2  -1 
2456181.612869 0.000000 0.000000 -10475.571527 0.304713 -10476.373940 0.465209 -10477.529957 2.423639 0.304713 1.958430 0.304713 1.599490   1   2  -1 
2456186.623747 0.000000 0.000000 -10470.871523 0.269145 -10476.373940 0.458154 -10472.712592 2.299222 0.269145 1.841069 0.269145 1.599490   1   2  -1 
2456186.623747 0.000000 0.000000 -10470.871523 0.269145 -10476.373940 0.458154 -10472.712592 2.299222 0.269145 1.841069 0.269145 1.599490   1   2  -1 
2456189.666838 0.000000 0.000000 -10471.752751 0.854916 -10476.373940 0.898082 -10472.678820 1.824151 0.854916 0.926069 0.854916 1.599490   1   2  -1 
2456189.666838 0.000000 0.000000 -10471.752751 0.854916 -10476.373940 0.898082 -10472.678820 1.824151 0.854916 0.926069 0.854916 1.599490   1   2  -1 
2456190.592865 0.000000 0.000000 -10474.982002 0.436640 -10476.373940 0.917444 -10473.327710 -0.736848 0.436640 -1.654292 0.436640 1.599490   1   2  -1 
2456190.592865 0.000000 0.000000 -10474.982002 0.436640 -10476.373940 0.917444 -10473.327710 -0.736848 0.436640 -1.654292 0.436640 1.599490   1   2  -1 
2456190.598548 0.000000 0.000000 -10475.915820 0.410184 -10476.373940 0.917304 -10473.332664 -1.665852 0.410184 -2.583156 0.410184 1.599490   1   2  -1 
2456190.598548 0.000000 0.000000 -10475.915820 0.410184 -10476.373940 0.917304 -10473.332664 -1.665852 0.410184 -2.583156 0.410184 1.599490   1   2  -1 
2456195.586272 0.000000 0.000000 -10476.324229 0.455921 -10476.373940 2.357514 -10476.721192 2.754477 0.455921 0.396963 0.455921 1.599490   1   2  -1 
2456195.586272 0.000000 0.000000 -10476.324229 0.455921 -10476.373940 2.357514 -10476.721192 2.754477 0.455921 0.396963 0.455921 1.599490   1   2  -1 
2456195.591793 0.000000 0.000000 -10476.833989 0.456503 -10476.373940 2.358692 -10476.720077 2.244780 0.456503 -0.113912 0.456503 1.599490   1   2  -1 
2456195.591793 0.000000 0.000000 -10476.833989 0.456503 -10476.373940 2.358692 -10476.720077 2.244780 0.456503 -0.113912 0.456503 1.599490   1   2  -1 
2456198.564091 0.000000 0.000000 -10469.851121 0.593173 -10476.373940 1.858286 -10475.323843 7.331008 0.593173 5.472722 0.593173 1.599490   1   2  -1 
2456198.564091 0.000000 0.000000 -10469.851121 0.593173 -10476.373940 1.858286 -10475.323843 7.331008 0.593173 5.472722 0.593173 1.599490   1   2  -1 
2456198.569866 0.000000 0.000000 -10469.520142 0.625422 -10476.373940 1.856962 -10475.320808 7.657628 0.625422 5.800666 0.625422 1.599490   1   2  -1 
2456198.569866 0.000000 0.000000 -10469.520142 0.625422 -10476.373940 1.856962 -10475.320808 7.657628 0.625422 5.800666 0.625422 1.599490   1   2  -1 
2456204.547188 0.000000 0.000000 -10474.005151 0.390830 -10476.373940 0.825958 -10475.507510 2.328317 0.390830 1.502359 0.390830 1.599490   1   2  -1 
2456204.547188 0.000000 0.000000 -10474.005151 0.390830 -10476.373940 0.825958 -10475.507510 2.328317 0.390830 1.502359 0.390830 1.599490   1   2  -1 
2456205.523197 0.000000 0.000000 -10476.331744 0.223735 -10476.373940 0.728497 -10476.145143 0.541896 0.223735 -0.186601 0.223735 1.599490   1   2  -1 
2456205.523197 0.000000 0.000000 -10476.331744 0.223735 -10476.373940 0.728497 -10476.145143 0.541896 0.223735 -0.186601 0.223735 1.599490   1   2  -1 
2456208.615737 0.000000 0.000000 -10479.274458 0.471028 -10476.373940 1.618894 -10477.645691 -0.009872 0.471028 -1.628767 0.471028 1.599490   1   2  -1 
2456208.615737 0.000000 0.000000 -10479.274458 0.471028 -10476.373940 1.618894 -10477.645691 -0.009872 0.471028 -1.628767 0.471028 1.599490   1   2  -1 
2456209.540800 0.000000 0.000000 -10475.726000 0.526879 -10476.373940 1.745739 -10477.715780 3.735520 0.526879 1.989780 0.526879 1.599490   1   2  -1 
2456209.540800 0.000000 0.000000 -10475.726000 0.526879 -10476.373940 1.745739 -10477.715780 3.735520 0.526879 1.989780 0.526879 1.599490   1   2  -1 
2456210.532155 0.000000 0.000000 -10475.727704 0.432092 -10476.373940 1.798732 -10477.156043 3.227071 0.432092 1.428339 0.432092 1.599490   1   2  -1 
2456210.532155 0.000000 0.000000 -10475.727704 0.432092 -10476.373940 1.798732 -10477.156043 3.227071 0.432092 1.428339 0.432092 1.599490   1   2  -1 
2456212.523498 0.000000 0.000000 -10470.032065 0.239792 -10476.373940 2.144755 -10474.515621 6.628311 0.239792 4.483556 0.239792 1.599490   1   2  -1 
2456212.523498 0.000000 0.000000 -10470.032065 0.239792 -10476.373940 2.144755 -10474.515621 6.628311 0.239792 4.483556 0.239792 1.599490   1   2  -1 
2456217.523649 0.000000 0.000000 -10469.768240 0.370476 -10476.373940 2.984711 -10470.401939 3.618409 0.370476 0.633699 0.370476 1.599490   1   2  -1 
2456217.523649 0.000000 0.000000 -10469.768240 0.370476 -10476.373940 2.984711 -10470.401939 3.618409 0.370476 0.633699 0.370476 1.599490   1   2  -1 
2456217.529482 0.000000 0.000000 -10468.041405 0.361734 -10476.373940 2.984682 -10470.401721 5.344997 0.361734 2.360316 0.361734 1.599490   1   2  -1 
2456217.529482 0.000000 0.000000 -10468.041405 0.361734 -10476.373940 2.984682 -10470.401721 5.344997 0.361734 2.360316 0.361734 1.599490   1   2  -1 
2456218.587951 0.000000 0.000000 -10468.491163 0.391645 -10476.373940 2.982876 -10470.517956 5.009669 0.391645 2.026793 0.391645 1.599490   1   2  -1 
2456218.587951 0.000000 0.000000 -10468.491163 0.391645 -10476.373940 2.982876 -10470.517956 5.009669 0.391645 2.026793 0.391645 1.599490   1   2  -1 
2456219.500319 0.000000 0.000000 -10469.245686 0.247828 -10476.373940 2.987861 -10470.884248 4.626423 0.247828 1.638562 0.247828 1.599490   1   2  -1 
2456219.500319 0.000000 0.000000 -10469.245686 0.247828 -10476.373940 2.987861 -10470.884248 4.626423 0.247828 1.638562 0.247828 1.599490   1   2  -1 
2456220.491327 0.000000 0.000000 -10472.137625 0.391613 -10476.373940 2.994003 -10471.583103 2.439482 0.391613 -0.554522 0.391613 1.599490   1   2  -1 
2456220.491327 0.000000 0.000000 -10472.137625 0.391613 -10476.373940 2.994003 -10471.583103 2.439482 0.391613 -0.554522 0.391613 1.599490   1   2  -1 
2456220.514069 0.000000 0.000000 -10472.572915 0.320320 -10476.373940 2.994147 -10471.602698 2.023930 0.320320 -0.970217 0.320320 1.599490   1   2  -1 
2456220.514069 0.000000 0.000000 -10472.572915 0.320320 -10476.373940 2.994147 -10471.602698 2.023930 0.320320 -0.970217 0.320320 1.599490   1   2  -1 
2456409.867093 0.000000 0.000000 -10475.673600 0.617333 -10476.373940 4.360141 -10475.141616 3.828156 0.617333 -0.531984 0.617333 1.599490   1   2  -1 
2456409.867093 0.000000 0.000000 -10475.673600 0.617333 -10476.373940 4.360141 -10475.141616 3.828156 0.617333 -0.531984 0.617333 1.599490   1   2  -1 
2456409.872719 0.000000 0.000000 -10476.137178 0.595203 -10476.373940 4.358779 -10475.141116 3.362717 0.595203 -0.996062 0.595203 1.599490   1   2  -1 
2456409.872719 0.000000 0.000000 -10476.137178 0.595203 -10476.373940 4.358779 -10475.141116 3.362717 0.595203 -0.996062 0.595203 1.599490   1   2  -1 
2456410.795661 0.000000 0.000000 -10473.625918 3.271074 -10476.373940 3.627760 -10475.258644 5.260487 3.271074 1.632726 3.271074 1.599490   1   2  -1 
2456410.795661 0.000000 0.000000 -10473.625918 3.271074 -10476.373940 3.627760 -10475.258644 5.260487 3.271074 1.632726 3.271074 1.599490   1   2  -1 
2456410.804261 0.000000 0.000000 -10469.468381 2.427430 -10476.373940 3.616906 -10475.261312 9.409837 2.427430 5.792931 2.427430 1.599490   1   2  -1 
2456410.804261 0.000000 0.000000 -10469.468381 2.427430 -10476.373940 3.616906 -10475.261312 9.409837 2.427430 5.792931 2.427430 1.599490   1   2  -1 
2456416.824768 0.000000 0.000000 -10472.302186 0.550392 -10476.373940 1.862185 -10471.804410 1.364410 0.550392 -0.497776 0.550392 1.599490   1   2  -1 
2456416.824768 0.000000 0.000000 -10472.302186 0.550392 -10476.373940 1.862185 -10471.804410 1.364410 0.550392 -0.497776 0.550392 1.599490   1   2  -1 
2456416.828565 0.000000 0.000000 -10470.986675 0.545862 -10476.373940 1.862120 -10471.803506 2.678951 0.545862 0.816831 0.545862 1.599490   1   2  -1 
2456416.828565 0.000000 0.000000 -10470.986675 0.545862 -10476.373940 1.862120 -10471.803506 2.678951 0.545862 0.816831 0.545862 1.599490   1   2  -1 
2456416.832443 0.000000 0.000000 -10471.882453 0.566830 -10476.373940 1.862043 -10471.802596 1.782187 0.566830 -0.079857 0.566830 1.599490   1   2  -1 
2456416.832443 0.000000 0.000000 -10471.882453 0.566830 -10476.373940 1.862043 -10471.802596 1.782187 0.566830 -0.079857 0.566830 1.599490   1   2  -1 
2456432.884915 0.000000 0.000000 -10474.962361 0.393986 -10476.373940 0.497719 -10475.427171 0.962529 0.393986 0.464810 0.393986 1.599490   1   2  -1 
2456432.884915 0.000000 0.000000 -10474.962361 0.393986 -10476.373940 0.497719 -10475.427171 0.962529 0.393986 0.464810 0.393986 1.599490   1   2  -1 
2456432.890124 0.000000 0.000000 -10475.372110 0.450803 -10476.373940 0.499225 -10475.428531 0.555646 0.450803 0.056421 0.450803 1.599490   1   2  -1 
2456432.890124 0.000000 0.000000 -10475.372110 0.450803 -10476.373940 0.499225 -10475.428531 0.555646 0.450803 0.056421 0.450803 1.599490   1   2  -1 
2456433.905268 0.000000 0.000000 -10472.852948 0.738644 -10476.373940 0.808338 -10475.780489 3.735879 0.738644 2.927541 0.738644 1.599490   1   2  -1 
2456433.905268 0.000000 0.000000 -10472.852948 0.738644 -10476.373940 0.808338 -10475.780489 3.735879 0.738644 2.927541 0.738644 1.599490   1   2  -1 
2456433.910395 0.000000 0.000000 -10474.512391 0.801539 -10476.373940 0.809873 -10475.782813 2.080295 0.801539 1.270422 0.801539 1.599490   1   2  -1 
2456433.910395 0.000000 0.000000 -10474.512391 0.801539 -10476.373940 0.809873 -10475.782813 2.080295 0.801539 1.270422 0.801539 1.599490   1   2  -1 
2456434.892458 0.000000 0.000000 -10475.434897 0.484791 -10476.373940 1.076140 -10476.347405 1.988648 0.484791 0.912508 0.484791 1.599490   1   2  -1 
2456434.892458 0.000000 0.000000 -10475.434897 0.484791 -10476.373940 1.076140 -10476.347405 1.988648 0.484791 0.912508 0.484791 1.599490   1   2  -1 
2456434.898129 0.000000 0.000000 -10474.106533 0.468854 -10476.373940 1.077500 -10476.351333 3.322300 0.468854 2.244800 0.468854 1.599490   1   2  -1 
2456434.898129 0.000000 0.000000 -10474.106533 0.468854 -10476.373940 1.077500 -10476.351333 3.322300 0.468854 2.244800 0.468854 1.599490   1   2  -1 
2456437.889188 0.000000 0.000000 -10477.501611 0.400790 -10476.373940 1.706426 -10478.226192 2.431007 0.400790 0.724581 0.400790 1.599490   1   2  -1 
2456437.889188 0.000000 0.000000 -10477.501611 0.400790 -10476.373940 1.706426 -10478.226192 2.431007 0.400790 0.724581 0.400790 1.599490   1   2  -1 
2456437.894720 0.000000 0.000000 -10477.202903 0.367888 -10476.373940 1.707604 -10478.226348 2.731049 0.367888 1.023445 0.367888 1.599490   1   2  -1 
2456437.894720 0.000000 0.000000 -10477.202903 0.367888 -10476.373940 1.707604 -10478.226348 2.731049 0.367888 1.023445 0.367888 1.599490   1   2  -1 
2456438.860772 0.000000 0.000000 -10477.416873 0.320407 -10476.373940 1.897850 -10477.902269 2.383246 0.320407 0.485396 0.320407 1.599490   1   2  -1 
2456438.860772 0.000000 0.000000 -10477.416873 0.320407 -10476.373940 1.897850 -10477.902269 2.383246 0.320407 0.485396 0.320407 1.599490   1   2  -1 
2456441.860316 0.000000 0.000000 -10477.889690 0.423142 -10476.373940 2.181008 -10474.746722 -0.961960 0.423142 -3.142968 0.423142 1.599490   1   2  -1 
2456441.860316 0.000000 0.000000 -10477.889690 0.423142 -10476.373940 2.181008 -10474.746722 -0.961960 0.423142 -3.142968 0.423142 1.599490   1   2  -1 
2456454.832361 0.000000 0.000000 -10475.281861 0.354619 -10476.373940 0.846967 -10474.682532 0.247638 0.354619 -0.599329 0.354619 1.599490   1   2  -1 
2456454.832361 0.000000 0.000000 -10475.281861 0.354619 -10476.373940 0.846967 -10474.682532 0.247638 0.354619 -0.599329 0.354619 1.599490   1   2  -1 
2456454.837894 0.000000 0.000000 -10474.118452 0.355826 -10476.373940 0.846248 -10474.677875 1.405671 0.355826 0.559423 0.355826 1.599490   1   2  -1 
2456454.837894 0.000000 0.000000 -10474.118452 0.355826 -10476.373940 0.846248 -10474.677875 1.405671 0.355826 0.559423 0.355826 1.599490   1   2  -1 
2456467.823190 0.000000 0.000000 -10478.702475 0.627828 -10476.373940 1.784569 -10477.683707 0.765802 0.627828 -1.018768 0.627828 1.599490   1   2  -1 
2456467.823190 0.000000 0.000000 -10478.702475 0.627828 -10476.373940 1.784569 -10477.683707 0.765802 0.627828 -1.018768 0.627828 1.599490   1   2  -1 
2456467.826929 0.000000 0.000000 -10477.017285 0.556688 -10476.373940 1.785853 -10477.680126 2.448695 0.556688 0.662841 0.556688 1.599490   1   2  -1 
2456467.826929 0.000000 0.000000 -10477.017285 0.556688 -10476.373940 1.785853 -10477.680126 2.448695 0.556688 0.662841 0.556688 1.599490   1   2  -1 
2456467.830702 0.000000 0.000000 -10477.517838 0.592918 -10476.373940 1.787153 -10477.676501 1.945816 0.592918 0.158663 0.592918 1.599490   1   2  -1 
2456467.830702 0.000000 0.000000 -10477.517838 0.592918 -10476.373940 1.787153 -10477.676501 1.945816 0.592918 0.158663 0.592918 1.599490   1   2  -1 
2456473.860840 0.000000 0.000000 -10476.447652 0.525661 -10476.373940 1.061201 -10474.647925 -0.738526 0.525661 -1.799727 0.525661 1.599490   1   2  -1 
2456473.860840 0.000000 0.000000 -10476.447652 0.525661 -10476.373940 1.061201 -10474.647925 -0.738526 0.525661 -1.799727 0.525661 1.599490   1   2  -1 
2456473.864821 0.000000 0.000000 -10476.577531 0.508451 -10476.373940 1.062806 -10474.646010 -0.868715 0.508451 -1.931521 0.508451 1.599490   1   2  -1 
2456473.864821 0.000000 0.000000 -10476.577531 0.508451 -10476.373940 1.062806 -10474.646010 -0.868715 0.508451 -1.931521 0.508451 1.599490   1   2  -1 
2456473.868595 0.000000 0.000000 -10477.152422 0.549460 -10476.373940 1.064335 -10474.644190 -1.443897 0.549460 -2.508232 0.549460 1.599490   1   2  -1 
2456473.868595 0.000000 0.000000 -10477.152422 0.549460 -10476.373940 1.064335 -10474.644190 -1.443897 0.549460 -2.508232 0.549460 1.599490   1   2  -1 
2456480.776552 0.000000 0.000000 -10477.791088 0.498216 -10476.373940 1.501068 -10477.116308 0.826289 0.498216 -0.674780 0.498216 1.599490   1   2  -1 
2456480.776552 0.000000 0.000000 -10477.791088 0.498216 -10476.373940 1.501068 -10477.116308 0.826289 0.498216 -0.674780 0.498216 1.599490   1   2  -1 
2456480.782281 0.000000 0.000000 -10479.026503 0.462663 -10476.373940 1.502604 -10477.114609 -0.409290 0.462663 -1.911894 0.462663 1.599490   1   2  -1 
2456480.782281 0.000000 0.000000 -10479.026503 0.462663 -10476.373940 1.502604 -10477.114609 -0.409290 0.462663 -1.911894 0.462663 1.599490   1   2  -1 
2456481.631506 0.000000 0.000000 -10479.243238 0.620379 -10476.373940 1.757735 -10476.553231 -0.932271 0.620379 -2.690007 0.620379 1.599490   1   2  -1 
2456481.631506 0.000000 0.000000 -10479.243238 0.620379 -10476.373940 1.757735 -10476.553231 -0.932271 0.620379 -2.690007 0.620379 1.599490   1   2  -1 
2456481.637189 0.000000 0.000000 -10479.719427 0.629706 -10476.373940 1.759329 -10476.547737 -1.412362 0.629706 -3.171690 0.629706 1.599490   1   2  -1 
2456481.637189 0.000000 0.000000 -10479.719427 0.629706 -10476.373940 1.759329 -10476.547737 -1.412362 0.629706 -3.171690 0.629706 1.599490   1   2  -1 
2456501.599929 0.000000 0.000000 -10471.824389 0.315832 -10476.373940 2.438213 -10473.359165 3.972989 0.315832 1.534776 0.315832 1.599490   1   2  -1 
2456501.599929 0.000000 0.000000 -10471.824389 0.315832 -10476.373940 2.438213 -10473.359165 3.972989 0.315832 1.534776 0.315832 1.599490   1   2  -1 
2456523.744316 0.000000 0.000000 -10476.503679 0.283739 -10476.373940 0.861621 -10476.480661 0.838603 0.283739 -0.023018 0.283739 1.599490   1   2  -1 
2456523.744316 0.000000 0.000000 -10476.503679 0.283739 -10476.373940 0.861621 -10476.480661 0.838603 0.283739 -0.023018 0.283739 1.599490   1   2  -1 
2456524.691276 0.000000 0.000000 -10475.914483 0.351566 -10476.373940 1.058774 -10476.335253 1.479543 0.351566 0.420770 0.351566 1.599490   1   2  -1 
2456524.691276 0.000000 0.000000 -10475.914483 0.351566 -10476.373940 1.058774 -10476.335253 1.479543 0.351566 0.420770 0.351566 1.599490   1   2  -1 
2456524.696693 0.000000 0.000000 -10476.491657 0.358347 -10476.373940 1.060426 -10476.332179 0.900948 0.358347 -0.159478 0.358347 1.599490   1   2  -1 
2456524.696693 0.000000 0.000000 -10476.491657 0.358347 -10476.373940 1.060426 -10476.332179 0.900948 0.358347 -0.159478 0.358347 1.599490   1   2  -1 
2456525.743740 0.000000 0.000000 -10476.578898 0.318867 -10476.373940 1.409004 -10475.455991 0.286097 0.318867 -1.122907 0.318867 1.599490   1   2  -1 
2456525.743740 0.000000 0.000000 -10476.578898 0.318867 -10476.373940 1.409004 -10475.455991 0.286097 0.318867 -1.122907 0.318867 1.599490   1   2  -1 
2456569.534062 0.000000 0.000000 -10476.206904 0.538465 -10476.373940 2.781403 -10475.208185 1.782684 0.538465 -0.998719 0.538465 1.599490   1   2  -1 
2456569.534062 0.000000 0.000000 -10476.206904 0.538465 -10476.373940 2.781403 -10475.208185 1.782684 0.538465 -0.998719 0.538465 1.599490   1   2  -1 
2456585.564665 0.000000 0.000000 -10473.765867 0.427831 -10476.373940 -0.102351 -10474.158375 0.290157 0.427831 0.392508 0.427831 1.599490   1   2  -1 
2456585.564665 0.000000 0.000000 -10473.765867 0.427831 -10476.373940 -0.102351 -10474.158375 0.290157 0.427831 0.392508 0.427831 1.599490   1   2  -1 
2456585.568473 0.000000 0.000000 -10475.180778 0.414412 -10476.373940 -0.101669 -10474.154483 -1.127964 0.414412 -1.026295 0.414412 1.599490   1   2  -1 
2456585.568473 0.000000 0.000000 -10475.180778 0.414412 -10476.373940 -0.101669 -10474.154483 -1.127964 0.414412 -1.026295 0.414412 1.599490   1   2  -1 
2456585.572350 0.000000 0.000000 -10474.743998 0.423051 -10476.373940 -0.100972 -10474.150524 -0.694447 0.423051 -0.593474 0.423051 1.599490   1   2  -1 
2456585.572350 0.000000 0.000000 -10474.743998 0.423051 -10476.373940 -0.100972 -10474.150524 -0.694447 0.423051 -0.593474 0.423051 1.599490   1   2  -1 
2456586.547688 0.000000 0.000000 -10474.360620 0.464286 -10476.373940 0.108642 -10473.268951 -0.983027 0.464286 -1.091669 0.464286 1.599490   1   2  -1 
2456586.547688 0.000000 0.000000 -10474.360620 0.464286 -10476.373940 0.108642 -10473.268951 -0.983027 0.464286 -1.091669 0.464286 1.599490   1   2  -1 
2456586.551530 0.000000 0.000000 -10474.580572 0.496503 -10476.373940 0.109506 -10473.266036 -1.205031 0.496503 -1.314536 0.496503 1.599490   1   2  -1 
2456586.551530 0.000000 0.000000 -10474.580572 0.496503 -10476.373940 0.109506 -10473.266036 -1.205031 0.496503 -1.314536 0.496503 1.599490   1   2  -1 
2456586.555442 0.000000 0.000000 -10475.256026 0.515154 -10476.373940 0.110385 -10473.263073 -1.882569 0.515154 -1.992953 0.515154 1.599490   1   2  -1 
2456586.555442 0.000000 0.000000 -10475.256026 0.515154 -10476.373940 0.110385 -10473.263073 -1.882569 0.515154 -1.992953 0.515154 1.599490   1   2  -1 
2456590.510961 0.000000 0.000000 -10473.364197 0.683759 -10476.373940 1.022153 -10472.757727 0.415683 0.683759 -0.606470 0.683759 1.599490   1   2  -1 
2456590.510961 0.000000 0.000000 -10473.364197 0.683759 -10476.373940 1.022153 -10472.757727 0.415683 0.683759 -0.606470 0.683759 1.599490   1   2  -1 
2456590.514943 0.000000 0.000000 -10471.788641 0.761395 -10476.373940 1.024280 -10472.758497 1.994136 0.761395 0.969856 0.761395 1.599490   1   2  -1 
2456590.514943 0.000000 0.000000 -10471.788641 0.761395 -10476.373940 1.024280 -10472.758497 1.994136 0.761395 0.969856 0.761395 1.599490   1   2  -1 
2456590.518611 0.000000 0.000000 -10472.177822 0.643858 -10476.373940 1.026243 -10472.759206 1.607627 0.643858 0.581384 0.643858 1.599490   1   2  -1 
2456590.518611 0.000000 0.000000 -10472.177822 0.643858 -10476.373940 1.026243 -10472.759206 1.607627 0.643858 0.581384 0.643858 1.599490   1   2  -1 
2456765.917789 0.000000 0.000000 -10478.736988 0.356105 -10476.373940 1.104800 -10478.020919 0.388731 0.356105 -0.716069 0.356105 1.599490   1   2  -1 
2456765.917789 0.000000 0.000000 -10478.736988 0.356105 -10476.373940 1.104800 -10478.020919 0.388731 0.356105 -0.716069 0.356105 1.599490   1   2  -1 
2456765.923021 0.000000 0.000000 -10479.356033 0.359343 -10476.373940 1.106362 -10478.023707 -0.225964 0.359343 -1.332326 0.359343 1.599490   1   2  -1 
2456765.923021 0.000000 0.000000 -10479.356033 0.359343 -10476.373940 1.106362 -10478.023707 -0.225964 0.359343 -1.332326 0.359343 1.599490   1   2  -1 
2456789.854143 0.000000 0.000000 -10471.510093 0.391560 -10476.373940 2.072932 -10471.190600 1.753439 0.391560 -0.319493 0.391560 1.599490   1   2  -1 
2456789.854143 0.000000 0.000000 -10471.510093 0.391560 -10476.373940 2.072932 -10471.190600 1.753439 0.391560 -0.319493 0.391560 1.599490   1   2  -1 
2456789.859722 0.000000 0.000000 -10471.639643 0.405092 -10476.373940 2.074746 -10471.191297 1.626401 0.405092 -0.448346 0.405092 1.599490   1   2  -1 
2456789.859722 0.000000 0.000000 -10471.639643 0.405092 -10476.373940 2.074746 -10471.191297 1.626401 0.405092 -0.448346 0.405092 1.599490   1   2  -1 
2456806.890179 0.000000 0.000000 -10477.728101 0.424327 -10476.373940 1.663107 -10476.240788 0.175794 0.424327 -1.487313 0.424327 1.599490   1   2  -1 
2456806.890179 0.000000 0.000000 -10477.728101 0.424327 -10476.373940 1.663107 -10476.240788 0.175794 0.424327 -1.487313 0.424327 1.599490   1   2  -1 
2456829.893363 0.000000 0.000000 -10474.769093 0.272363 -10476.373940 0.860459 -10473.963553 0.054919 0.272363 -0.805540 0.272363 1.599490   1   2  -1 
2456829.893363 0.000000 0.000000 -10474.769093 0.272363 -10476.373940 0.860459 -10473.963553 0.054919 0.272363 -0.805540 0.272363 1.599490   1   2  -1 
2456857.748704 0.000000 0.000000 -10473.725387 0.458440 -10476.373940 0.655631 -10472.881234 -0.188522 0.458440 -0.844153 0.458440 1.599490   1   2  -1 
2456857.748704 0.000000 0.000000 -10473.725387 0.458440 -10476.373940 0.655631 -10472.881234 -0.188522 0.458440 -0.844153 0.458440 1.599490   1   2  -1 
2456857.754433 0.000000 0.000000 -10473.163228 0.448012 -10476.373940 0.656359 -10472.879001 0.372132 0.448012 -0.284227 0.448012 1.599490   1   2  -1 
2456857.754433 0.000000 0.000000 -10473.163228 0.448012 -10476.373940 0.656359 -10472.879001 0.372132 0.448012 -0.284227 0.448012 1.599490   1   2  -1 
2456866.784629 0.000000 0.000000 -10479.134302 0.372433 -10476.373940 0.702565 -10478.844021 0.412284 0.372433 -0.290281 0.372433 1.599490   1   2  -1 
2456866.784629 0.000000 0.000000 -10479.134302 0.372433 -10476.373940 0.702565 -10478.844021 0.412284 0.372433 -0.290281 0.372433 1.599490   1   2  -1 
2456896.727940 0.000000 0.000000 -10476.588857 0.526898 -10476.373940 2.673411 -10475.586527 1.671081 0.526898 -1.002330 0.526898 1.599490   1   2  -1 
2456896.727940 0.000000 0.000000 -10476.588857 0.526898 -10476.373940 2.673411 -10475.586527 1.671081 0.526898 -1.002330 0.526898 1.599490   1   2  -1 
2456896.733287 0.000000 0.000000 -10476.057196 0.651138 -10476.373940 2.676036 -10475.581047 2.199887 0.651138 -0.476149 0.651138 1.599490   1   2  -1 
2456896.733287 0.000000 0.000000 -10476.057196 0.651138 -10476.373940 2.676036 -10475.581047 2.199887 0.651138 -0.476149 0.651138 1.599490   1   2  -1 
2457146.919889 0.000000 0.000000 -10475.918297 0.272209 -10476.373940 2.301204 -10473.077819 -0.539274 0.272209 -2.840478 0.272209 1.599490   1   2  -1 
2457146.919889 0.000000 0.000000 -10475.918297 0.272209 -10476.373940 2.301204 -10473.077819 -0.539274 0.272209 -2.840478 0.272209 1.599490   1   2  -1 
2457176.844500 0.000000 0.000000 -10464.313000 0.241278 -10460.971780 -1.660783 -10462.776768 -3.197016 0.241278 -1.536232 0.241278 1.599490   1   3  -1 
2457176.844500 0.000000 0.000000 -10464.313000 0.241278 -10460.971780 -1.660783 -10462.776768 -3.197016 0.241278 -1.536232 0.241278 1.599490   1   3  -1 
2457180.950532 0.000000 0.000000 -10468.297390 0.305748 -10460.971780 -1.834387 -10465.574740 -4.557038 0.305748 -2.722650 0.305748 1.599490   1   3  -1 
2457180.950532 0.000000 0.000000 -10468.297390 0.305748 -10460.971780 -1.834387 -10465.574740 -4.557038 0.305748 -2.722650 0.305748 1.599490   1   3  -1 
2457180.956053 0.000000 0.000000 -10469.641714 0.321155 -10460.971780 -1.835901 -10465.576491 -5.901124 0.321155 -4.065223 0.321155 1.599490   1   3  -1 
2457180.956053 0.000000 0.000000 -10469.641714 0.321155 -10460.971780 -1.835901 -10465.576491 -5.901124 0.321155 -4.065223 0.321155 1.599490   1   3  -1 
2457257.708144 0.000000 0.000000 -10458.156667 0.478548 -10460.971780 1.415257 -10456.622191 -0.119218 0.478548 -1.534476 0.478548 1.599490   1   3  -1 
2457257.708144 0.000000 0.000000 -10458.156667 0.478548 -10460.971780 1.415257 -10456.622191 -0.119218 0.478548 -1.534476 0.478548 1.599490   1   3  -1 
2457257.713815 0.000000 0.000000 -10458.308869 0.515819 -10460.971780 1.414389 -10456.620620 -0.273860 0.515819 -1.688249 0.515819 1.599490   1   3  -1 
2457257.713815 0.000000 0.000000 -10458.308869 0.515819 -10460.971780 1.414389 -10456.620620 -0.273860 0.515819 -1.688249 0.515819 1.599490   1   3  -1 
2457307.523708 0.000000 0.000000 -10460.965808 0.284606 -10460.971780 1.102731 -10461.899841 2.036764 0.284606 0.934033 0.284606 1.599490   1   3  -1 
2457307.523708 0.000000 0.000000 -10460.965808 0.284606 -10460.971780 1.102731 -10461.899841 2.036764 0.284606 0.934033 0.284606 1.599490   1   3  -1 
2457307.529113 0.000000 0.000000 -10461.174528 0.295801 -10460.971780 1.103774 -10461.903991 1.833236 0.295801 0.729463 0.295801 1.599490   1   3  -1 
2457307.529113 0.000000 0.000000 -10461.174528 0.295801 -10460.971780 1.103774 -10461.903991 1.833236 0.295801 0.729463 0.295801 1.599490   1   3  -1 
2457675.588735 0.000000 0.000000 -10454.424591 0.266631 -10460.971780 1.823492 -10458.807059 6.205960 0.266631 4.382468 0.266631 1.599490   1   3  -1 
2457675.588735 0.000000 0.000000 -10454.424591 0.266631 -10460.971780 1.823492 -10458.807059 6.205960 0.266631 4.382468 0.266631 1.599490   1   3  -1 
2457879.840329 0.000000 0.000000 -10463.101417 0.420408 -10460.971780 -0.469234 -10463.939482 0.368831 0.420408 0.838065 0.420408 1.599490   1   3  -1 
2457879.840329 0.000000 0.000000 -10463.101417 0.420408 -10460.971780 -0.469234 -10463.939482 0.368831 0.420408 0.838065 0.420408 1.599490   1   3  -1 
2457943.770578 0.000000 0.000000 -10457.458256 0.227044 -10460.971780 2.269723 -10458.553271 3.364738 0.227044 1.095015 0.227044 1.599490   1   3  -1 
2457943.770578 0.000000 0.000000 -10457.458256 0.227044 -10460.971780 2.269723 -10458.553271 3.364738 0.227044 1.095015 0.227044 1.599490   1   3  -1 
2457968.637355 0.000000 0.000000 -10461.424457 0.383012 -10460.971780 0.970234 -10462.129625 1.675402 0.383012 0.705168 0.383012 1.599490   1   3  -1 
2457968.637355 0.000000 0.000000 -10461.424457 0.383012 -10460.971780 0.970234 -10462.129625 1.675402 0.383012 0.705168 0.383012 1.599490   1   3  -1 
2460042.883932 0.000000 0.000000 -10467.619651 0.097183 -10468.496799 0.390417 -10468.230571 1.001337 0.097183 0.610920 0.097183 0.980722   0   1  -1 
2460042.889532 0.000000 0.000000 -10467.826807 0.098837 -10468.496799 0.389118 -10468.228491 0.790802 0.098837 0.401684 0.098837 0.980722   0   1  -1 
2460043.870973 0.000000 0.000000 -10467.810891 0.115769 -10468.496799 0.230178 -10467.897178 0.316465 0.115769 0.086287 0.115769 0.980722   0   1  -1 
2460043.876677 0.000000 0.000000 -10467.827764 0.107743 -10468.496799 0.229619 -10467.895497 0.297352 0.107743 0.067733 0.107743 0.980722   0   1  -1 
2460044.793251 0.000000 0.000000 -10466.216747 0.119007 -10468.496799 0.178767 -10467.677222 1.639242 0.119007 1.460475 0.119007 0.980722   0   1  -1 
2460044.798982 0.000000 0.000000 -10466.355629 0.118254 -10468.496799 0.178633 -10467.676230 1.499235 0.118254 1.320601 0.118254 0.980722   0   1  -1 
2460045.773704 0.000000 0.000000 -10468.947680 0.263543 -10468.496799 0.166914 -10467.592957 -1.187808 0.263543 -1.354723 0.263543 0.980722   0   1  -1 
2460045.779649 0.000000 0.000000 -10468.728031 0.178179 -10468.496799 0.166846 -10467.593022 -0.968163 0.178179 -1.135009 0.178179 0.980722   0   1  -1 
2460046.786658 0.000000 0.000000 -10466.718679 0.108298 -10468.496799 0.139393 -10467.717430 1.138144 0.108298 0.998751 0.108298 0.980722   0   1  -1 
2460046.792204 0.000000 0.000000 -10467.571100 0.100449 -10468.496799 0.139133 -10467.718758 0.286791 0.100449 0.147658 0.100449 0.980722   0   1  -1 
2460047.789500 0.000000 0.000000 -10468.079684 0.107918 -10468.496799 0.074513 -10468.071040 0.065869 0.107918 -0.008644 0.107918 0.980722   0   1  -1 
2460047.795047 0.000000 0.000000 -10468.412170 0.104000 -10468.496799 0.074084 -10468.073606 -0.264480 0.104000 -0.338564 0.104000 0.980722   0   1  -1 
2460048.783364 0.000000 0.000000 -10468.577566 0.129590 -10468.496799 0.002559 -10468.623484 0.048476 0.129590 0.045918 0.129590 0.980722   0   1  -1 
2460048.789012 0.000000 0.000000 -10468.027070 0.120793 -10468.496799 0.002238 -10468.627102 0.602270 0.120793 0.600032 0.120793 0.980722   0   1  -1 
2460049.801102 0.000000 0.000000 -10468.921797 0.111941 -10468.496799 -0.017152 -10469.340393 0.401444 0.111941 0.418596 0.111941 0.980722   0   1  -1 
2460049.806533 0.000000 0.000000 -10469.044553 0.118675 -10468.496799 -0.017001 -10469.344501 0.282947 0.118675 0.299948 0.118675 0.980722   0   1  -1 
2460050.776767 0.000000 0.000000 -10470.880979 0.110463 -10468.496799 0.063607 -10470.099238 -0.718134 0.110463 -0.781741 0.110463 0.980722   0   1  -1 
2460050.782471 0.000000 0.000000 -10470.587932 0.106168 -10468.496799 0.064399 -10470.103698 -0.419835 0.106168 -0.484234 0.106168 0.980722   0   1  -1 
2460068.823617 0.000000 0.000000 -10467.442048 0.125458 -10468.496799 0.602483 -10468.446233 1.606668 0.125458 1.004185 0.125458 0.980722   0   1  -1 
2460068.829253 0.000000 0.000000 -10468.177705 0.157911 -10468.496799 0.601562 -10468.444313 0.868171 0.157911 0.266608 0.157911 0.980722   0   1  -1 
2460073.775251 0.000000 0.000000 -10468.691416 0.136518 -10468.496799 -1.182145 -10467.974204 -1.899357 0.136518 -0.717212 0.136518 0.980722   0   1  -1 
2460073.780774 0.000000 0.000000 -10468.532442 0.124641 -10468.496799 -1.181797 -10467.974051 -1.740189 0.124641 -0.558391 0.124641 0.980722   0   1  -1 
2460076.728213 0.000000 0.000000 -10468.677012 0.126723 -10468.496799 -0.419513 -10468.160477 -0.936048 0.126723 -0.516535 0.126723 0.980722   0   1  -1 
2460076.733797 0.000000 0.000000 -10468.420636 0.121235 -10468.496799 -0.417520 -10468.161852 -0.676304 0.121235 -0.258784 0.121235 0.980722   0   1  -1 
2460077.755001 0.000000 0.000000 -10469.796842 0.156253 -10468.496799 -0.033078 -10468.496191 -1.333729 0.156253 -1.300651 0.156253 0.980722   0   1  -1 
2460077.760768 0.000000 0.000000 -10469.832216 0.150546 -10468.496799 -0.030824 -10468.498579 -1.364461 0.150546 -1.333637 0.150546 0.980722   0   1  -1 
2460078.818364 0.000000 0.000000 -10470.121344 0.118065 -10468.496799 0.371746 -10469.052303 -0.697295 0.118065 -1.069041 0.118065 0.980722   0   1  -1 
2460078.823976 0.000000 0.000000 -10470.631326 0.115757 -10468.496799 0.373712 -10469.055920 -1.201694 0.115757 -1.575406 0.115757 0.980722   0   1  -1 
2460079.846559 0.000000 0.000000 -10469.784428 0.112864 -10468.496799 0.659464 -10469.840009 0.715045 0.112864 0.055581 0.112864 0.980722   0   1  -1 
2460079.852048 0.000000 0.000000 -10469.613740 0.114319 -10468.496799 0.660516 -10469.844804 0.891580 0.114319 0.231064 0.114319 0.980722   0   1  -1 
2460080.730235 0.000000 0.000000 -10469.772583 0.121764 -10468.496799 0.754098 -10470.632283 1.613798 0.121764 0.859700 0.121764 0.980722   0   1  -1 
2460080.735864 0.000000 0.000000 -10469.610615 0.112383 -10468.496799 0.754258 -10470.637144 1.780787 0.112383 1.026529 0.112383 0.980722   0   1  -1 
2460082.755256 0.000000 0.000000 -10469.121371 0.143393 -10468.496799 0.828960 -10471.105043 2.812633 0.143393 1.983672 0.143393 0.980722   0   1  -1 
2460082.760842 0.000000 0.000000 -10468.518798 0.129661 -10468.496799 0.830285 -10471.101055 3.412542 0.129661 2.582257 0.129661 0.980722   0   1  -1 
2460085.681985 0.000000 0.000000 -10469.405639 0.182782 -10468.496799 3.073525 -10466.188492 -0.143622 0.182782 -3.217147 0.182782 0.980722   0   1  -1 
2460085.687655 0.000000 0.000000 -10468.302871 0.192173 -10468.496799 3.078658 -10466.178318 0.954105 0.192173 -2.124553 0.192173 0.980722   0   1  -1 
2460086.748603 0.000000 0.000000 -10463.771857 0.096592 -10468.496799 3.729918 -10464.704982 4.663043 0.096592 0.933125 0.096592 0.980722   0   1  -1 
2460086.754324 0.000000 0.000000 -10464.310069 0.104158 -10468.496799 3.731295 -10464.699846 4.121072 0.104158 0.389777 0.104158 0.980722   0   1  -1 
2460199.601214 0.000000 0.000000 -10467.857782 0.194625 -10468.496799 -1.918729 -10468.761089 -1.015422 0.194625 0.903307 0.194625 0.980722   0   1  -1 
2460199.607025 0.000000 0.000000 -10469.302924 0.190719 -10468.496799 -1.915776 -10468.752341 -2.466359 0.190719 -0.550583 0.190719 0.980722   0   1  -1 
2460201.515076 0.000000 0.000000 -10466.554990 0.136306 -10468.496799 -1.121707 -10466.660530 -1.016166 0.136306 0.105540 0.136306 0.980722   0   1  -1 
2460201.520627 0.000000 0.000000 -10466.389365 0.147106 -10468.496799 -1.120046 -10466.656936 -0.852474 0.147106 0.267571 0.147106 0.980722   0   1  -1 
2460202.533617 0.000000 0.000000 -10465.659465 0.116368 -10468.496799 -0.853636 -10466.208584 -0.304517 0.116368 0.549119 0.116368 0.980722   0   1  -1 
2460202.539273 0.000000 0.000000 -10465.508485 0.110234 -10468.496799 -0.852257 -10466.207108 -0.153634 0.110234 0.698623 0.110234 0.980722   0   1  -1 
2460203.571018 0.000000 0.000000 -10465.844882 0.168626 -10468.496799 -0.591964 -10466.086082 -0.350764 0.168626 0.241200 0.168626 0.980722   0   1  -1 
2460203.577196 0.000000 0.000000 -10465.648256 0.180164 -10468.496799 -0.590305 -10466.086157 -0.152404 0.180164 0.437901 0.180164 0.980722   0   1  -1 
2460204.530857 0.000000 0.000000 -10467.427115 0.098515 -10468.496799 -0.320135 -10466.202654 -1.544596 0.098515 -1.224461 0.098515 0.980722   0   1  -1 
2460204.536387 0.000000 0.000000 -10466.800940 0.104273 -10468.496799 -0.318517 -10466.203946 -0.915511 0.104273 -0.596994 0.104273 0.980722   0   1  -1 
2460205.516019 0.000000 0.000000 -10468.149301 0.122140 -10468.496799 -0.037109 -10466.553505 -1.632906 0.122140 -1.595796 0.122140 0.980722   0   1  -1 
2460205.521490 0.000000 0.000000 -10467.759986 0.108265 -10468.496799 -0.035598 -10466.556149 -1.239435 0.108265 -1.203837 0.108265 0.980722   0   1  -1 
2460206.534104 0.000000 0.000000 -10467.984215 0.123507 -10468.496799 0.233243 -10467.172581 -0.578391 0.123507 -0.811634 0.123507 0.980722   0   1  -1 
2460206.539634 0.000000 0.000000 -10467.395836 0.112931 -10468.496799 0.234699 -10467.176575 0.015439 0.112931 -0.219261 0.112931 0.980722   0   1  -1 
2460208.612713 0.000000 0.000000 -10467.863703 0.119086 -10468.496799 0.997247 -10468.800174 1.933718 0.119086 0.936471 0.119086 0.980722   0   1  -1 
2460208.618030 0.000000 0.000000 -10468.124237 0.122661 -10468.496799 1.000150 -10468.803740 1.679652 0.122661 0.679503 0.122661 0.980722   0   1  -1 
2460209.504007 0.000000 0.000000 -10468.350357 0.247406 -10468.496799 1.561756 -10469.240784 2.452184 0.247406 0.890427 0.247406 0.980722   0   1  -1 
2460209.509978 0.000000 0.000000 -10468.742438 0.220522 -10468.496799 1.565992 -10469.242421 2.065976 0.220522 0.499983 0.220522 0.980722   0   1  -1 
2460210.587394 0.000000 0.000000 -10468.232795 0.137683 -10468.496799 2.360868 -10469.159460 3.287532 0.137683 0.926665 0.137683 0.980722   0   1  -1 
2460210.593026 0.000000 0.000000 -10467.916827 0.147704 -10468.496799 2.364911 -10469.156955 3.605038 0.147704 1.240128 0.147704 0.980722   0   1  -1 
2460211.516295 0.000000 0.000000 -10469.090653 0.190231 -10468.496799 2.934564 -10468.503936 2.347847 0.190231 -0.586717 0.190231 0.980722   0   1  -1 
2460211.522268 0.000000 0.000000 -10468.782398 0.153085 -10468.496799 2.937425 -10468.498515 2.653543 0.153085 -0.283883 0.153085 0.980722   0   1  -1 
