# time Tc_folded Tref_folded value value_err offset model full_model val_compare val_compare_err residuals residuals_err jitter jitter_flag offset_flag subset_flag 
2455480.529186 2.614772 0.000000 -10482.960657 0.485677 -10476.373940 -2.368353 -10480.198484 -5.130527 0.485677 -2.762173 0.485677 1.599490   1   2  -1 
2455480.529186 2.614772 0.000000 -10482.960657 0.485677 -10476.373940 -2.368353 -10480.198484 -5.130527 0.485677 -2.762173 0.485677 1.599490   1   2  -1 
2455480.532970 2.618556 0.000265 -10481.678693 0.440084 -10476.373940 -2.369174 -10480.197227 -3.850640 0.440084 -1.481466 0.440084 1.599490   1   2  -1 
2455480.532970 2.618556 0.000265 -10481.678693 0.440084 -10476.373940 -2.369174 -10480.197227 -3.850640 0.440084 -1.481466 0.440084 1.599490   1   2  -1 
2455480.536778 2.622364 0.000531 -10480.431449 0.465046 -10476.373940 -2.369989 -10480.195956 -2.605483 0.465046 -0.235493 0.465046 1.599490   1   2  -1 
2455480.536778 2.622364 0.000531 -10480.431449 0.465046 -10476.373940 -2.369989 -10480.195956 -2.605483 0.465046 -0.235493 0.465046 1.599490   1   2  -1 
2455482.554786 4.640372 0.141753 -10476.128743 0.353905 -10476.373940 -1.411095 -10478.397588 0.857749 0.353905 2.268845 0.353905 1.599490   1   2  -1 
2455482.554786 4.640372 0.141753 -10476.128743 0.353905 -10476.373940 -1.411095 -10478.397588 0.857749 0.353905 2.268845 0.353905 1.599490   1   2  -1 
2455484.542056 6.627642 0.280823 -10475.755433 0.514319 -10476.373940 0.466383 -10476.015528 0.726478 0.514319 0.260095 0.514319 1.599490   1   2  -1 
2455484.542056 6.627642 0.280823 -10475.755433 0.514319 -10476.373940 0.466383 -10476.015528 0.726478 0.514319 0.260095 0.514319 1.599490   1   2  -1 
2455484.545828 6.631414 0.281087 -10473.332240 0.532707 -10476.373940 0.469364 -10476.012266 3.149391 0.532707 2.680026 0.532707 1.599490   1   2  -1 
2455484.545828 6.631414 0.281087 -10473.332240 0.532707 -10476.373940 0.469364 -10476.012266 3.149391 0.532707 2.680026 0.532707 1.599490   1   2  -1 
2455484.549671 6.635257 0.281356 -10474.438386 0.508347 -10476.373940 0.472398 -10476.008951 2.042963 0.508347 1.570565 0.508347 1.599490   1   2  -1 
2455484.549671 6.635257 0.281356 -10474.438386 0.508347 -10476.373940 0.472398 -10476.008951 2.042963 0.508347 1.570565 0.508347 1.599490   1   2  -1 
2455485.527184 -6.676913 0.349763 -10473.605978 0.432034 -10476.373940 1.126823 -10475.414250 2.935096 0.432034 1.808272 0.432034 1.599490   1   2  -1 
2455485.527184 -6.676913 0.349763 -10473.605978 0.432034 -10476.373940 1.126823 -10475.414250 2.935096 0.432034 1.808272 0.432034 1.599490   1   2  -1 
2455485.532971 -6.671126 0.350168 -10471.997247 0.445706 -10476.373940 1.129989 -10475.412221 4.544963 0.445706 3.414974 0.445706 1.599490   1   2  -1 
2455485.532971 -6.671126 0.350168 -10471.997247 0.445706 -10476.373940 1.129989 -10475.412221 4.544963 0.445706 3.414974 0.445706 1.599490   1   2  -1 
2455487.543214 -4.660883 0.490846 -10473.844627 0.404437 -10476.373940 1.742225 -10475.532279 3.429877 0.404437 1.687652 0.404437 1.599490   1   2  -1 
2455487.543214 -4.660883 0.490846 -10473.844627 0.404437 -10476.373940 1.742225 -10475.532279 3.429877 0.404437 1.687652 0.404437 1.599490   1   2  -1 
2455487.548897 -4.655200 0.491243 -10473.904015 0.401767 -10476.373940 1.742635 -10475.534208 3.372828 0.401767 1.630193 0.401767 1.599490   1   2  -1 
2455487.548897 -4.655200 0.491243 -10473.904015 0.401767 -10476.373940 1.742635 -10475.534208 3.372828 0.401767 1.630193 0.401767 1.599490   1   2  -1 
2455493.544252 1.340155 0.910802 -10479.814585 0.396600 -10476.373940 -1.597084 -10480.585883 -0.825787 0.396600 0.771298 0.396600 1.599490   1   2  -1 
2455493.544252 1.340155 0.910802 -10479.814585 0.396600 -10476.373940 -1.597084 -10480.585883 -0.825787 0.396600 0.771298 0.396600 1.599490   1   2  -1 
2455493.550478 1.346381 0.911237 -10480.900282 0.405220 -10476.373940 -1.602592 -10480.593904 -1.908970 0.405220 -0.306378 0.405220 1.599490   1   2  -1 
2455493.550478 1.346381 0.911237 -10480.900282 0.405220 -10476.373940 -1.602592 -10480.593904 -1.908970 0.405220 -0.306378 0.405220 1.599490   1   2  -1 
2455495.535877 3.331780 0.050177 -10480.826331 0.401246 -10476.373940 -2.329479 -10482.037182 -1.118627 0.401246 1.210851 0.401246 1.599490   1   2  -1 
2455495.535877 3.331780 0.050177 -10480.826331 0.401246 -10476.373940 -2.329479 -10482.037182 -1.118627 0.401246 1.210851 0.401246 1.599490   1   2  -1 
2455495.541664 3.337567 0.050582 -10480.647538 0.425418 -10476.373940 -2.327584 -10482.037218 -0.937905 0.425418 1.389680 0.425418 1.599490   1   2  -1 
2455495.541664 3.337567 0.050582 -10480.647538 0.425418 -10476.373940 -2.327584 -10482.037218 -0.937905 0.425418 1.389680 0.425418 1.599490   1   2  -1 
2455498.517820 6.313723 0.258855 -10479.650410 0.663846 -10476.373940 0.206849 -10480.721213 1.277652 0.663846 1.070803 0.663846 1.599490   1   2  -1 
2455498.517820 6.313723 0.258855 -10479.650410 0.663846 -10476.373940 0.206849 -10480.721213 1.277652 0.663846 1.070803 0.663846 1.599490   1   2  -1 
2455498.523445 6.319348 0.259248 -10478.978096 0.600098 -10476.373940 0.211692 -10480.718862 1.952458 0.600098 1.740766 0.600098 1.599490   1   2  -1 
2455498.523445 6.319348 0.259248 -10478.978096 0.600098 -10476.373940 0.211692 -10480.718862 1.952458 0.600098 1.740766 0.600098 1.599490   1   2  -1 
2455500.544007 -5.949773 0.400648 -10479.588979 0.341836 -10476.373940 1.459822 -10480.086475 1.957318 0.341836 0.497496 0.341836 1.599490   1   2  -1 
2455500.544007 -5.949773 0.400648 -10479.588979 0.341836 -10476.373940 1.459822 -10480.086475 1.957318 0.341836 0.497496 0.341836 1.599490   1   2  -1 
2455500.549389 -5.944391 0.401025 -10479.646223 0.372174 -10476.373940 1.461807 -10480.085202 1.900785 0.372174 0.438979 0.372174 1.599490   1   2  -1 
2455500.549389 -5.944391 0.401025 -10479.646223 0.372174 -10476.373940 1.461807 -10480.085202 1.900785 0.372174 0.438979 0.372174 1.599490   1   2  -1 
2455501.547102 -4.946678 0.470845 -10479.228913 0.302659 -10476.373940 1.712327 -10479.899599 2.383013 0.302659 0.670686 0.302659 1.599490   1   2  -1 
2455501.547102 -4.946678 0.470845 -10479.228913 0.302659 -10476.373940 1.712327 -10479.899599 2.383013 0.302659 0.670686 0.302659 1.599490   1   2  -1 
2455501.552738 -4.941042 0.471240 -10480.110772 0.289222 -10476.373940 1.713094 -10479.898922 1.501244 0.289222 -0.211850 0.289222 1.599490   1   2  -1 
2455501.552738 -4.941042 0.471240 -10480.110772 0.289222 -10476.373940 1.713094 -10479.898922 1.501244 0.289222 -0.211850 0.289222 1.599490   1   2  -1 
2455505.514789 -0.978991 0.748506 -10479.788974 0.344263 -10476.373940 0.505872 -10481.072124 1.789022 0.344263 1.283150 0.344263 1.599490   1   2  -1 
2455505.514789 -0.978991 0.748506 -10479.788974 0.344263 -10476.373940 0.505872 -10481.072124 1.789022 0.344263 1.283150 0.344263 1.599490   1   2  -1 
2455505.520425 -0.973355 0.748901 -10479.398339 0.340728 -10476.373940 0.501641 -10481.075425 2.178727 0.340728 1.677086 0.340728 1.599490   1   2  -1 
2455505.520425 -0.973355 0.748901 -10479.398339 0.340728 -10476.373940 0.501641 -10481.075425 2.178727 0.340728 1.677086 0.340728 1.599490   1   2  -1 
2455507.517142 1.023362 0.888632 -10482.165859 0.264981 -10476.373940 -1.305821 -10482.183725 -1.287955 0.264981 0.017866 0.264981 1.599490   1   2  -1 
2455507.517142 1.023362 0.888632 -10482.165859 0.264981 -10476.373940 -1.305821 -10482.183725 -1.287955 0.264981 0.017866 0.264981 1.599490   1   2  -1 
2455507.522824 1.029044 0.889030 -10483.868821 0.270208 -10476.373940 -1.311199 -10482.186318 -2.993702 0.270208 -1.682503 0.270208 1.599490   1   2  -1 
2455507.522824 1.029044 0.889030 -10483.868821 0.270208 -10476.373940 -1.311199 -10482.186318 -2.993702 0.270208 -1.682503 0.270208 1.599490   1   2  -1 
2455509.518050 3.024270 0.028657 -10482.136940 0.380261 -10476.373940 -2.394250 -10482.278373 -2.252817 0.380261 0.141433 0.380261 1.599490   1   2  -1 
2455509.518050 3.024270 0.028657 -10482.136940 0.380261 -10476.373940 -2.394250 -10482.278373 -2.252817 0.380261 0.141433 0.380261 1.599490   1   2  -1 
2455509.523524 3.029744 0.029040 -10481.842165 0.354765 -10476.373940 -2.393725 -10482.275289 -1.960601 0.354765 0.433124 0.354765 1.599490   1   2  -1 
2455509.523524 3.029744 0.029040 -10481.842165 0.354765 -10476.373940 -2.393725 -10482.275289 -1.960601 0.354765 0.433124 0.354765 1.599490   1   2  -1 
2455511.516449 5.022669 0.168506 -10481.051242 0.398498 -10476.373940 -1.034037 -10479.973448 -2.111830 0.398498 -1.077794 0.398498 1.599490   1   2  -1 
2455511.516449 5.022669 0.168506 -10481.051242 0.398498 -10476.373940 -1.034037 -10479.973448 -2.111830 0.398498 -1.077794 0.398498 1.599490   1   2  -1 
2455511.521935 5.028155 0.168890 -10481.318563 0.396662 -10476.373940 -1.028524 -10479.965101 -2.381986 0.396662 -1.353462 0.396662 1.599490   1   2  -1 
2455511.521935 5.028155 0.168890 -10481.318563 0.396662 -10476.373940 -1.028524 -10479.965101 -2.381986 0.396662 -1.353462 0.396662 1.599490   1   2  -1 
2455513.504562 7.010782 0.307635 -10476.804338 0.418335 -10476.373940 0.751771 -10477.049550 0.996983 0.418335 0.245212 0.418335 1.599490   1   2  -1 
2455513.504562 7.010782 0.307635 -10476.804338 0.418335 -10476.373940 0.751771 -10477.049550 0.996983 0.418335 0.245212 0.418335 1.599490   1   2  -1 
2455513.510244 7.016464 0.308033 -10476.668251 0.441085 -10476.373940 0.755734 -10477.042175 1.129658 0.441085 0.373924 0.441085 1.599490   1   2  -1 
2455513.510244 7.016464 0.308033 -10476.668251 0.441085 -10476.373940 0.755734 -10477.042175 1.129658 0.441085 0.373924 0.441085 1.599490   1   2  -1 
2455514.505835 -6.277628 0.377705 -10478.206203 0.335906 -10476.373940 1.325733 -10475.879397 -1.001072 0.335906 -2.326806 0.335906 1.599490   1   2  -1 
2455514.505835 -6.277628 0.377705 -10478.206203 0.335906 -10476.373940 1.325733 -10475.879397 -1.001072 0.335906 -2.326806 0.335906 1.599490   1   2  -1 
2455514.511356 -6.272107 0.378091 -10477.524806 0.341716 -10476.373940 1.328208 -10475.873670 -0.322929 0.341716 -1.651136 0.341716 1.599490   1   2  -1 
2455514.511356 -6.272107 0.378091 -10477.524806 0.341716 -10476.373940 1.328208 -10475.873670 -0.322929 0.341716 -1.651136 0.341716 1.599490   1   2  -1 
2455519.503938 -1.279525 0.727475 -10474.517329 0.516685 -10476.373940 0.721343 -10473.914940 0.118954 0.516685 -0.602389 0.516685 1.599490   1   2  -1 
2455519.503938 -1.279525 0.727475 -10474.517329 0.516685 -10476.373940 0.721343 -10473.914940 0.118954 0.516685 -0.602389 0.516685 1.599490   1   2  -1 
2455519.508811 -1.274652 0.727816 -10473.971305 0.498073 -10476.373940 0.718010 -10473.918321 0.665025 0.498073 -0.052984 0.498073 1.599490   1   2  -1 
2455519.508811 -1.274652 0.727816 -10473.971305 0.498073 -10476.373940 0.718010 -10473.918321 0.665025 0.498073 -0.052984 0.498073 1.599490   1   2  -1 
2455523.508036 2.724573 0.007684 -10476.567096 0.414917 -10476.373940 -2.387831 -10478.800987 -0.153940 0.414917 2.233891 0.414917 1.599490   1   2  -1 
2455523.508036 2.724573 0.007684 -10476.567096 0.414917 -10476.373940 -2.387831 -10478.800987 -0.153940 0.414917 2.233891 0.414917 1.599490   1   2  -1 
2455523.513036 2.729573 0.008034 -10476.426565 0.432885 -10476.373940 -2.388502 -10478.802975 -0.012092 0.432885 2.376410 0.432885 1.599490   1   2  -1 
2455523.513036 2.729573 0.008034 -10476.426565 0.432885 -10476.373940 -2.388502 -10478.802975 -0.012092 0.432885 2.376410 0.432885 1.599490   1   2  -1 
2455524.521481 3.738018 0.078605 -10476.409103 0.333974 -10476.373940 -2.140429 -10478.750927 0.201394 0.333974 2.341824 0.333974 1.599490   1   2  -1 
2455524.521481 3.738018 0.078605 -10476.409103 0.333974 -10476.373940 -2.140429 -10478.750927 0.201394 0.333974 2.341824 0.333974 1.599490   1   2  -1 
2455524.526446 3.742983 0.078953 -10475.818731 0.339194 -10476.373940 -2.137459 -10478.748846 0.792657 0.339194 2.930115 0.339194 1.599490   1   2  -1 
2455524.526446 3.742983 0.078953 -10475.818731 0.339194 -10476.373940 -2.137459 -10478.748846 0.792657 0.339194 2.930115 0.339194 1.599490   1   2  -1 
2455653.900831 4.510219 0.132644 -10479.122782 0.372304 -10476.373940 -1.533998 -10477.872576 -2.784203 0.372304 -1.250206 0.372304 1.599490   1   2  -1 
2455653.900831 4.510219 0.132644 -10479.122782 0.372304 -10476.373940 -1.533998 -10477.872576 -2.784203 0.372304 -1.250206 0.372304 1.599490   1   2  -1 
2455653.906410 4.515798 0.133035 -10477.502514 0.368097 -10476.373940 -1.528811 -10477.869380 -1.161945 0.368097 0.366866 0.368097 1.599490   1   2  -1 
2455653.906410 4.515798 0.133035 -10477.502514 0.368097 -10476.373940 -1.528811 -10477.869380 -1.161945 0.368097 0.366866 0.368097 1.599490   1   2  -1 
2455654.900357 5.509745 0.202592 -10477.529507 0.407058 -10476.373940 -0.544913 -10477.298145 -0.776274 0.407058 -0.231362 0.407058 1.599490   1   2  -1 
2455654.900357 5.509745 0.202592 -10477.529507 0.407058 -10476.373940 -0.544913 -10477.298145 -0.776274 0.407058 -0.231362 0.407058 1.599490   1   2  -1 
2455654.905936 5.515324 0.202982 -10476.951630 0.365708 -10476.373940 -0.539378 -10477.295142 -0.195866 0.365708 0.343512 0.365708 1.599490   1   2  -1 
2455654.905936 5.515324 0.202982 -10476.951630 0.365708 -10476.373940 -0.539378 -10477.295142 -0.195866 0.365708 0.343512 0.365708 1.599490   1   2  -1 
2455657.909222 -5.771073 0.413154 -10477.608535 0.302855 -10476.373940 1.522012 -10476.594006 0.507483 0.302855 -1.014529 0.302855 1.599490   1   2  -1 
2455657.909222 -5.771073 0.413154 -10477.608535 0.302855 -10476.373940 1.522012 -10476.594006 0.507483 0.302855 -1.014529 0.302855 1.599490   1   2  -1 
2455657.914813 -5.765482 0.413545 -10478.050098 0.315866 -10476.373940 1.523836 -10476.594571 0.068309 0.315866 -1.455527 0.315866 1.599490   1   2  -1 
2455657.914813 -5.765482 0.413545 -10478.050098 0.315866 -10476.373940 1.523836 -10476.594571 0.068309 0.315866 -1.455527 0.315866 1.599490   1   2  -1 
2455659.907949 -3.772346 0.553026 -10477.046490 0.384743 -10476.373940 1.719887 -10477.214725 1.888122 0.384743 0.168235 0.384743 1.599490   1   2  -1 
2455659.907949 -3.772346 0.553026 -10477.046490 0.384743 -10476.373940 1.719887 -10477.214725 1.888122 0.384743 0.168235 0.384743 1.599490   1   2  -1 
2455659.913540 -3.766755 0.553417 -10478.198534 0.401510 -10476.373940 1.719199 -10477.217654 0.738319 0.401510 -0.980880 0.401510 1.599490   1   2  -1 
2455659.913540 -3.766755 0.553417 -10478.198534 0.401510 -10476.373940 1.719199 -10477.217654 0.738319 0.401510 -0.980880 0.401510 1.599490   1   2  -1 
2455660.901884 -2.778411 0.622582 -10478.330760 0.251174 -10476.373940 1.489416 -10477.852096 1.010752 0.251174 -0.478664 0.251174 1.599490   1   2  -1 
2455660.901884 -2.778411 0.622582 -10478.330760 0.251174 -10476.373940 1.489416 -10477.852096 1.010752 0.251174 -0.478664 0.251174 1.599490   1   2  -1 
2455662.902485 -0.777810 0.762585 -10478.461597 0.474458 -10476.373940 0.350654 -10479.884144 1.773201 0.474458 1.422547 0.474458 1.599490   1   2  -1 
2455662.902485 -0.777810 0.762585 -10478.461597 0.474458 -10476.373940 0.350654 -10479.884144 1.773201 0.474458 1.422547 0.474458 1.599490   1   2  -1 
2455662.908180 -0.772115 0.762984 -10479.019990 0.454621 -10476.373940 0.346136 -10479.891110 1.217256 0.454621 0.871120 0.454621 1.599490   1   2  -1 
2455662.908180 -0.772115 0.762984 -10479.019990 0.454621 -10476.373940 0.346136 -10479.891110 1.217256 0.454621 0.871120 0.454621 1.599490   1   2  -1 
2455663.839263 0.158968 0.828141 -10481.021871 0.868606 -10476.373940 -0.472164 -10481.050121 -0.443914 0.868606 0.028250 0.868606 1.599490   1   2  -1 
2455663.839263 0.158968 0.828141 -10481.021871 0.868606 -10476.373940 -0.472164 -10481.050121 -0.443914 0.868606 0.028250 0.868606 1.599490   1   2  -1 
2455672.897729 -5.072249 0.462058 -10477.289791 0.326960 -10476.373940 1.693395 -10479.185316 3.588920 0.326960 1.895525 0.326960 1.599490   1   2  -1 
2455672.897729 -5.072249 0.462058 -10477.289791 0.326960 -10476.373940 1.693395 -10479.185316 3.588920 0.326960 1.895525 0.326960 1.599490   1   2  -1 
2455672.902775 -5.067203 0.462411 -10477.128218 0.300639 -10476.373940 1.694224 -10479.184225 3.750231 0.300639 2.056007 0.300639 1.599490   1   2  -1 
2455672.902775 -5.067203 0.462411 -10477.128218 0.300639 -10476.373940 1.694224 -10479.184225 3.750231 0.300639 2.056007 0.300639 1.599490   1   2  -1 
2455675.905453 -2.064525 0.672540 -10479.983143 0.211350 -10476.373940 1.187624 -10478.054290 -0.741229 0.211350 -1.928853 0.211350 1.599490   1   2  -1 
2455675.905453 -2.064525 0.672540 -10479.983143 0.211350 -10476.373940 1.187624 -10478.054290 -0.741229 0.211350 -1.928853 0.211350 1.599490   1   2  -1 
2455679.879903 1.909925 0.950674 -10481.249420 0.252289 -10476.373940 -2.046294 -10480.207417 -3.088297 0.252289 -1.042003 0.252289 1.599490   1   2  -1 
2455679.879903 1.909925 0.950674 -10481.249420 0.252289 -10476.373940 -2.046294 -10480.207417 -3.088297 0.252289 -1.042003 0.252289 1.599490   1   2  -1 
2455679.885123 1.915145 0.951040 -10482.070814 0.256851 -10476.373940 -2.049773 -10480.208713 -3.911874 0.256851 -1.862101 0.256851 1.599490   1   2  -1 
2455679.885123 1.915145 0.951040 -10482.070814 0.256851 -10476.373940 -2.049773 -10480.208713 -3.911874 0.256851 -1.862101 0.256851 1.599490   1   2  -1 
2455712.893679 6.344335 0.260997 -10477.596372 0.280177 -10476.373940 0.233123 -10477.320733 -0.042516 0.280177 -0.275639 0.280177 1.599490   1   2  -1 
2455712.893679 6.344335 0.260997 -10477.596372 0.280177 -10476.373940 0.233123 -10477.320733 -0.042516 0.280177 -0.275639 0.280177 1.599490   1   2  -1 
2455715.864679 -4.974348 0.468909 -10473.715742 0.681733 -10476.373940 1.708461 -10474.326563 2.319282 0.681733 0.610821 0.681733 1.599490   1   2  -1 
2455715.864679 -4.974348 0.468909 -10473.715742 0.681733 -10476.373940 1.708461 -10474.326563 2.319282 0.681733 0.610821 0.681733 1.599490   1   2  -1 
2455715.867376 -4.971651 0.469098 -10473.898980 0.709421 -10476.373940 1.708845 -10474.324999 2.134864 0.709421 0.426019 0.709421 1.599490   1   2  -1 
2455715.867376 -4.971651 0.469098 -10473.898980 0.709421 -10476.373940 1.708845 -10474.324999 2.134864 0.709421 0.426019 0.709421 1.599490   1   2  -1 
2455715.869992 -4.969035 0.469281 -10473.445162 0.718389 -10476.373940 1.709217 -10474.323484 2.587539 0.718389 0.878322 0.718389 1.599490   1   2  -1 
2455715.869992 -4.969035 0.469281 -10473.445162 0.718389 -10476.373940 1.709217 -10474.323484 2.587539 0.718389 0.878322 0.718389 1.599490   1   2  -1 
2455715.872747 -4.966280 0.469474 -10473.903696 0.742414 -10476.373940 1.709606 -10474.321891 2.127801 0.742414 0.418195 0.742414 1.599490   1   2  -1 
2455715.872747 -4.966280 0.469474 -10473.903696 0.742414 -10476.373940 1.709606 -10474.321891 2.127801 0.742414 0.418195 0.742414 1.599490   1   2  -1 
2455727.859452 7.020425 0.308310 -10475.357665 0.528199 -10476.373940 0.758491 -10477.015010 2.415836 0.528199 1.657345 0.528199 1.599490   1   2  -1 
2455727.859452 7.020425 0.308310 -10475.357665 0.528199 -10476.373940 0.758491 -10477.015010 2.415836 0.528199 1.657345 0.528199 1.599490   1   2  -1 
2455727.863145 7.024118 0.308568 -10476.960737 0.516663 -10476.373940 0.761059 -10477.013912 0.814234 0.516663 0.053175 0.516663 1.599490   1   2  -1 
2455727.863145 7.024118 0.308568 -10476.960737 0.516663 -10476.373940 0.761059 -10477.013912 0.814234 0.516663 0.053175 0.516663 1.599490   1   2  -1 
2455727.866953 7.027926 0.308835 -10477.060026 0.559742 -10476.373940 0.763703 -10477.012786 0.716463 0.559742 -0.047240 0.559742 1.599490   1   2  -1 
2455727.866953 7.027926 0.308835 -10477.060026 0.559742 -10476.373940 0.763703 -10477.012786 0.716463 0.559742 -0.047240 0.559742 1.599490   1   2  -1 
2455735.809170 0.680459 0.864636 -10480.718295 0.263016 -10476.373940 -0.975667 -10479.828204 -1.865759 0.263016 -0.890091 0.263016 1.599490   1   2  -1 
2455735.809170 0.680459 0.864636 -10480.718295 0.263016 -10476.373940 -0.975667 -10479.828204 -1.865759 0.263016 -0.890091 0.263016 1.599490   1   2  -1 
2455754.777241 5.358847 0.192032 -10475.455016 0.545675 -10476.373940 -0.695543 -10476.828093 0.677534 0.545675 1.373077 0.545675 1.599490   1   2  -1 
2455754.777241 5.358847 0.192032 -10475.455016 0.545675 -10476.373940 -0.695543 -10476.828093 0.677534 0.545675 1.373077 0.545675 1.599490   1   2  -1 
2455755.755721 6.337327 0.260506 -10477.021535 0.384396 -10476.373940 0.227126 -10476.212116 -0.582293 0.384396 -0.809419 0.384396 1.599490   1   2  -1 
2455755.755721 6.337327 0.260506 -10477.021535 0.384396 -10476.373940 0.227126 -10476.212116 -0.582293 0.384396 -0.809419 0.384396 1.599490   1   2  -1 
2455769.736300 6.028223 0.238875 -10478.718338 0.338766 -10476.373940 -0.047481 -10479.824814 1.058995 0.338766 1.106476 0.338766 1.599490   1   2  -1 
2455769.736300 6.028223 0.238875 -10478.718338 0.338766 -10476.373940 -0.047481 -10479.824814 1.058995 0.338766 1.106476 0.338766 1.599490   1   2  -1 
2455769.742075 6.033998 0.239279 -10479.209949 0.385157 -10476.373940 -0.042179 -10479.819597 0.567469 0.385157 0.609648 0.385157 1.599490   1   2  -1 
2455769.742075 6.033998 0.239279 -10479.209949 0.385157 -10476.373940 -0.042179 -10479.819597 0.567469 0.385157 0.609648 0.385157 1.599490   1   2  -1 
2455776.628483 -1.369277 0.721194 -10477.854877 0.356174 -10476.373940 0.781779 -10476.662940 -0.410159 0.356174 -1.191937 0.356174 1.599490   1   2  -1 
2455776.628483 -1.369277 0.721194 -10477.854877 0.356174 -10476.373940 0.781779 -10476.662940 -0.410159 0.356174 -1.191937 0.356174 1.599490   1   2  -1 
2455782.624998 4.627238 0.140833 -10477.234320 0.380536 -10476.373940 -1.423666 -10477.676352 -0.981633 0.380536 0.442032 0.380536 1.599490   1   2  -1 
2455782.624998 4.627238 0.140833 -10477.234320 0.380536 -10476.373940 -1.423666 -10477.676352 -0.981633 0.380536 0.442032 0.380536 1.599490   1   2  -1 
2455784.737667 6.739907 0.288679 -10473.119634 0.272683 -10476.373940 0.553676 -10474.878177 2.312218 0.272683 1.758543 0.272683 1.599490   1   2  -1 
2455784.737667 6.739907 0.288679 -10473.119634 0.272683 -10476.373940 0.553676 -10474.878177 2.312218 0.272683 1.758543 0.272683 1.599490   1   2  -1 
2455801.526698 -5.050428 0.463585 -10477.714254 0.636570 -10476.373940 1.696940 -10476.906768 0.889454 0.636570 -0.807486 0.636570 1.599490   1   2  -1 
2455801.526698 -5.050428 0.463585 -10477.714254 0.636570 -10476.373940 1.696940 -10476.906768 0.889454 0.636570 -0.807486 0.636570 1.599490   1   2  -1 
2455801.531628 -5.045498 0.463930 -10478.348482 0.588581 -10476.373940 1.697726 -10476.906500 0.255744 0.588581 -1.441982 0.588581 1.599490   1   2  -1 
2455801.531628 -5.045498 0.463930 -10478.348482 0.588581 -10476.373940 1.697726 -10476.906500 0.255744 0.588581 -1.441982 0.588581 1.599490   1   2  -1 
2455804.632333 -1.944793 0.680919 -10479.889141 0.560283 -10476.373940 1.125635 -10478.036032 -0.727474 0.560283 -1.853109 0.560283 1.599490   1   2  -1 
2455804.632333 -1.944793 0.680919 -10479.889141 0.560283 -10476.373940 1.125635 -10478.036032 -0.727474 0.560283 -1.853109 0.560283 1.599490   1   2  -1 
2455804.637669 -1.939457 0.681292 -10479.356651 0.516075 -10476.373940 1.122796 -10478.038657 -0.195198 0.516075 -1.317994 0.516075 1.599490   1   2  -1 
2455804.637669 -1.939457 0.681292 -10479.356651 0.516075 -10476.373940 1.122796 -10478.038657 -0.195198 0.516075 -1.317994 0.516075 1.599490   1   2  -1 
2455807.626267 1.049141 0.890436 -10477.952953 0.482855 -10476.373940 -1.330185 -10479.676220 0.393083 0.482855 1.723267 0.482855 1.599490   1   2  -1 
2455807.626267 1.049141 0.890436 -10477.952953 0.482855 -10476.373940 -1.330185 -10479.676220 0.393083 0.482855 1.723267 0.482855 1.599490   1   2  -1 
2455807.631162 1.054036 0.890779 -10477.762393 0.443292 -10476.373940 -1.334800 -10479.678948 0.581754 0.443292 1.916555 0.443292 1.599490   1   2  -1 
2455807.631162 1.054036 0.890779 -10477.762393 0.443292 -10476.373940 -1.334800 -10479.678948 0.581754 0.443292 1.916555 0.443292 1.599490   1   2  -1 
2455810.581550 4.004424 0.097249 -10481.002505 0.377097 -10476.373940 -1.961463 -10479.014315 -3.949654 0.377097 -1.988190 0.377097 1.599490   1   2  -1 
2455810.581550 4.004424 0.097249 -10481.002505 0.377097 -10476.373940 -1.961463 -10479.014315 -3.949654 0.377097 -1.988190 0.377097 1.599490   1   2  -1 
2455810.586723 4.009597 0.097611 -10480.282556 0.398696 -10476.373940 -1.957620 -10479.008400 -3.231776 0.398696 -1.274156 0.398696 1.599490   1   2  -1 
2455810.586723 4.009597 0.097611 -10480.282556 0.398696 -10476.373940 -1.957620 -10479.008400 -3.231776 0.398696 -1.274156 0.398696 1.599490   1   2  -1 
2455816.587002 -4.279808 0.517513 -10476.284284 0.479893 -10476.373940 1.753886 -10476.185175 1.654777 0.479893 -0.099109 0.479893 1.599490   1   2  -1 
2455816.587002 -4.279808 0.517513 -10476.284284 0.479893 -10476.373940 1.753886 -10476.185175 1.654777 0.479893 -0.099109 0.479893 1.599490   1   2  -1 
2455816.590578 -4.276232 0.517764 -10475.380232 0.444942 -10476.373940 1.753844 -10476.183694 2.557306 0.444942 0.803462 0.444942 1.599490   1   2  -1 
2455816.590578 -4.276232 0.517764 -10475.380232 0.444942 -10476.373940 1.753844 -10476.183694 2.557306 0.444942 0.803462 0.444942 1.599490   1   2  -1 
2455816.594154 -4.272656 0.518014 -10476.257023 0.438232 -10476.373940 1.753799 -10476.182209 1.678985 0.438232 -0.074814 0.438232 1.599490   1   2  -1 
2455816.594154 -4.272656 0.518014 -10476.257023 0.438232 -10476.373940 1.753799 -10476.182209 1.678985 0.438232 -0.074814 0.438232 1.599490   1   2  -1 
2455834.622073 -0.534420 0.779618 -10480.909706 0.288686 -10476.373940 0.151705 -10479.310943 -1.447058 0.288686 -1.598763 0.288686 1.599490   1   2  -1 
2455834.622073 -0.534420 0.779618 -10480.909706 0.288686 -10476.373940 0.151705 -10479.310943 -1.447058 0.288686 -1.598763 0.288686 1.599490   1   2  -1 
2455834.627593 -0.528900 0.780004 -10481.704100 0.288262 -10476.373940 0.147057 -10479.313946 -2.243097 0.288262 -2.390154 0.288262 1.599490   1   2  -1 
2455834.627593 -0.528900 0.780004 -10481.704100 0.288262 -10476.373940 0.147057 -10479.313946 -2.243097 0.288262 -2.390154 0.288262 1.599490   1   2  -1 
2455836.585712 1.429219 0.917034 -10482.497452 0.340261 -10476.373940 -1.674865 -10480.409534 -3.762783 0.340261 -2.087918 0.340261 1.599490   1   2  -1 
2455836.585712 1.429219 0.917034 -10482.497452 0.340261 -10476.373940 -1.674865 -10480.409534 -3.762783 0.340261 -2.087918 0.340261 1.599490   1   2  -1 
2455836.591440 1.434947 0.917435 -10483.216344 0.339568 -10476.373940 -1.679790 -10480.412112 -4.484022 0.339568 -2.804232 0.339568 1.599490   1   2  -1 
2455836.591440 1.434947 0.917435 -10483.216344 0.339568 -10476.373940 -1.679790 -10480.412112 -4.484022 0.339568 -2.804232 0.339568 1.599490   1   2  -1 
2455839.585007 4.428514 0.126927 -10480.984122 0.455066 -10476.373940 -1.609007 -10479.395213 -3.197916 0.455066 -1.588909 0.455066 1.599490   1   2  -1 
2455839.585007 4.428514 0.126927 -10480.984122 0.455066 -10476.373940 -1.609007 -10479.395213 -3.197916 0.455066 -1.588909 0.455066 1.599490   1   2  -1 
2455839.590794 4.434301 0.127332 -10480.862232 0.459884 -10476.373940 -1.603756 -10479.389027 -3.076961 0.459884 -1.473205 0.459884 1.599490   1   2  -1 
2455839.590794 4.434301 0.127332 -10480.862232 0.459884 -10476.373940 -1.603756 -10479.389027 -3.076961 0.459884 -1.473205 0.459884 1.599490   1   2  -1 
2455842.549547 -6.896629 0.334387 -10475.984718 0.533150 -10476.373940 1.000440 -10476.551287 1.567010 0.533150 0.566569 0.533150 1.599490   1   2  -1 
2455842.549547 -6.896629 0.334387 -10475.984718 0.533150 -10476.373940 1.000440 -10476.551287 1.567010 0.533150 0.566569 0.533150 1.599490   1   2  -1 
2455842.555033 -6.891143 0.334771 -10475.769563 0.436601 -10476.373940 1.003743 -10476.547450 1.781630 0.436601 0.777887 0.436601 1.599490   1   2  -1 
2455842.555033 -6.891143 0.334771 -10475.769563 0.436601 -10476.373940 1.003743 -10476.547450 1.781630 0.436601 0.777887 0.436601 1.599490   1   2  -1 
2455845.575633 -3.870543 0.546154 -10472.970844 0.533869 -10476.373940 1.730866 -10475.232563 3.992584 0.533869 2.261719 0.533869 1.599490   1   2  -1 
2455845.575633 -3.870543 0.546154 -10472.970844 0.533869 -10476.373940 1.730866 -10475.232563 3.992584 0.533869 2.261719 0.533869 1.599490   1   2  -1 
2455845.581258 -3.864918 0.546548 -10473.156417 0.461200 -10476.373940 1.730294 -10475.231906 3.805783 0.461200 2.075489 0.461200 1.599490   1   2  -1 
2455845.581258 -3.864918 0.546548 -10473.156417 0.461200 -10476.373940 1.730294 -10475.231906 3.805783 0.461200 2.075489 0.461200 1.599490   1   2  -1 
2455870.498785 6.762926 0.290290 -10481.818484 0.365314 -10476.373940 0.571203 -10479.979297 -1.267984 0.365314 -1.839187 0.365314 1.599490   1   2  -1 
2455870.498785 6.762926 0.290290 -10481.818484 0.365314 -10476.373940 0.571203 -10479.979297 -1.267984 0.365314 -1.839187 0.365314 1.599490   1   2  -1 
2455870.504422 6.768563 0.290685 -10481.151885 0.359240 -10476.373940 0.575476 -10479.973936 -0.602473 0.359240 -1.177949 0.359240 1.599490   1   2  -1 
2455870.504422 6.768563 0.290685 -10481.151885 0.359240 -10476.373940 0.575476 -10479.973936 -0.602473 0.359240 -1.177949 0.359240 1.599490   1   2  -1 
2455874.532217 -3.493325 0.572552 -10477.728868 0.513797 -10476.373940 1.677169 -10477.263663 1.211964 0.513797 -0.465205 0.513797 1.599490   1   2  -1 
2455874.532217 -3.493325 0.572552 -10477.728868 0.513797 -10476.373940 1.677169 -10477.263663 1.211964 0.513797 -0.465205 0.513797 1.599490   1   2  -1 
2455874.537437 -3.488105 0.572917 -10475.674380 0.695338 -10476.373940 1.676207 -10477.263160 3.264987 0.695338 1.588780 0.695338 1.599490   1   2  -1 
2455874.537437 -3.488105 0.572917 -10475.674380 0.695338 -10476.373940 1.676207 -10477.263160 3.264987 0.695338 1.588780 0.695338 1.599490   1   2  -1 
2455878.549549 0.524007 0.853687 -10474.975638 0.680478 -10476.373940 -0.823484 -10477.373304 1.574182 0.680478 2.397666 0.680478 1.599490   1   2  -1 
2455878.549549 0.524007 0.853687 -10474.975638 0.680478 -10476.373940 -0.823484 -10477.373304 1.574182 0.680478 2.397666 0.680478 1.599490   1   2  -1 
2455878.554965 0.529423 0.854066 -10473.200640 0.660711 -10476.373940 -0.828749 -10477.373770 3.344381 0.660711 4.173130 0.660711 1.599490   1   2  -1 
2455878.554965 0.529423 0.854066 -10473.200640 0.660711 -10476.373940 -0.828749 -10477.373770 3.344381 0.660711 4.173130 0.660711 1.599490   1   2  -1 
2456020.892743 -0.029631 0.814943 -10474.892081 0.400252 -10476.373940 -0.295417 -10476.439750 1.252252 0.400252 1.547669 0.400252 1.599490   1   2  -1 
2456020.892743 -0.029631 0.814943 -10474.892081 0.400252 -10476.373940 -0.295417 -10476.439750 1.252252 0.400252 1.547669 0.400252 1.599490   1   2  -1 
2456020.898160 -0.024214 0.815322 -10474.995167 0.390725 -10476.373940 -0.300432 -10476.445621 1.150022 0.390725 1.450454 0.390725 1.599490   1   2  -1 
2456020.898160 -0.024214 0.815322 -10474.995167 0.390725 -10476.373940 -0.300432 -10476.445621 1.150022 0.390725 1.450454 0.390725 1.599490   1   2  -1 
2456022.889397 1.967023 0.954670 -10478.871489 0.497344 -10476.373940 -2.083580 -10478.657009 -2.298060 0.497344 -0.214480 0.497344 1.599490   1   2  -1 
2456022.889397 1.967023 0.954670 -10478.871489 0.497344 -10476.373940 -2.083580 -10478.657009 -2.298060 0.497344 -0.214480 0.497344 1.599490   1   2  -1 
2456022.894884 1.972510 0.955054 -10479.815426 0.556527 -10476.373940 -2.087073 -10478.662328 -3.240171 0.556527 -1.153098 0.556527 1.599490   1   2  -1 
2456022.894884 1.972510 0.955054 -10479.815426 0.556527 -10476.373940 -2.087073 -10478.662328 -3.240171 0.556527 -1.153098 0.556527 1.599490   1   2  -1 
2456024.891353 3.968979 0.094768 -10480.979281 0.428656 -10476.373940 -1.987444 -10479.354456 -3.612269 0.428656 -1.624825 0.428656 1.599490   1   2  -1 
2456024.891353 3.968979 0.094768 -10480.979281 0.428656 -10476.373940 -1.987444 -10479.354456 -3.612269 0.428656 -1.624825 0.428656 1.599490   1   2  -1 
2456024.897048 3.974674 0.095167 -10480.604419 0.407038 -10476.373940 -1.983312 -10479.352390 -3.235341 0.407038 -1.252029 0.407038 1.599490   1   2  -1 
2456024.897048 3.974674 0.095167 -10480.604419 0.407038 -10476.373940 -1.983312 -10479.352390 -3.235341 0.407038 -1.252029 0.407038 1.599490   1   2  -1 
2456028.922257 -6.289800 0.376853 -10477.908590 0.345283 -10476.373940 1.320251 -10476.587565 -0.000774 0.345283 -1.321025 0.345283 1.599490   1   2  -1 
2456028.922257 -6.289800 0.376853 -10477.908590 0.345283 -10476.373940 1.320251 -10476.587565 -0.000774 0.345283 -1.321025 0.345283 1.599490   1   2  -1 
2456029.892891 -5.319166 0.444779 -10478.166891 0.543499 -10476.373940 1.645724 -10476.511268 -0.009898 0.543499 -1.655623 0.543499 1.599490   1   2  -1 
2456029.892891 -5.319166 0.444779 -10478.166891 0.543499 -10476.373940 1.645724 -10476.511268 -0.009898 0.543499 -1.655623 0.543499 1.599490   1   2  -1 
2456029.898354 -5.313703 0.445161 -10478.569496 0.519266 -10476.373940 1.646930 -10476.511807 -0.410759 0.519266 -2.057689 0.519266 1.599490   1   2  -1 
2456029.898354 -5.313703 0.445161 -10478.569496 0.519266 -10476.373940 1.646930 -10476.511807 -0.410759 0.519266 -2.057689 0.519266 1.599490   1   2  -1 
2456031.852968 -3.359089 0.581946 -10477.024746 0.408809 -10476.373940 1.650531 -10477.161416 1.787201 0.408809 0.136670 0.408809 1.599490   1   2  -1 
2456031.852968 -3.359089 0.581946 -10477.024746 0.408809 -10476.373940 1.650531 -10477.161416 1.787201 0.408809 0.136670 0.408809 1.599490   1   2  -1 
2456052.857065 3.355325 0.051824 -10480.793021 0.406318 -10476.373940 -2.321621 -10478.660778 -4.453864 0.406318 -2.132243 0.406318 1.599490   1   2  -1 
2456052.857065 3.355325 0.051824 -10480.793021 0.406318 -10476.373940 -2.321621 -10478.660778 -4.453864 0.406318 -2.132243 0.406318 1.599490   1   2  -1 
2456052.862482 3.360742 0.052203 -10480.156970 0.393840 -10476.373940 -2.319756 -10478.658893 -3.817833 0.393840 -1.498077 0.393840 1.599490   1   2  -1 
2456052.862482 3.360742 0.052203 -10480.156970 0.393840 -10476.373940 -2.319756 -10478.658893 -3.817833 0.393840 -1.498077 0.393840 1.599490   1   2  -1 
2456053.851639 4.349899 0.121425 -10480.816786 0.437473 -10476.373940 -1.679347 -10478.012173 -4.483960 0.437473 -2.804613 0.437473 1.599490   1   2  -1 
2456053.851639 4.349899 0.121425 -10480.816786 0.437473 -10476.373940 -1.679347 -10478.012173 -4.483960 0.437473 -2.804613 0.437473 1.599490   1   2  -1 
2456053.857114 4.355374 0.121808 -10476.986852 0.414343 -10476.373940 -1.674511 -10478.007291 -0.654072 0.414343 1.020439 0.414343 1.599490   1   2  -1 
2456053.857114 4.355374 0.121808 -10476.986852 0.414343 -10476.373940 -1.674511 -10478.007291 -0.654072 0.414343 1.020439 0.414343 1.599490   1   2  -1 
2456054.839916 5.338176 0.190585 -10479.578072 0.266506 -10476.373940 -0.716292 -10477.040919 -3.253445 0.266506 -2.537153 0.266506 1.599490   1   2  -1 
2456054.839916 5.338176 0.190585 -10479.578072 0.266506 -10476.373940 -0.716292 -10477.040919 -3.253445 0.266506 -2.537153 0.266506 1.599490   1   2  -1 
2456055.886865 6.385125 0.263851 -10478.308216 0.254853 -10476.373940 0.267817 -10476.071119 -1.969280 0.254853 -2.237097 0.254853 1.599490   1   2  -1 
2456055.886865 6.385125 0.263851 -10478.308216 0.254853 -10476.373940 0.267817 -10476.071119 -1.969280 0.254853 -2.237097 0.254853 1.599490   1   2  -1 
2456056.818146 -6.973277 0.329023 -10476.145121 0.446651 -10476.373940 0.953508 -10475.473487 0.281873 0.446651 -0.671634 0.446651 1.599490   1   2  -1 
2456056.818146 -6.973277 0.329023 -10476.145121 0.446651 -10476.373940 0.953508 -10475.473487 0.281873 0.446651 -0.671634 0.446651 1.599490   1   2  -1 
2456056.823714 -6.967709 0.329413 -10476.399813 0.406993 -10476.373940 0.956967 -10475.470898 0.028052 0.406993 -0.928915 0.406993 1.599490   1   2  -1 
2456056.823714 -6.967709 0.329413 -10476.399813 0.406993 -10476.373940 0.956967 -10475.470898 0.028052 0.406993 -0.928915 0.406993 1.599490   1   2  -1 
2456078.843392 0.762286 0.870362 -10475.070920 0.323779 -10476.373940 -1.055135 -10477.353795 1.227740 0.323779 2.282875 0.323779 1.599490   1   2  -1 
2456078.843392 0.762286 0.870362 -10475.070920 0.323779 -10476.373940 -1.055135 -10477.353795 1.227740 0.323779 2.282875 0.323779 1.599490   1   2  -1 
2456078.849075 0.767969 0.870760 -10475.406297 0.316487 -10476.373940 -1.060645 -10477.357806 0.890864 0.316487 1.951509 0.316487 1.599490   1   2  -1 
2456078.849075 0.767969 0.870760 -10475.406297 0.316487 -10476.373940 -1.060645 -10477.357806 0.890864 0.316487 1.951509 0.316487 1.599490   1   2  -1 
2456081.832748 3.751642 0.079559 -10477.091748 0.398009 -10476.373940 -2.132243 -10477.835494 -1.388497 0.398009 0.743746 0.398009 1.599490   1   2  -1 
2456081.832748 3.751642 0.079559 -10477.091748 0.398009 -10476.373940 -2.132243 -10477.835494 -1.388497 0.398009 0.743746 0.398009 1.599490   1   2  -1 
2456081.838651 3.757545 0.079972 -10477.350415 0.323723 -10476.373940 -2.128662 -10477.830765 -1.648311 0.323723 0.480350 0.323723 1.599490   1   2  -1 
2456081.838651 3.757545 0.079972 -10477.350415 0.323723 -10476.373940 -2.128662 -10477.830765 -1.648311 0.323723 0.480350 0.323723 1.599490   1   2  -1 
2456085.820521 -6.550269 0.358625 -10474.269371 0.439249 -10476.373940 1.194193 -10473.856505 0.781327 0.439249 -0.412866 0.439249 1.599490   1   2  -1 
2456085.820521 -6.550269 0.358625 -10474.269371 0.439249 -10476.373940 1.194193 -10473.856505 0.781327 0.439249 -0.412866 0.439249 1.599490   1   2  -1 
2456085.826250 -6.544540 0.359026 -10473.694203 0.458936 -10476.373940 1.197146 -10473.852733 1.355677 0.458936 0.158530 0.458936 1.599490   1   2  -1 
2456085.826250 -6.544540 0.359026 -10473.694203 0.458936 -10476.373940 1.197146 -10473.852733 1.355677 0.458936 0.158530 0.458936 1.599490   1   2  -1 
2456088.742747 -3.628043 0.563124 -10472.336592 0.274700 -10476.373940 1.699925 -10472.956183 2.319516 0.274700 0.619591 0.274700 1.599490   1   2  -1 
2456088.742747 -3.628043 0.563124 -10472.336592 0.274700 -10476.373940 1.699925 -10472.956183 2.319516 0.274700 0.619591 0.274700 1.599490   1   2  -1 
2456092.900369 0.529579 0.854077 -10477.981567 0.314413 -10476.373940 -0.828901 -10475.864757 -2.945711 0.314413 -2.116810 0.314413 1.599490   1   2  -1 
2456092.900369 0.529579 0.854077 -10477.981567 0.314413 -10476.373940 -0.828901 -10475.864757 -2.945711 0.314413 -2.116810 0.314413 1.599490   1   2  -1 
2456115.815540 -5.134616 0.457693 -10474.774807 0.388096 -10476.373940 1.682665 -10472.671362 -0.420779 0.388096 -2.103445 0.388096 1.599490   1   2  -1 
2456115.815540 -5.134616 0.457693 -10474.774807 0.388096 -10476.373940 1.682665 -10472.671362 -0.420779 0.388096 -2.103445 0.388096 1.599490   1   2  -1 
2456118.809984 -2.140172 0.667246 -10471.978956 0.256427 -10476.373940 1.225096 -10473.261754 2.507894 0.256427 1.282798 0.256427 1.599490   1   2  -1 
2456118.809984 -2.140172 0.667246 -10471.978956 0.256427 -10476.373940 1.225096 -10473.261754 2.507894 0.256427 1.282798 0.256427 1.599490   1   2  -1 
2456121.820367 0.870211 0.877915 -10475.055286 0.705930 -10476.373940 -1.159465 -10475.493279 -0.721473 0.705930 0.437993 0.705930 1.599490   1   2  -1 
2456121.820367 0.870211 0.877915 -10475.055286 0.705930 -10476.373940 -1.159465 -10475.493279 -0.721473 0.705930 0.437993 0.705930 1.599490   1   2  -1 
2456149.686124 0.156602 0.827976 -10478.886301 0.422505 -10476.373940 -0.469921 -10476.632933 -2.723290 0.422505 -2.253368 0.422505 1.599490   1   2  -1 
2456149.686124 0.156602 0.827976 -10478.886301 0.422505 -10476.373940 -0.469921 -10476.632933 -2.723290 0.422505 -2.253368 0.422505 1.599490   1   2  -1 
2456154.723489 5.193967 0.180493 -10473.222066 0.432559 -10476.373940 -0.861484 -10474.072493 -0.011057 0.432559 0.850427 0.432559 1.599490   1   2  -1 
2456154.723489 5.193967 0.180493 -10473.222066 0.432559 -10476.373940 -0.861484 -10474.072493 -0.011057 0.432559 0.850427 0.432559 1.599490   1   2  -1 
2456154.728442 5.198920 0.180840 -10472.383548 0.640869 -10476.373940 -0.856490 -10474.068545 0.828507 0.640869 1.684997 0.640869 1.599490   1   2  -1 
2456154.728442 5.198920 0.180840 -10472.383548 0.640869 -10476.373940 -0.856490 -10474.068545 0.828507 0.640869 1.684997 0.640869 1.599490   1   2  -1 
2456166.527551 2.708346 0.006548 -10482.638275 0.322758 -10476.373940 -2.385523 -10480.198779 -4.825018 0.322758 -2.439496 0.322758 1.599490   1   2  -1 
2456166.527551 2.708346 0.006548 -10482.638275 0.322758 -10476.373940 -2.385523 -10480.198779 -4.825018 0.322758 -2.439496 0.322758 1.599490   1   2  -1 
2456168.609469 4.790264 0.152242 -10483.235121 0.485702 -10476.373940 -1.265451 -10479.719243 -4.781330 0.485702 -3.515878 0.485702 1.599490   1   2  -1 
2456168.609469 4.790264 0.152242 -10483.235121 0.485702 -10476.373940 -1.265451 -10479.719243 -4.781330 0.485702 -3.515878 0.485702 1.599490   1   2  -1 
2456168.615105 4.795900 0.152637 -10482.078140 0.428978 -10476.373940 -1.259907 -10479.714031 -3.624016 0.428978 -2.364109 0.428978 1.599490   1   2  -1 
2456168.615105 4.795900 0.152637 -10482.078140 0.428978 -10476.373940 -1.259907 -10479.714031 -3.624016 0.428978 -2.364109 0.428978 1.599490   1   2  -1 
2456171.510563 -6.598325 0.355262 -10477.310953 0.261955 -10476.373940 1.169099 -10476.751633 0.609779 0.261955 -0.559320 0.261955 1.599490   1   2  -1 
2456171.510563 -6.598325 0.355262 -10477.310953 0.261955 -10476.373940 1.169099 -10476.751633 0.609779 0.261955 -0.559320 0.261955 1.599490   1   2  -1 
2456173.694840 -4.414048 0.508119 -10472.314153 0.435027 -10476.373940 1.753434 -10475.917029 5.356310 0.435027 3.602876 0.435027 1.599490   1   2  -1 
2456173.694840 -4.414048 0.508119 -10472.314153 0.435027 -10476.373940 1.753434 -10475.917029 5.356310 0.435027 3.602876 0.435027 1.599490   1   2  -1 
2456181.612869 3.503981 0.062227 -10475.571527 0.304713 -10476.373940 -2.262909 -10477.529957 -0.304479 0.304713 1.958430 0.304713 1.599490   1   2  -1 
2456181.612869 3.503981 0.062227 -10475.571527 0.304713 -10476.373940 -2.262909 -10477.529957 -0.304479 0.304713 1.958430 0.304713 1.599490   1   2  -1 
2456186.623747 -5.774825 0.412891 -10470.871523 0.269145 -10476.373940 1.520785 -10472.712592 3.361853 0.269145 1.841069 0.269145 1.599490   1   2  -1 
2456186.623747 -5.774825 0.412891 -10470.871523 0.269145 -10476.373940 1.520785 -10472.712592 3.361853 0.269145 1.841069 0.269145 1.599490   1   2  -1 
2456189.666838 -2.731734 0.625849 -10471.752751 0.854916 -10476.373940 1.473204 -10472.678820 2.399272 0.854916 0.926069 0.854916 1.599490   1   2  -1 
2456189.666838 -2.731734 0.625849 -10471.752751 0.854916 -10476.373940 1.473204 -10472.678820 2.399272 0.854916 0.926069 0.854916 1.599490   1   2  -1 
2456190.592865 -1.805707 0.690652 -10474.982002 0.436640 -10476.373940 1.049493 -10473.327710 -0.604799 0.436640 -1.654292 0.436640 1.599490   1   2  -1 
2456190.592865 -1.805707 0.690652 -10474.982002 0.436640 -10476.373940 1.049493 -10473.327710 -0.604799 0.436640 -1.654292 0.436640 1.599490   1   2  -1 
2456190.598548 -1.800024 0.691050 -10475.915820 0.410184 -10476.373940 1.046288 -10473.332664 -1.536868 0.410184 -2.583156 0.410184 1.599490   1   2  -1 
2456190.598548 -1.800024 0.691050 -10475.915820 0.410184 -10476.373940 1.046288 -10473.332664 -1.536868 0.410184 -2.583156 0.410184 1.599490   1   2  -1 
2456195.586272 3.187700 0.040094 -10476.324229 0.455921 -10476.373940 -2.368692 -10476.721192 -1.971729 0.455921 0.396963 0.455921 1.599490   1   2  -1 
2456195.586272 3.187700 0.040094 -10476.324229 0.455921 -10476.373940 -2.368692 -10476.721192 -1.971729 0.455921 0.396963 0.455921 1.599490   1   2  -1 
2456195.591793 3.193221 0.040480 -10476.833989 0.456503 -10476.373940 -2.367474 -10476.720077 -2.481386 0.456503 -0.113912 0.456503 1.599490   1   2  -1 
2456195.591793 3.193221 0.040480 -10476.833989 0.456503 -10476.373940 -2.367474 -10476.720077 -2.481386 0.456503 -0.113912 0.456503 1.599490   1   2  -1 
2456198.564091 6.165519 0.248483 -10469.851121 0.593173 -10476.373940 0.076860 -10475.323843 5.549582 0.593173 5.472722 0.593173 1.599490   1   2  -1 
2456198.564091 6.165519 0.248483 -10469.851121 0.593173 -10476.373940 0.076860 -10475.323843 5.549582 0.593173 5.472722 0.593173 1.599490   1   2  -1 
2456198.569866 6.171294 0.248887 -10469.520142 0.625422 -10476.373940 0.082009 -10475.320808 5.882675 0.625422 5.800666 0.625422 1.599490   1   2  -1 
2456198.569866 6.171294 0.248887 -10469.520142 0.625422 -10476.373940 0.082009 -10475.320808 5.882675 0.625422 5.800666 0.625422 1.599490   1   2  -1 
2456204.547188 -2.141067 0.667184 -10474.005151 0.390830 -10476.373940 1.225531 -10475.507510 2.727891 0.390830 1.502359 0.390830 1.599490   1   2  -1 
2456204.547188 -2.141067 0.667184 -10474.005151 0.390830 -10476.373940 1.225531 -10475.507510 2.727891 0.390830 1.502359 0.390830 1.599490   1   2  -1 
2456205.523197 -1.165058 0.735485 -10476.331744 0.223735 -10476.373940 0.641636 -10476.145143 0.455035 0.223735 -0.186601 0.223735 1.599490   1   2  -1 
2456205.523197 -1.165058 0.735485 -10476.331744 0.223735 -10476.373940 0.641636 -10476.145143 0.455035 0.223735 -0.186601 0.223735 1.599490   1   2  -1 
2456208.615737 1.927482 0.951903 -10479.274458 0.471028 -10476.373940 -2.057939 -10477.645691 -3.686706 0.471028 -1.628767 0.471028 1.599490   1   2  -1 
2456208.615737 1.927482 0.951903 -10479.274458 0.471028 -10476.373940 -2.057939 -10477.645691 -3.686706 0.471028 -1.628767 0.471028 1.599490   1   2  -1 
2456209.540800 2.852545 0.016639 -10475.726000 0.526879 -10476.373940 -2.399013 -10477.715780 -0.409233 0.526879 1.989780 0.526879 1.599490   1   2  -1 
2456209.540800 2.852545 0.016639 -10475.726000 0.526879 -10476.373940 -2.399013 -10477.715780 -0.409233 0.526879 1.989780 0.526879 1.599490   1   2  -1 
2456210.532155 3.843900 0.086015 -10475.727704 0.432092 -10476.373940 -2.073957 -10477.156043 -0.645618 0.432092 1.428339 0.432092 1.599490   1   2  -1 
2456210.532155 3.843900 0.086015 -10475.727704 0.432092 -10476.373940 -2.073957 -10477.156043 -0.645618 0.432092 1.428339 0.432092 1.599490   1   2  -1 
2456212.523498 5.835243 0.225370 -10470.032065 0.239792 -10476.373940 -0.228012 -10474.515621 4.255544 0.239792 4.483556 0.239792 1.599490   1   2  -1 
2456212.523498 5.835243 0.225370 -10470.032065 0.239792 -10476.373940 -0.228012 -10474.515621 4.255544 0.239792 4.483556 0.239792 1.599490   1   2  -1 
2456217.523649 -3.454289 0.575284 -10469.768240 0.370476 -10476.373940 1.669831 -10470.401939 2.303530 0.370476 0.633699 0.370476 1.599490   1   2  -1 
2456217.523649 -3.454289 0.575284 -10469.768240 0.370476 -10476.373940 1.669831 -10470.401939 2.303530 0.370476 0.633699 0.370476 1.599490   1   2  -1 
2456217.529482 -3.448456 0.575692 -10468.041405 0.361734 -10476.373940 1.668706 -10470.401721 4.029022 0.361734 2.360316 0.361734 1.599490   1   2  -1 
2456217.529482 -3.448456 0.575692 -10468.041405 0.361734 -10476.373940 1.668706 -10470.401721 4.029022 0.361734 2.360316 0.361734 1.599490   1   2  -1 
2456218.587951 -2.389987 0.649764 -10468.491163 0.391645 -10476.373940 1.339556 -10470.517956 3.366349 0.391645 2.026793 0.391645 1.599490   1   2  -1 
2456218.587951 -2.389987 0.649764 -10468.491163 0.391645 -10476.373940 1.339556 -10470.517956 3.366349 0.391645 2.026793 0.391645 1.599490   1   2  -1 
2456219.500319 -1.477619 0.713612 -10469.245686 0.247828 -10476.373940 0.852299 -10470.884248 2.490861 0.247828 1.638562 0.247828 1.599490   1   2  -1 
2456219.500319 -1.477619 0.713612 -10469.245686 0.247828 -10476.373940 0.852299 -10470.884248 2.490861 0.247828 1.638562 0.247828 1.599490   1   2  -1 
2456220.491327 -0.486611 0.782963 -10472.137625 0.391613 -10476.373940 0.111260 -10471.583103 -0.443262 0.391613 -0.554522 0.391613 1.599490   1   2  -1 
2456220.491327 -0.486611 0.782963 -10472.137625 0.391613 -10476.373940 0.111260 -10471.583103 -0.443262 0.391613 -0.554522 0.391613 1.599490   1   2  -1 
2456220.514069 -0.463869 0.784555 -10472.572915 0.320320 -10476.373940 0.091870 -10471.602698 -0.878347 0.320320 -0.970217 0.320320 1.599490   1   2  -1 
2456220.514069 -0.463869 0.784555 -10472.572915 0.320320 -10476.373940 0.091870 -10471.602698 -0.878347 0.320320 -0.970217 0.320320 1.599490   1   2  -1 
2456409.867093 3.123274 0.035585 -10475.673600 0.617333 -10476.373940 -2.381198 -10475.141616 -2.913182 0.617333 -0.531984 0.617333 1.599490   1   2  -1 
2456409.867093 3.123274 0.035585 -10475.673600 0.617333 -10476.373940 -2.381198 -10475.141616 -2.913182 0.617333 -0.531984 0.617333 1.599490   1   2  -1 
2456409.872719 3.128900 0.035979 -10476.137178 0.595203 -10476.373940 -2.380231 -10475.141116 -3.376293 0.595203 -0.996062 0.595203 1.599490   1   2  -1 
2456409.872719 3.128900 0.035979 -10476.137178 0.595203 -10476.373940 -2.380231 -10475.141116 -3.376293 0.595203 -0.996062 0.595203 1.599490   1   2  -1 
2456410.795661 4.051842 0.100567 -10473.625918 3.271074 -10476.373940 -1.925754 -10475.258644 -0.293028 3.271074 1.632726 3.271074 1.599490   1   2  -1 
2456410.795661 4.051842 0.100567 -10473.625918 3.271074 -10476.373940 -1.925754 -10475.258644 -0.293028 3.271074 1.632726 3.271074 1.599490   1   2  -1 
2456410.804261 4.060442 0.101169 -10469.468381 2.427430 -10476.373940 -1.919164 -10475.261312 3.873767 2.427430 5.792931 2.427430 1.599490   1   2  -1 
2456410.804261 4.060442 0.101169 -10469.468381 2.427430 -10476.373940 -1.919164 -10475.261312 3.873767 2.427430 5.792931 2.427430 1.599490   1   2  -1 
2456416.824768 -4.208734 0.522487 -10472.302186 0.550392 -10476.373940 1.752523 -10471.804410 1.254747 0.550392 -0.497776 0.550392 1.599490   1   2  -1 
2456416.824768 -4.208734 0.522487 -10472.302186 0.550392 -10476.373940 1.752523 -10471.804410 1.254747 0.550392 -0.497776 0.550392 1.599490   1   2  -1 
2456416.828565 -4.204937 0.522753 -10470.986675 0.545862 -10476.373940 1.752418 -10471.803506 2.569250 0.545862 0.816831 0.545862 1.599490   1   2  -1 
2456416.828565 -4.204937 0.522753 -10470.986675 0.545862 -10476.373940 1.752418 -10471.803506 2.569250 0.545862 0.816831 0.545862 1.599490   1   2  -1 
2456416.832443 -4.201059 0.523024 -10471.882453 0.566830 -10476.373940 1.752309 -10471.802596 1.672452 0.566830 -0.079857 0.566830 1.599490   1   2  -1 
2456416.832443 -4.201059 0.523024 -10471.882453 0.566830 -10476.373940 1.752309 -10471.802596 1.672452 0.566830 -0.079857 0.566830 1.599490   1   2  -1 
2456432.884915 -2.438270 0.646385 -10474.962361 0.393986 -10476.373940 1.360040 -10475.427171 1.824851 0.393986 0.464810 0.393986 1.599490   1   2  -1 
2456432.884915 -2.438270 0.646385 -10474.962361 0.393986 -10476.373940 1.360040 -10475.427171 1.824851 0.393986 0.464810 0.393986 1.599490   1   2  -1 
2456432.890124 -2.433061 0.646750 -10475.372110 0.450803 -10476.373940 1.357856 -10475.428531 1.414277 0.450803 0.056421 0.450803 1.599490   1   2  -1 
2456432.890124 -2.433061 0.646750 -10475.372110 0.450803 -10476.373940 1.357856 -10475.428531 1.414277 0.450803 0.056421 0.450803 1.599490   1   2  -1 
2456433.905268 -1.417917 0.717790 -10472.852948 0.738644 -10476.373940 0.813769 -10475.780489 3.741310 0.738644 2.927541 0.738644 1.599490   1   2  -1 
2456433.905268 -1.417917 0.717790 -10472.852948 0.738644 -10476.373940 0.813769 -10475.780489 3.741310 0.738644 2.927541 0.738644 1.599490   1   2  -1 
2456433.910395 -1.412790 0.718149 -10474.512391 0.801539 -10476.373940 0.810422 -10475.782813 2.080844 0.801539 1.270422 0.801539 1.599490   1   2  -1 
2456433.910395 -1.412790 0.718149 -10474.512391 0.801539 -10476.373940 0.810422 -10475.782813 2.080844 0.801539 1.270422 0.801539 1.599490   1   2  -1 
2456434.892458 -0.430727 0.786874 -10475.434897 0.484791 -10476.373940 0.063441 -10476.347405 0.975948 0.484791 0.912508 0.484791 1.599490   1   2  -1 
2456434.892458 -0.430727 0.786874 -10475.434897 0.484791 -10476.373940 0.063441 -10476.347405 0.975948 0.484791 0.912508 0.484791 1.599490   1   2  -1 
2456434.898129 -0.425056 0.787271 -10474.106533 0.468854 -10476.373940 0.058556 -10476.351333 2.303356 0.468854 2.244800 0.468854 1.599490   1   2  -1 
2456434.898129 -0.425056 0.787271 -10474.106533 0.468854 -10476.373940 0.058556 -10476.351333 2.303356 0.468854 2.244800 0.468854 1.599490   1   2  -1 
2456437.889188 2.566003 0.996587 -10477.501611 0.400790 -10476.373940 -2.356828 -10478.226192 -1.632247 0.400790 0.724581 0.400790 1.599490   1   2  -1 
2456437.889188 2.566003 0.996587 -10477.501611 0.400790 -10476.373940 -2.356828 -10478.226192 -1.632247 0.400790 0.724581 0.400790 1.599490   1   2  -1 
2456437.894720 2.571535 0.996974 -10477.202903 0.367888 -10476.373940 -2.358223 -10478.226348 -1.334778 0.367888 1.023445 0.367888 1.599490   1   2  -1 
2456437.894720 2.571535 0.996974 -10477.202903 0.367888 -10476.373940 -2.358223 -10478.226348 -1.334778 0.367888 1.023445 0.367888 1.599490   1   2  -1 
2456438.860772 3.537587 0.064579 -10477.416873 0.320407 -10476.373940 -2.247517 -10477.902269 -1.762121 0.320407 0.485396 0.320407 1.599490   1   2  -1 
2456438.860772 3.537587 0.064579 -10477.416873 0.320407 -10476.373940 -2.247517 -10477.902269 -1.762121 0.320407 0.485396 0.320407 1.599490   1   2  -1 
2456441.860316 6.537131 0.274489 -10477.889690 0.423142 -10476.373940 0.393847 -10474.746722 -2.749121 0.423142 -3.142968 0.423142 1.599490   1   2  -1 
2456441.860316 6.537131 0.274489 -10477.889690 0.423142 -10476.373940 0.393847 -10474.746722 -2.749121 0.423142 -3.142968 0.423142 1.599490   1   2  -1 
2456454.832361 5.219493 0.182280 -10475.281861 0.354619 -10476.373940 -0.835749 -10474.682532 -1.435078 0.354619 -0.599329 0.354619 1.599490   1   2  -1 
2456454.832361 5.219493 0.182280 -10475.281861 0.354619 -10476.373940 -0.835749 -10474.682532 -1.435078 0.354619 -0.599329 0.354619 1.599490   1   2  -1 
2456454.837894 5.225026 0.182667 -10474.118452 0.355826 -10476.373940 -0.830172 -10474.677875 -0.270749 0.355826 0.559423 0.355826 1.599490   1   2  -1 
2456454.837894 5.225026 0.182667 -10474.118452 0.355826 -10476.373940 -0.830172 -10474.677875 -0.270749 0.355826 0.559423 0.355826 1.599490   1   2  -1 
2456467.823190 3.920638 0.091385 -10478.702475 0.627828 -10476.373940 -2.021858 -10477.683707 -3.040625 0.627828 -1.018768 0.627828 1.599490   1   2  -1 
2456467.823190 3.920638 0.091385 -10478.702475 0.627828 -10476.373940 -2.021858 -10477.683707 -3.040625 0.627828 -1.018768 0.627828 1.599490   1   2  -1 
2456467.826929 3.924377 0.091647 -10477.017285 0.556688 -10476.373940 -2.019239 -10477.680126 -1.356398 0.556688 0.662841 0.556688 1.599490   1   2  -1 
2456467.826929 3.924377 0.091647 -10477.017285 0.556688 -10476.373940 -2.019239 -10477.680126 -1.356398 0.556688 0.662841 0.556688 1.599490   1   2  -1 
2456467.830702 3.928150 0.091911 -10477.517838 0.592918 -10476.373940 -2.016589 -10477.676501 -1.857926 0.592918 0.158663 0.592918 1.599490   1   2  -1 
2456467.830702 3.928150 0.091911 -10477.517838 0.592918 -10476.373940 -2.016589 -10477.676501 -1.857926 0.592918 0.158663 0.592918 1.599490   1   2  -1 
2456473.860840 -4.331395 0.513903 -10476.447652 0.525661 -10476.373940 1.754181 -10474.647925 -0.045545 0.525661 -1.799727 0.525661 1.599490   1   2  -1 
2456473.860840 -4.331395 0.513903 -10476.447652 0.525661 -10476.373940 1.754181 -10474.647925 -0.045545 0.525661 -1.799727 0.525661 1.599490   1   2  -1 
2456473.864821 -4.327414 0.514182 -10476.577531 0.508451 -10476.373940 1.754179 -10474.646010 -0.177341 0.508451 -1.931521 0.508451 1.599490   1   2  -1 
2456473.864821 -4.327414 0.514182 -10476.577531 0.508451 -10476.373940 1.754179 -10474.646010 -0.177341 0.508451 -1.931521 0.508451 1.599490   1   2  -1 
2456473.868595 -4.323640 0.514446 -10477.152422 0.549460 -10476.373940 1.754174 -10474.644190 -0.754057 0.549460 -2.508232 0.549460 1.599490   1   2  -1 
2456473.868595 -4.323640 0.514446 -10477.152422 0.549460 -10476.373940 1.754174 -10474.644190 -0.754057 0.549460 -2.508232 0.549460 1.599490   1   2  -1 
2456480.776552 2.584317 0.997869 -10477.791088 0.498216 -10476.373940 -2.361361 -10477.116308 -3.036141 0.498216 -0.674780 0.498216 1.599490   1   2  -1 
2456480.776552 2.584317 0.997869 -10477.791088 0.498216 -10476.373940 -2.361361 -10477.116308 -3.036141 0.498216 -0.674780 0.498216 1.599490   1   2  -1 
2456480.782281 2.590046 0.998270 -10479.026503 0.462663 -10476.373940 -2.362728 -10477.114609 -4.274622 0.462663 -1.911894 0.462663 1.599490   1   2  -1 
2456480.782281 2.590046 0.998270 -10479.026503 0.462663 -10476.373940 -2.362728 -10477.114609 -4.274622 0.462663 -1.911894 0.462663 1.599490   1   2  -1 
2456481.631506 3.439271 0.057699 -10479.243238 0.620379 -10476.373940 -2.290371 -10476.553231 -4.980378 0.620379 -2.690007 0.620379 1.599490   1   2  -1 
2456481.631506 3.439271 0.057699 -10479.243238 0.620379 -10476.373940 -2.290371 -10476.553231 -4.980378 0.620379 -2.690007 0.620379 1.599490   1   2  -1 
2456481.637189 3.444954 0.058097 -10479.719427 0.629706 -10476.373940 -2.288076 -10476.547737 -5.459766 0.629706 -3.171690 0.629706 1.599490   1   2  -1 
2456481.637189 3.444954 0.058097 -10479.719427 0.629706 -10476.373940 -2.288076 -10476.547737 -5.459766 0.629706 -3.171690 0.629706 1.599490   1   2  -1 
2456501.599929 -5.171672 0.455100 -10471.824389 0.315832 -10476.373940 1.675872 -10473.359165 3.210647 0.315832 1.534776 0.315832 1.599490   1   2  -1 
2456501.599929 -5.171672 0.455100 -10471.824389 0.315832 -10476.373940 1.675872 -10473.359165 3.210647 0.315832 1.534776 0.315832 1.599490   1   2  -1 
2456523.744316 2.683032 0.004777 -10476.503679 0.283739 -10476.373940 -2.381525 -10476.480661 -2.404543 0.283739 -0.023018 0.283739 1.599490   1   2  -1 
2456523.744316 2.683032 0.004777 -10476.503679 0.283739 -10476.373940 -2.381525 -10476.480661 -2.404543 0.283739 -0.023018 0.283739 1.599490   1   2  -1 
2456524.691276 3.629992 0.071046 -10475.914483 0.351566 -10476.373940 -2.201327 -10476.335253 -1.780557 0.351566 0.420770 0.351566 1.599490   1   2  -1 
2456524.691276 3.629992 0.071046 -10475.914483 0.351566 -10476.373940 -2.201327 -10476.335253 -1.780557 0.351566 0.420770 0.351566 1.599490   1   2  -1 
2456524.696693 3.635409 0.071425 -10476.491657 0.358347 -10476.373940 -2.198447 -10476.332179 -2.357925 0.358347 -0.159478 0.358347 1.599490   1   2  -1 
2456524.696693 3.635409 0.071425 -10476.491657 0.358347 -10476.373940 -2.198447 -10476.332179 -2.357925 0.358347 -0.159478 0.358347 1.599490   1   2  -1 
2456525.743740 4.682456 0.144698 -10476.578898 0.318867 -10476.373940 -1.370593 -10475.455991 -2.493500 0.318867 -1.122907 0.318867 1.599490   1   2  -1 
2456525.743740 4.682456 0.144698 -10476.578898 0.318867 -10476.373940 -1.370593 -10475.455991 -2.493500 0.318867 -1.122907 0.318867 1.599490   1   2  -1 
2456569.534062 5.603728 0.209169 -10476.206904 0.538465 -10476.373940 -0.452094 -10475.208185 -1.450813 0.538465 -0.998719 0.538465 1.599490   1   2  -1 
2456569.534062 5.603728 0.209169 -10476.206904 0.538465 -10476.373940 -0.452094 -10475.208185 -1.450813 0.538465 -0.998719 0.538465 1.599490   1   2  -1 
2456585.564665 -6.945035 0.330999 -10473.765867 0.427831 -10476.373940 0.970972 -10474.158375 1.363480 0.427831 0.392508 0.427831 1.599490   1   2  -1 
2456585.564665 -6.945035 0.330999 -10473.765867 0.427831 -10476.373940 0.970972 -10474.158375 1.363480 0.427831 0.392508 0.427831 1.599490   1   2  -1 
2456585.568473 -6.941227 0.331266 -10475.180778 0.414412 -10476.373940 0.973312 -10474.154483 -0.052983 0.414412 -1.026295 0.414412 1.599490   1   2  -1 
2456585.568473 -6.941227 0.331266 -10475.180778 0.414412 -10476.373940 0.973312 -10474.154483 -0.052983 0.414412 -1.026295 0.414412 1.599490   1   2  -1 
2456585.572350 -6.937350 0.331537 -10474.743998 0.423051 -10476.373940 0.975690 -10474.150524 0.382215 0.423051 -0.593474 0.423051 1.599490   1   2  -1 
2456585.572350 -6.937350 0.331537 -10474.743998 0.423051 -10476.373940 0.975690 -10474.150524 0.382215 0.423051 -0.593474 0.423051 1.599490   1   2  -1 
2456586.547688 -5.962012 0.399792 -10474.360620 0.464286 -10476.373940 1.455283 -10473.268951 0.363614 0.464286 -1.091669 0.464286 1.599490   1   2  -1 
2456586.547688 -5.962012 0.399792 -10474.360620 0.464286 -10476.373940 1.455283 -10473.268951 0.363614 0.464286 -1.091669 0.464286 1.599490   1   2  -1 
2456586.551530 -5.958170 0.400061 -10474.580572 0.496503 -10476.373940 1.456712 -10473.266036 0.142176 0.496503 -1.314536 0.496503 1.599490   1   2  -1 
2456586.551530 -5.958170 0.400061 -10474.580572 0.496503 -10476.373940 1.456712 -10473.266036 0.142176 0.496503 -1.314536 0.496503 1.599490   1   2  -1 
2456586.555442 -5.954258 0.400334 -10475.256026 0.515154 -10476.373940 1.458163 -10473.263073 -0.534790 0.515154 -1.992953 0.515154 1.599490   1   2  -1 
2456586.555442 -5.954258 0.400334 -10475.256026 0.515154 -10476.373940 1.458163 -10473.263073 -0.534790 0.515154 -1.992953 0.515154 1.599490   1   2  -1 
2456590.510961 -1.998739 0.677144 -10473.364197 0.683759 -10476.373940 1.153972 -10472.757727 0.547501 0.683759 -0.606470 0.683759 1.599490   1   2  -1 
2456590.510961 -1.998739 0.677144 -10473.364197 0.683759 -10476.373940 1.153972 -10472.757727 0.547501 0.683759 -0.606470 0.683759 1.599490   1   2  -1 
2456590.514943 -1.994757 0.677423 -10471.788641 0.761395 -10476.373940 1.151903 -10472.758497 2.121759 0.761395 0.969856 0.761395 1.599490   1   2  -1 
2456590.514943 -1.994757 0.677423 -10471.788641 0.761395 -10476.373940 1.151903 -10472.758497 2.121759 0.761395 0.969856 0.761395 1.599490   1   2  -1 
2456590.518611 -1.991089 0.677679 -10472.177822 0.643858 -10476.373940 1.149994 -10472.759206 1.731378 0.643858 0.581384 0.643858 1.599490   1   2  -1 
2456590.518611 -1.991089 0.677679 -10472.177822 0.643858 -10476.373940 1.149994 -10472.759206 1.731378 0.643858 0.581384 0.643858 1.599490   1   2  -1 
2456765.917789 1.931891 0.952212 -10478.736988 0.356105 -10476.373940 -2.060838 -10478.020919 -2.776907 0.356105 -0.716069 0.356105 1.599490   1   2  -1 
2456765.917789 1.931891 0.952212 -10478.736988 0.356105 -10476.373940 -2.060838 -10478.020919 -2.776907 0.356105 -0.716069 0.356105 1.599490   1   2  -1 
2456765.923021 1.937123 0.952578 -10479.356033 0.359343 -10476.373940 -2.064266 -10478.023707 -3.396592 0.359343 -1.332326 0.359343 1.599490   1   2  -1 
2456765.923021 1.937123 0.952578 -10479.356033 0.359343 -10476.373940 -2.064266 -10478.023707 -3.396592 0.359343 -1.332326 0.359343 1.599490   1   2  -1 
2456789.854143 -2.711121 0.627291 -10471.510093 0.391560 -10476.373940 1.465889 -10471.190600 1.146396 0.391560 -0.319493 0.391560 1.599490   1   2  -1 
2456789.854143 -2.711121 0.627291 -10471.510093 0.391560 -10476.373940 1.465889 -10471.190600 1.146396 0.391560 -0.319493 0.391560 1.599490   1   2  -1 
2456789.859722 -2.705542 0.627681 -10471.639643 0.405092 -10476.373940 1.463892 -10471.191297 1.015547 0.405092 -0.448346 0.405092 1.599490   1   2  -1 
2456789.859722 -2.705542 0.627681 -10471.639643 0.405092 -10476.373940 1.463892 -10471.191297 1.015547 0.405092 -0.448346 0.405092 1.599490   1   2  -1 
2456806.890179 0.035232 0.819482 -10477.728101 0.424327 -10476.373940 -0.355715 -10476.240788 -1.843029 0.424327 -1.487313 0.424327 1.599490   1   2  -1 
2456806.890179 0.035232 0.819482 -10477.728101 0.424327 -10476.373940 -0.355715 -10476.240788 -1.843029 0.424327 -1.487313 0.424327 1.599490   1   2  -1 
2456829.893363 -5.540951 0.429258 -10474.769093 0.272363 -10476.373940 1.590964 -10473.963553 0.785424 0.272363 -0.805540 0.272363 1.599490   1   2  -1 
2456829.893363 -5.540951 0.429258 -10474.769093 0.272363 -10476.373940 1.590964 -10473.963553 0.785424 0.272363 -0.805540 0.272363 1.599490   1   2  -1 
2456857.748704 -6.264976 0.378590 -10473.725387 0.458440 -10476.373940 1.331393 -10472.881234 0.487240 0.458440 -0.844153 0.458440 1.599490   1   2  -1 
2456857.748704 -6.264976 0.378590 -10473.725387 0.458440 -10476.373940 1.331393 -10472.881234 0.487240 0.458440 -0.844153 0.458440 1.599490   1   2  -1 
2456857.754433 -6.259247 0.378991 -10473.163228 0.448012 -10476.373940 1.333943 -10472.879001 1.049716 0.448012 -0.284227 0.448012 1.599490   1   2  -1 
2456857.754433 -6.259247 0.378991 -10473.163228 0.448012 -10476.373940 1.333943 -10472.879001 1.049716 0.448012 -0.284227 0.448012 1.599490   1   2  -1 
2456866.784629 2.770949 0.010929 -10479.134302 0.372433 -10476.373940 -2.393327 -10478.844021 -2.683609 0.372433 -0.290281 0.372433 1.599490   1   2  -1 
2456866.784629 2.770949 0.010929 -10479.134302 0.372433 -10476.373940 -2.393327 -10478.844021 -2.683609 0.372433 -0.290281 0.372433 1.599490   1   2  -1 
2456896.727940 4.134894 0.106379 -10476.588857 0.526898 -10476.373940 -1.860722 -10475.586527 -2.863053 0.526898 -1.002330 0.526898 1.599490   1   2  -1 
2456896.727940 4.134894 0.106379 -10476.588857 0.526898 -10476.373940 -1.860722 -10475.586527 -2.863053 0.526898 -1.002330 0.526898 1.599490   1   2  -1 
2456896.733287 4.140241 0.106753 -10476.057196 0.651138 -10476.373940 -1.856432 -10475.581047 -2.332581 0.651138 -0.476149 0.651138 1.599490   1   2  -1 
2456896.733287 4.140241 0.106753 -10476.057196 0.651138 -10476.373940 -1.856432 -10475.581047 -2.332581 0.651138 -0.476149 0.651138 1.599490   1   2  -1 
2457146.919889 -2.887454 0.614951 -10475.918297 0.272209 -10476.373940 1.525389 -10473.077819 -1.315089 0.272209 -2.840478 0.272209 1.599490   1   2  -1 
2457146.919889 -2.887454 0.614951 -10475.918297 0.272209 -10476.373940 1.525389 -10473.077819 -1.315089 0.272209 -2.840478 0.272209 1.599490   1   2  -1 
2457176.844500 -1.542209 0.709092 -10464.313000 0.241278 -10460.971780 0.893070 -10462.776768 -0.643162 0.241278 -1.536232 0.241278 1.599490   1   3  -1 
2457176.844500 -1.542209 0.709092 -10464.313000 0.241278 -10460.971780 0.893070 -10462.776768 -0.643162 0.241278 -1.536232 0.241278 1.599490   1   3  -1 
2457180.950532 2.563823 0.996435 -10468.297390 0.305748 -10460.971780 -2.356272 -10465.574740 -5.078922 0.305748 -2.722650 0.305748 1.599490   1   3  -1 
2457180.950532 2.563823 0.996435 -10468.297390 0.305748 -10460.971780 -2.356272 -10465.574740 -5.078922 0.305748 -2.722650 0.305748 1.599490   1   3  -1 
2457180.956053 2.569344 0.996821 -10469.641714 0.321155 -10460.971780 -2.357673 -10465.576491 -6.422896 0.321155 -4.065223 0.321155 1.599490   1   3  -1 
2457180.956053 2.569344 0.996821 -10469.641714 0.321155 -10460.971780 -2.357673 -10465.576491 -6.422896 0.321155 -4.065223 0.321155 1.599490   1   3  -1 
2457257.708144 -6.416664 0.367975 -10458.156667 0.478548 -10460.971780 1.260946 -10456.622191 -0.273530 0.478548 -1.534476 0.478548 1.599490   1   3  -1 
2457257.708144 -6.416664 0.367975 -10458.156667 0.478548 -10460.971780 1.260946 -10456.622191 -0.273530 0.478548 -1.534476 0.478548 1.599490   1   3  -1 
2457257.713815 -6.410993 0.368372 -10458.308869 0.515819 -10460.971780 1.263682 -10456.620620 -0.424567 0.515819 -1.688249 0.515819 1.599490   1   3  -1 
2457257.713815 -6.410993 0.368372 -10458.308869 0.515819 -10460.971780 1.263682 -10456.620620 -0.424567 0.515819 -1.688249 0.515819 1.599490   1   3  -1 
2457307.523708 0.529850 0.854096 -10460.965808 0.284606 -10460.971780 -0.829164 -10461.899841 0.104869 0.284606 0.934033 0.284606 1.599490   1   3  -1 
2457307.523708 0.529850 0.854096 -10460.965808 0.284606 -10460.971780 -0.829164 -10461.899841 0.104869 0.284606 0.934033 0.284606 1.599490   1   3  -1 
2457307.529113 0.535255 0.854474 -10461.174528 0.295801 -10460.971780 -0.834418 -10461.903991 -0.104956 0.295801 0.729463 0.295801 1.599490   1   3  -1 
2457307.529113 0.535255 0.854474 -10461.174528 0.295801 -10460.971780 -0.834418 -10461.903991 -0.104956 0.295801 0.729463 0.295801 1.599490   1   3  -1 
2457675.588735 -2.936885 0.611492 -10454.424591 0.266631 -10460.971780 1.540821 -10458.807059 5.923289 0.266631 4.382468 0.266631 1.599490   1   3  -1 
2457675.588735 -2.936885 0.611492 -10454.424591 0.266631 -10460.971780 1.540821 -10458.807059 5.923289 0.266631 4.382468 0.266631 1.599490   1   3  -1 
2457879.840329 1.259145 0.905132 -10463.101417 0.420408 -10460.971780 -1.524551 -10463.939482 -0.686486 0.420408 0.838065 0.420408 1.599490   1   3  -1 
2457879.840329 1.259145 0.905132 -10463.101417 0.420408 -10460.971780 -1.524551 -10463.939482 -0.686486 0.420408 0.838065 0.420408 1.599490   1   3  -1 
2457943.770578 -6.259022 0.379007 -10457.458256 0.227044 -10460.971780 1.334043 -10458.553271 2.429057 0.227044 1.095015 0.227044 1.599490   1   3  -1 
2457943.770578 -6.259022 0.379007 -10457.458256 0.227044 -10460.971780 1.334043 -10458.553271 2.429057 0.227044 1.095015 0.227044 1.599490   1   3  -1 
2457968.637355 4.318072 0.119198 -10461.424457 0.383012 -10460.971780 -1.707261 -10462.129625 -1.002092 0.383012 0.705168 0.383012 1.599490   1   3  -1 
2457968.637355 4.318072 0.119198 -10461.424457 0.383012 -10460.971780 -1.707261 -10462.129625 -1.002092 0.383012 0.705168 0.383012 1.599490   1   3  -1 
2460042.883932 6.560591 0.276131 -10467.619651 0.097183 -10468.496799 0.412831 -10468.230571 1.023751 0.097183 0.610920 0.097183 0.980722   0   1  -1 
2460042.889532 6.566191 0.276522 -10467.826807 0.098837 -10468.496799 0.417343 -10468.228491 0.819027 0.098837 0.401684 0.098837 0.980722   0   1  -1 
2460043.870973 -6.742051 0.345204 -10467.810891 0.115769 -10468.496799 1.090614 -10467.897178 1.176901 0.115769 0.086287 0.115769 0.980722   0   1  -1 
2460043.876677 -6.736347 0.345603 -10467.827764 0.107743 -10468.496799 1.093828 -10467.895497 1.161561 0.107743 0.067733 0.107743 0.980722   0   1  -1 
2460044.793251 -5.819773 0.409746 -10466.216747 0.119007 -10468.496799 1.505818 -10467.677222 2.966293 0.119007 1.460475 0.119007 0.980722   0   1  -1 
2460044.798982 -5.814042 0.410147 -10466.355629 0.118254 -10468.496799 1.507753 -10467.676230 2.828354 0.118254 1.320601 0.118254 0.980722   0   1  -1 
2460045.773704 -4.839320 0.478358 -10468.947680 0.263543 -10468.496799 1.725700 -10467.592957 0.370978 0.263543 -1.354723 0.263543 0.980722   0   1  -1 
2460045.779649 -4.833375 0.478774 -10468.728031 0.178179 -10468.496799 1.726365 -10467.593022 0.591356 0.178179 -1.135009 0.178179 0.980722   0   1  -1 
2460046.786658 -3.826366 0.549246 -10466.718679 0.108298 -10468.496799 1.726188 -10467.717430 2.724938 0.108298 0.998751 0.108298 0.980722   0   1  -1 
2460046.792204 -3.820820 0.549634 -10467.571100 0.100449 -10468.496799 1.725570 -10467.718758 1.873228 0.100449 0.147658 0.100449 0.980722   0   1  -1 
2460047.789500 -2.823524 0.619425 -10468.079684 0.107918 -10468.496799 1.504621 -10468.071040 1.495977 0.107918 -0.008644 0.107918 0.980722   0   1  -1 
2460047.795047 -2.817977 0.619813 -10468.412170 0.104000 -10468.496799 1.502776 -10468.073606 1.164212 0.104000 -0.338564 0.104000 0.980722   0   1  -1 
2460048.783364 -1.829660 0.688976 -10468.577566 0.129590 -10468.496799 1.062923 -10468.623484 1.108841 0.129590 0.045918 0.129590 0.980722   0   1  -1 
2460048.789012 -1.824012 0.689371 -10468.027070 0.120793 -10468.496799 1.059768 -10468.627102 1.659801 0.120793 0.600032 0.120793 0.980722   0   1  -1 
2460049.801102 -0.811922 0.760198 -10468.921797 0.111941 -10468.496799 0.377575 -10469.340393 0.796171 0.111941 0.418596 0.111941 0.980722   0   1  -1 
2460049.806533 -0.806491 0.760578 -10469.044553 0.118675 -10468.496799 0.373305 -10469.344501 0.673253 0.118675 0.299948 0.118675 0.980722   0   1  -1 
2460050.776767 0.163743 0.828476 -10470.880979 0.110463 -10468.496799 -0.476692 -10470.099238 -1.258433 0.110463 -0.781741 0.110463 0.980722   0   1  -1 
2460050.782471 0.169447 0.828875 -10470.587932 0.106168 -10468.496799 -0.482104 -10470.103698 -0.966337 0.106168 -0.484234 0.106168 0.980722   0   1  -1 
2460068.823617 3.920910 0.091404 -10467.442048 0.125458 -10468.496799 -2.021668 -10468.446233 -1.017483 0.125458 1.004185 0.125458 0.980722   0   1  -1 
2460068.829253 3.926546 0.091799 -10468.177705 0.157911 -10468.496799 -2.017717 -10468.444313 -1.751109 0.157911 0.266608 0.157911 0.980722   0   1  -1 
2460073.775251 -5.417139 0.437922 -10468.691416 0.136518 -10468.496799 1.622938 -10467.974204 0.905726 0.136518 -0.717212 0.136518 0.980722   0   1  -1 
2460073.780774 -5.411616 0.438309 -10468.532442 0.124641 -10468.496799 1.624281 -10467.974051 1.065890 0.124641 -0.558391 0.124641 0.980722   0   1  -1 
2460076.728213 -2.464177 0.644572 -10468.677012 0.126723 -10468.496799 1.370814 -10468.160477 0.854279 0.126723 -0.516535 0.126723 0.980722   0   1  -1 
2460076.733797 -2.458593 0.644963 -10468.420636 0.121235 -10468.496799 1.368504 -10468.161852 1.109720 0.121235 -0.258784 0.121235 0.980722   0   1  -1 
2460077.755001 -1.437389 0.716427 -10469.796842 0.156253 -10468.496799 0.826425 -10468.496191 -0.474226 0.156253 -1.300651 0.156253 0.980722   0   1  -1 
2460077.760768 -1.431622 0.716831 -10469.832216 0.150546 -10468.496799 0.822686 -10468.498579 -0.510951 0.150546 -1.333637 0.150546 0.980722   0   1  -1 
2460078.818364 -0.374026 0.790842 -10470.121344 0.118065 -10468.496799 0.014339 -10469.052303 -1.054702 0.118065 -1.069041 0.118065 0.980722   0   1  -1 
2460078.823976 -0.368414 0.791235 -10470.631326 0.115757 -10468.496799 0.009448 -10469.055920 -1.565958 0.115757 -1.575406 0.115757 0.980722   0   1  -1 
2460079.846559 0.654169 0.862796 -10469.784428 0.112864 -10468.496799 -0.950098 -10469.840009 -0.894518 0.112864 0.055581 0.112864 0.980722   0   1  -1 
2460079.852048 0.659658 0.863180 -10469.613740 0.114319 -10468.496799 -0.955437 -10469.844804 -0.724373 0.114319 0.231064 0.114319 0.980722   0   1  -1 
2460080.730235 1.537845 0.924636 -10469.772583 0.121764 -10468.496799 -1.766518 -10470.632283 -0.906819 0.121764 0.859700 0.121764 0.980722   0   1  -1 
2460080.735864 1.543474 0.925030 -10469.610615 0.112383 -10468.496799 -1.771162 -10470.637144 -0.744633 0.112383 1.026529 0.112383 0.980722   0   1  -1 
2460082.755256 3.562866 0.066348 -10469.121371 0.143393 -10468.496799 -2.235439 -10471.105043 -0.251767 0.143393 1.983672 0.143393 0.980722   0   1  -1 
2460082.760842 3.568452 0.066739 -10468.518798 0.129661 -10468.496799 -2.232713 -10471.101055 0.349544 0.129661 2.582257 0.129661 0.980722   0   1  -1 
2460085.681985 6.489595 0.271162 -10469.405639 0.182782 -10468.496799 0.354995 -10466.188492 -2.862152 0.182782 -3.217147 0.182782 0.980722   0   1  -1 
2460085.687655 6.495265 0.271559 -10468.302871 0.192173 -10468.496799 0.359656 -10466.178318 -1.764896 0.192173 -2.124553 0.192173 0.980722   0   1  -1 
2460086.748603 -6.733471 0.345805 -10463.771857 0.096592 -10468.496799 1.095445 -10464.704982 2.028570 0.096592 0.933125 0.096592 0.980722   0   1  -1 
2460086.754324 -6.727750 0.346205 -10464.310069 0.104158 -10468.496799 1.098655 -10464.699846 1.488433 0.104158 0.389777 0.104158 0.980722   0   1  -1 
2460199.601214 6.091358 0.243293 -10467.857782 0.194625 -10468.496799 0.010146 -10468.761089 0.913453 0.194625 0.903307 0.194625 0.980722   0   1  -1 
2460199.607025 6.097169 0.243700 -10469.302924 0.190719 -10468.496799 0.015412 -10468.752341 -0.535172 0.190719 -0.550583 0.190719 0.980722   0   1  -1 
2460201.515076 -6.284463 0.377227 -10466.554990 0.136306 -10468.496799 1.322659 -10466.660530 1.428200 0.136306 0.105540 0.136306 0.980722   0   1  -1 
2460201.520627 -6.278912 0.377615 -10466.389365 0.147106 -10468.496799 1.325157 -10466.656936 1.592728 0.147106 0.267571 0.147106 0.980722   0   1  -1 
2460202.533617 -5.265922 0.448505 -10465.659465 0.116368 -10468.496799 1.657182 -10466.208584 2.206300 0.116368 0.549119 0.116368 0.980722   0   1  -1 
2460202.539273 -5.260266 0.448900 -10465.508485 0.110234 -10468.496799 1.658361 -10466.207108 2.356984 0.110234 0.698623 0.110234 0.980722   0   1  -1 
2460203.571018 -4.228521 0.521103 -10465.844882 0.168626 -10468.496799 1.753014 -10466.086082 1.994213 0.168626 0.241200 0.168626 0.980722   0   1  -1 
2460203.577196 -4.222343 0.521535 -10465.648256 0.180164 -10468.496799 1.752869 -10466.086157 2.190771 0.180164 0.437901 0.180164 0.980722   0   1  -1 
2460204.530857 -3.268682 0.588273 -10467.427115 0.098515 -10468.496799 1.630355 -10466.202654 0.405894 0.098515 -1.224461 0.098515 0.980722   0   1  -1 
2460204.536387 -3.263152 0.588660 -10466.800940 0.104273 -10468.496799 1.629062 -10466.203946 1.032069 0.104273 -0.596994 0.104273 0.980722   0   1  -1 
2460205.516019 -2.283520 0.657215 -10468.149301 0.122140 -10468.496799 1.292515 -10466.553505 -0.303282 0.122140 -1.595796 0.122140 0.980722   0   1  -1 
2460205.521490 -2.278049 0.657598 -10467.759986 0.108265 -10468.496799 1.290028 -10466.556149 0.086191 0.108265 -1.203837 0.108265 0.980722   0   1  -1 
2460206.534104 -1.265435 0.728461 -10467.984215 0.123507 -10468.496799 0.711690 -10467.172581 -0.099944 0.123507 -0.811634 0.123507 0.980722   0   1  -1 
2460206.539634 -1.259905 0.728848 -10467.395836 0.112931 -10468.496799 0.707889 -10467.176575 0.488629 0.112931 -0.219261 0.112931 0.980722   0   1  -1 
2460208.612713 0.813174 0.873923 -10467.863703 0.119086 -10468.496799 -1.104417 -10468.800174 -0.167947 0.119086 0.936471 0.119086 0.980722   0   1  -1 
2460208.618030 0.818491 0.874295 -10468.124237 0.122661 -10468.496799 -1.109558 -10468.803740 -0.430056 0.122661 0.679503 0.122661 0.980722   0   1  -1 
2460209.504007 1.704468 0.936296 -10468.350357 0.247406 -10468.496799 -1.899040 -10469.240784 -1.008613 0.247406 0.890427 0.247406 0.980722   0   1  -1 
2460209.509978 1.710439 0.936714 -10468.742438 0.220522 -10468.496799 -1.903586 -10469.242421 -1.403603 0.220522 0.499983 0.220522 0.980722   0   1  -1 
2460210.587394 2.787855 0.012112 -10468.232795 0.137683 -10468.496799 -2.394924 -10469.159460 -1.468259 0.137683 0.926665 0.137683 0.980722   0   1  -1 
2460210.593026 2.793487 0.012507 -10467.916827 0.147704 -10468.496799 -2.395407 -10469.156955 -1.155280 0.147704 1.240128 0.147704 0.980722   0   1  -1 
2460211.516295 3.716756 0.077117 -10469.090653 0.190231 -10468.496799 -2.152983 -10468.503936 -2.739700 0.190231 -0.586717 0.190231 0.980722   0   1  -1 
2460211.522268 3.722729 0.077535 -10468.782398 0.153085 -10468.496799 -2.149484 -10468.498515 -2.433366 0.153085 -0.283883 0.153085 0.980722   0   1  -1 
