# time Tc_folded Tref_folded value value_err offset model full_model val_compare val_compare_err residuals residuals_err jitter jitter_flag offset_flag subset_flag 
2455480.529186 0.000000 0.000000 -26.909975 0.971355 -24.434828 -2.301276 -26.736104 -2.475147 0.971355 -0.173871 0.971355 1.100290   1   2  -1 
2455480.532970 0.000000 0.000000 -26.058843 0.880169 -24.434828 -2.297561 -26.732388 -1.624015 0.880169 0.673545 0.880169 1.100290   1   2  -1 
2455480.536778 0.000000 0.000000 -26.244486 0.930093 -24.434828 -2.293831 -26.728659 -1.809658 0.930093 0.484173 0.930093 1.100290   1   2  -1 
2455482.554786 0.000000 0.000000 -25.645222 0.707811 -24.434828 -1.673859 -26.108687 -1.210394 0.707811 0.463465 0.707811 1.100290   1   2  -1 
2455484.542056 0.000000 0.000000 -27.186795 1.028638 -24.434828 -1.155468 -25.590295 -2.751967 1.028638 -1.596500 1.028638 1.100290   1   2  -1 
2455484.545828 0.000000 0.000000 -26.136740 1.065413 -24.434828 -1.152737 -25.587565 -1.701912 1.065413 -0.549175 1.065413 1.100290   1   2  -1 
2455484.549671 0.000000 0.000000 -24.017564 1.016694 -24.434828 -1.149951 -25.584778 0.417264 1.016694 1.567214 1.016694 1.100290   1   2  -1 
2455485.527184 0.000000 0.000000 -25.766756 0.864068 -24.434828 -0.382208 -24.817036 -1.331928 0.864068 -0.949720 0.864068 1.100290   1   2  -1 
2455485.532971 0.000000 0.000000 -27.967751 0.891412 -24.434828 -0.377971 -24.812799 -3.532923 0.891412 -3.154952 0.891412 1.100290   1   2  -1 
2455487.543214 0.000000 0.000000 -26.158314 0.808873 -24.434828 -0.227701 -24.662528 -1.723486 0.808873 -1.495786 0.808873 1.100290   1   2  -1 
2455487.548897 0.000000 0.000000 -23.138260 0.803534 -24.434828 -0.231475 -24.666302 1.296568 0.803534 1.528042 0.803534 1.100290   1   2  -1 
2455493.544252 0.000000 0.000000 -25.229085 0.793201 -24.434828 -0.182457 -24.617284 -0.794257 0.793201 -0.611801 0.793201 1.100290   1   2  -1 
2455493.550478 0.000000 0.000000 -23.168274 0.810440 -24.434828 -0.182500 -24.617327 1.266554 0.810440 1.449053 0.810440 1.100290   1   2  -1 
2455495.535877 0.000000 0.000000 -22.710575 0.802492 -24.434828 -0.371394 -24.806222 1.724253 0.802492 2.095647 0.802492 1.100290   1   2  -1 
2455495.541664 0.000000 0.000000 -25.642209 0.850836 -24.434828 -0.370917 -24.805745 -1.207381 0.850836 -0.836464 0.850836 1.100290   1   2  -1 
2455498.517820 0.000000 0.000000 -24.342041 1.327692 -24.434828 0.147049 -24.287778 0.092787 1.327692 -0.054263 1.327692 1.100290   1   2  -1 
2455498.523445 0.000000 0.000000 -24.738223 1.200196 -24.434828 0.145315 -24.289512 -0.303395 1.200196 -0.448711 1.200196 1.100290   1   2  -1 
2455500.544007 0.000000 0.000000 -24.476855 0.683673 -24.434828 -1.184096 -25.618924 -0.042027 0.683673 1.142069 0.683673 1.100290   1   2  -1 
2455500.549389 0.000000 0.000000 -24.813524 0.744348 -24.434828 -1.187679 -25.622507 -0.378696 0.744348 0.808983 0.744348 1.100290   1   2  -1 
2455501.547102 0.000000 0.000000 -24.783974 0.605317 -24.434828 -1.616431 -26.051258 -0.349146 0.605317 1.267284 0.605317 1.100290   1   2  -1 
2455501.552738 0.000000 0.000000 -26.031797 0.578445 -24.434828 -1.617337 -26.052165 -1.596969 0.578445 0.020368 0.578445 1.100290   1   2  -1 
2455505.514789 0.000000 0.000000 -24.965633 0.688526 -24.434828 -2.000182 -26.435009 -0.530805 0.688526 1.469376 0.688526 1.100290   1   2  -1 
2455505.520425 0.000000 0.000000 -25.963370 0.681455 -24.434828 -2.004331 -26.439158 -1.528542 0.681455 0.475788 0.681455 1.100290   1   2  -1 
2455507.517142 0.000000 0.000000 -27.398443 0.529962 -24.434828 -3.041916 -27.476744 -2.963615 0.529962 0.078301 0.529962 1.100290   1   2  -1 
2455507.522824 0.000000 0.000000 -26.516546 0.540417 -24.434828 -3.042169 -27.476997 -2.081718 0.540417 0.960451 0.540417 1.100290   1   2  -1 
2455509.518050 0.000000 0.000000 -26.509772 0.760523 -24.434828 -2.421799 -26.856627 -2.074944 0.760523 0.346855 0.760523 1.100290   1   2  -1 
2455509.523524 0.000000 0.000000 -26.058801 0.709529 -24.434828 -2.419767 -26.854594 -1.623973 0.709529 0.795793 0.709529 1.100290   1   2  -1 
2455511.516449 0.000000 0.000000 -28.045351 0.796997 -24.434828 -2.278274 -26.713101 -3.610523 0.796997 -1.332250 0.796997 1.100290   1   2  -1 
2455511.521935 0.000000 0.000000 -25.840348 0.793324 -24.434828 -2.279131 -26.713959 -1.405520 0.793324 0.873611 0.793324 1.100290   1   2  -1 
2455513.504562 0.000000 0.000000 -26.063860 0.836669 -24.434828 -2.373153 -26.807981 -1.629032 0.836669 0.744121 0.836669 1.100290   1   2  -1 
2455513.510244 0.000000 0.000000 -26.656020 0.882170 -24.434828 -2.372547 -26.807375 -2.221192 0.882170 0.151355 0.882170 1.100290   1   2  -1 
2455514.505835 0.000000 0.000000 -28.058961 0.671812 -24.434828 -2.286106 -26.720933 -3.624133 0.671812 -1.338028 0.671812 1.100290   1   2  -1 
2455514.511356 0.000000 0.000000 -26.642215 0.683432 -24.434828 -2.286051 -26.720879 -2.207387 0.683432 0.078664 0.683432 1.100290   1   2  -1 
2455519.503938 0.000000 0.000000 -24.641989 1.033370 -24.434828 -0.621497 -25.056324 -0.207161 1.033370 0.414335 1.033370 1.100290   1   2  -1 
2455519.508811 0.000000 0.000000 -25.135445 0.996146 -24.434828 -0.612836 -25.047664 -0.700617 0.996146 -0.087781 0.996146 1.100290   1   2  -1 
2455523.508036 0.000000 0.000000 -23.856297 0.829835 -24.434828 -0.433435 -24.868263 0.578531 0.829835 1.011966 0.829835 1.100290   1   2  -1 
2455523.513036 0.000000 0.000000 -22.994255 0.865769 -24.434828 -0.438294 -24.873121 1.440573 0.865769 1.878866 0.865769 1.100290   1   2  -1 
2455524.521481 0.000000 0.000000 -24.709671 0.667948 -24.434828 -0.727467 -25.162295 -0.274843 0.667948 0.452624 0.667948 1.100290   1   2  -1 
2455524.526446 0.000000 0.000000 -24.308004 0.678388 -24.434828 -0.724864 -25.159691 0.126824 0.678388 0.851687 0.678388 1.100290   1   2  -1 
2455653.900831 0.000000 0.000000 -25.612029 0.744608 -24.434828 0.032939 -24.401889 -1.177201 0.744608 -1.210140 0.744608 1.100290   1   2  -1 
2455653.906410 0.000000 0.000000 -24.161106 0.736194 -24.434828 0.034571 -24.400256 0.273722 0.736194 0.239150 0.736194 1.100290   1   2  -1 
2455654.900357 0.000000 0.000000 -24.436787 0.814117 -24.434828 0.119701 -24.315127 -0.001959 0.814117 -0.121660 0.814117 1.100290   1   2  -1 
2455654.905936 0.000000 0.000000 -24.084025 0.731415 -24.434828 0.119269 -24.315559 0.350803 0.731415 0.231534 0.731415 1.100290   1   2  -1 
2455657.909222 0.000000 0.000000 -24.104658 0.605709 -24.434828 -0.350783 -24.785610 0.330170 0.605709 0.680952 0.605709 1.100290   1   2  -1 
2455657.914813 0.000000 0.000000 -23.667872 0.631733 -24.434828 -0.351358 -24.786185 0.766956 0.631733 1.118313 0.631733 1.100290   1   2  -1 
2455659.907949 0.000000 0.000000 -23.898066 0.769486 -24.434828 -0.371343 -24.806170 0.536762 0.769486 0.908104 0.769486 1.100290   1   2  -1 
2455659.913540 0.000000 0.000000 -23.238369 0.803020 -24.434828 -0.370698 -24.805525 1.196459 0.803020 1.567156 0.803020 1.100290   1   2  -1 
2455660.901884 0.000000 0.000000 -24.754074 0.502349 -24.434828 -0.195106 -24.629934 -0.319246 0.502349 -0.124140 0.502349 1.100290   1   2  -1 
2455662.902485 0.000000 0.000000 -24.200224 0.948916 -24.434828 -0.086804 -24.521631 0.234604 0.948916 0.321407 0.948916 1.100290   1   2  -1 
2455662.908180 0.000000 0.000000 -24.067169 0.909242 -24.434828 -0.088699 -24.523526 0.367659 0.909242 0.456357 0.909242 1.100290   1   2  -1 
2455663.839263 0.000000 0.000000 -26.097182 1.737212 -24.434828 -0.666189 -25.101016 -1.662354 1.737212 -0.996166 1.737212 1.100290   1   2  -1 
2455672.897729 0.000000 0.000000 -25.596039 0.653920 -24.434828 -1.192343 -25.627171 -1.161211 0.653920 0.031132 0.653920 1.100290   1   2  -1 
2455672.902775 0.000000 0.000000 -25.939332 0.601277 -24.434828 -1.202450 -25.637277 -1.504504 0.601277 -0.302055 0.601277 1.100290   1   2  -1 
2455675.905453 0.000000 0.000000 -25.957415 0.422700 -24.434828 -2.734577 -27.169405 -1.522587 0.422700 1.211990 0.422700 1.100290   1   2  -1 
2455679.879903 0.000000 0.000000 -24.345286 0.504578 -24.434828 -1.597151 -26.031979 0.089542 0.504578 1.686693 0.504578 1.100290   1   2  -1 
2455679.885123 0.000000 0.000000 -25.711920 0.513702 -24.434828 -1.602904 -26.037731 -1.277092 0.513702 0.325811 0.513702 1.100290   1   2  -1 
2455712.893679 0.000000 0.000000 -25.516104 0.560355 -24.434828 -1.756620 -26.191448 -1.081276 0.560355 0.675344 0.560355 1.100290   1   2  -1 
2455715.864679 0.000000 0.000000 -22.931541 1.363467 -24.434828 -1.370660 -25.805487 1.503287 1.363467 2.873946 1.363467 1.100290   1   2  -1 
2455715.867376 0.000000 0.000000 -28.616863 1.418842 -24.434828 -1.370083 -25.804911 -4.182035 1.418842 -2.811952 1.418842 1.100290   1   2  -1 
2455715.869992 0.000000 0.000000 -25.093281 1.436778 -24.434828 -1.369524 -25.804352 -0.658453 1.436778 0.711071 1.436778 1.100290   1   2  -1 
2455715.872747 0.000000 0.000000 -24.781614 1.484829 -24.434828 -1.368936 -25.803763 -0.346786 1.484829 1.022149 1.484829 1.100290   1   2  -1 
2455727.859452 0.000000 0.000000 -23.690321 1.056398 -24.434828 0.359580 -24.075247 0.744507 1.056398 0.384926 1.056398 1.100290   1   2  -1 
2455727.863145 0.000000 0.000000 -25.870346 1.033327 -24.434828 0.362040 -24.072787 -1.435518 1.033327 -1.797559 1.033327 1.100290   1   2  -1 
2455727.866953 0.000000 0.000000 -25.899190 1.119485 -24.434828 0.364553 -24.070275 -1.464362 1.119485 -1.828915 1.119485 1.100290   1   2  -1 
2455735.809170 0.000000 0.000000 -25.001888 0.526032 -24.434828 -0.955998 -25.390826 -0.567060 0.526032 0.388938 0.526032 1.100290   1   2  -1 
2455754.777241 0.000000 0.000000 -23.310355 1.091349 -24.434828 -0.110798 -24.545626 1.124473 1.091349 1.235271 1.091349 1.100290   1   2  -1 
2455755.755721 0.000000 0.000000 -27.691015 0.768792 -24.434828 -0.409303 -24.844131 -3.256187 0.768792 -2.846884 0.768792 1.100290   1   2  -1 
2455769.736300 0.000000 0.000000 -23.807786 0.677532 -24.434828 -0.799729 -25.234557 0.627042 0.677532 1.426771 0.677532 1.100290   1   2  -1 
2455769.742075 0.000000 0.000000 -25.737885 0.770313 -24.434828 -0.789346 -25.224174 -1.303057 0.770313 -0.513711 0.770313 1.100290   1   2  -1 
2455776.628483 0.000000 0.000000 -24.967384 0.712348 -24.434828 -0.816795 -25.251622 -0.532556 0.712348 0.284238 0.712348 1.100290   1   2  -1 
2455782.624998 0.000000 0.000000 -26.013016 0.761072 -24.434828 -0.521760 -24.956588 -1.578188 0.761072 -1.056428 0.761072 1.100290   1   2  -1 
2455784.737667 0.000000 0.000000 -26.498015 0.545366 -24.434828 -2.341444 -26.776272 -2.063187 0.545366 0.278257 0.545366 1.100290   1   2  -1 
2455801.526698 0.000000 0.000000 -24.288917 1.273141 -24.434828 -0.052841 -24.487669 0.145911 1.273141 0.198752 1.273141 1.100290   1   2  -1 
2455801.531628 0.000000 0.000000 -26.351823 1.177162 -24.434828 -0.048458 -24.483286 -1.916995 1.177162 -1.868537 1.177162 1.100290   1   2  -1 
2455804.632333 0.000000 0.000000 -26.712023 1.120566 -24.434828 -0.589209 -25.024037 -2.277195 1.120566 -1.687986 1.120566 1.100290   1   2  -1 
2455804.637669 0.000000 0.000000 -26.500980 1.032150 -24.434828 -0.592996 -25.027824 -2.066152 1.032150 -1.473156 1.032150 1.100290   1   2  -1 
2455807.626267 0.000000 0.000000 -25.803456 0.965710 -24.434828 -1.548272 -25.983099 -1.368628 0.965710 0.179643 0.965710 1.100290   1   2  -1 
2455807.631162 0.000000 0.000000 -27.246843 0.886584 -24.434828 -1.548960 -25.983788 -2.812015 0.886584 -1.263055 0.886584 1.100290   1   2  -1 
2455810.581550 0.000000 0.000000 -26.536934 0.754194 -24.434828 -0.985517 -25.420344 -2.102106 0.754194 -1.116590 0.754194 1.100290   1   2  -1 
2455810.586723 0.000000 0.000000 -26.643570 0.797392 -24.434828 -0.980071 -25.414898 -2.208742 0.797392 -1.228672 0.797392 1.100290   1   2  -1 
2455816.587002 0.000000 0.000000 -27.268074 0.959785 -24.434828 -2.190476 -26.625304 -2.833246 0.959785 -0.642770 0.959785 1.100290   1   2  -1 
2455816.590578 0.000000 0.000000 -24.693999 0.889883 -24.434828 -2.198568 -26.633396 -0.259171 0.889883 1.939397 0.889883 1.100290   1   2  -1 
2455816.594154 0.000000 0.000000 -25.997669 0.876464 -24.434828 -2.206650 -26.641477 -1.562841 0.876464 0.643808 0.876464 1.100290   1   2  -1 
2455834.622073 0.000000 0.000000 -25.259445 0.577372 -24.434828 -2.239566 -26.674394 -0.824617 0.577372 1.414949 0.577372 1.100290   1   2  -1 
2455834.627593 0.000000 0.000000 -25.841078 0.576524 -24.434828 -2.240803 -26.675631 -1.406250 0.576524 0.834553 0.576524 1.100290   1   2  -1 
2455836.585712 0.000000 0.000000 -26.404099 0.680522 -24.434828 -2.221031 -26.655858 -1.969271 0.680522 0.251759 0.680522 1.100290   1   2  -1 
2455836.591440 0.000000 0.000000 -25.180084 0.679136 -24.434828 -2.219367 -26.654194 -0.745256 0.679136 1.474110 0.679136 1.100290   1   2  -1 
2455839.585007 0.000000 0.000000 -23.458640 0.910132 -24.434828 -0.475291 -24.910118 0.976188 0.910132 1.451478 0.910132 1.100290   1   2  -1 
2455839.590794 0.000000 0.000000 -25.200869 0.919769 -24.434828 -0.471716 -24.906544 -0.766041 0.919769 -0.294325 0.919769 1.100290   1   2  -1 
2455842.549547 0.000000 0.000000 -22.047028 1.066299 -24.434828 0.103624 -24.331203 2.387800 1.066299 2.284175 1.066299 1.100290   1   2  -1 
2455842.555033 0.000000 0.000000 -25.918735 0.873203 -24.434828 0.102436 -24.332391 -1.483907 0.873203 -1.586344 0.873203 1.100290   1   2  -1 
2455845.575633 0.000000 0.000000 -25.259730 1.067738 -24.434828 -0.160190 -24.595017 -0.824902 1.067738 -0.664713 1.067738 1.100290   1   2  -1 
2455845.581258 0.000000 0.000000 -25.817378 0.922401 -24.434828 -0.158618 -24.593445 -1.382550 0.922401 -1.223933 0.922401 1.100290   1   2  -1 
2455870.498785 0.000000 0.000000 -26.611150 0.730627 -24.434828 -1.944897 -26.379725 -2.176322 0.730627 -0.231425 0.730627 1.100290   1   2  -1 
2455870.504422 0.000000 0.000000 -27.219360 0.718479 -24.434828 -1.953150 -26.387977 -2.784532 0.718479 -0.831383 0.718479 1.100290   1   2  -1 
2455874.532217 0.000000 0.000000 -26.523893 1.027595 -24.434828 -1.357892 -25.792719 -2.089065 1.027595 -0.731174 1.027595 1.100290   1   2  -1 
2455874.537437 0.000000 0.000000 -24.043101 1.390676 -24.434828 -1.356260 -25.791087 0.391727 1.390676 1.747986 1.390676 1.100290   1   2  -1 
2455878.549549 0.000000 0.000000 -26.332169 1.360956 -24.434828 -2.853948 -27.288776 -1.897341 1.360956 0.956607 1.360956 1.100290   1   2  -1 
2455878.554965 0.000000 0.000000 -27.171511 1.321422 -24.434828 -2.852637 -27.287464 -2.736683 1.321422 0.115953 1.321422 1.100290   1   2  -1 
2456020.892743 0.000000 0.000000 -26.398556 0.800504 -24.434828 -0.450538 -24.885366 -1.963728 0.800504 -1.513190 0.800504 1.100290   1   2  -1 
2456020.898160 0.000000 0.000000 -24.498061 0.781449 -24.434828 -0.454046 -24.888874 -0.063233 0.781449 0.390813 0.781449 1.100290   1   2  -1 
2456022.889397 0.000000 0.000000 -25.350339 0.994688 -24.434828 -0.326627 -24.761454 -0.915511 0.994688 -0.588885 0.994688 1.100290   1   2  -1 
2456022.894884 0.000000 0.000000 -26.468069 1.113054 -24.434828 -0.324240 -24.759067 -2.033241 1.113054 -1.709002 1.113054 1.100290   1   2  -1 
2456024.891353 0.000000 0.000000 -25.969708 0.857313 -24.434828 -0.436001 -24.870828 -1.534880 0.857313 -1.098880 0.857313 1.100290   1   2  -1 
2456024.897048 0.000000 0.000000 -25.325267 0.814076 -24.434828 -0.439801 -24.874628 -0.890439 0.814076 -0.450639 0.814076 1.100290   1   2  -1 
2456028.922257 0.000000 0.000000 -26.626536 0.690565 -24.434828 -0.631069 -25.065896 -2.191708 0.690565 -1.560640 0.690565 1.100290   1   2  -1 
2456029.892891 0.000000 0.000000 -27.734634 1.086998 -24.434828 0.076653 -24.358174 -3.299806 1.086998 -3.376460 1.086998 1.100290   1   2  -1 
2456029.898354 0.000000 0.000000 -24.980386 1.038533 -24.434828 0.079326 -24.355501 -0.545558 1.038533 -0.624885 1.038533 1.100290   1   2  -1 
2456031.852968 0.000000 0.000000 -23.499732 0.817617 -24.434828 0.019035 -24.415792 0.935096 0.817617 0.916060 0.817617 1.100290   1   2  -1 
2456052.857065 0.000000 0.000000 -27.077636 0.812636 -24.434828 -0.614197 -25.049024 -2.642808 0.812636 -2.028612 0.812636 1.100290   1   2  -1 
2456052.862482 0.000000 0.000000 -25.515691 0.787680 -24.434828 -0.617127 -25.051954 -1.080863 0.787680 -0.463737 0.787680 1.100290   1   2  -1 
2456053.851639 0.000000 0.000000 -27.718607 0.874947 -24.434828 -1.072296 -25.507124 -3.283779 0.874947 -2.211483 0.874947 1.100290   1   2  -1 
2456053.857114 0.000000 0.000000 -24.875823 0.828685 -24.434828 -1.074475 -25.509302 -0.440995 0.828685 0.633479 0.828685 1.100290   1   2  -1 
2456054.839916 0.000000 0.000000 -26.614037 0.533012 -24.434828 -1.400822 -25.835650 -2.179209 0.533012 -0.778387 0.533012 1.100290   1   2  -1 
2456055.886865 0.000000 0.000000 -26.560052 0.509706 -24.434828 -1.462940 -25.897768 -2.125224 0.509706 -0.662284 0.509706 1.100290   1   2  -1 
2456056.818146 0.000000 0.000000 -25.035898 0.893302 -24.434828 -1.073858 -25.508686 -0.601070 0.893302 0.472788 0.893302 1.100290   1   2  -1 
2456056.823714 0.000000 0.000000 -25.575505 0.813986 -24.434828 -1.070192 -25.505019 -1.140677 0.813986 -0.070486 0.813986 1.100290   1   2  -1 
2456078.843392 0.000000 0.000000 -24.518196 0.647558 -24.434828 -0.035790 -24.470617 -0.083368 0.647558 -0.047579 0.647558 1.100290   1   2  -1 
2456078.849075 0.000000 0.000000 -24.174693 0.632973 -24.434828 -0.035086 -24.469913 0.260135 0.632973 0.295220 0.632973 1.100290   1   2  -1 
2456081.832748 0.000000 0.000000 -22.774279 0.796018 -24.434828 0.302652 -24.132175 1.660549 0.796018 1.357896 0.796018 1.100290   1   2  -1 
2456081.838651 0.000000 0.000000 -23.542613 0.647447 -24.434828 0.303538 -24.131289 0.892215 0.647447 0.588676 0.647447 1.100290   1   2  -1 
2456085.820521 0.000000 0.000000 -24.535394 0.878497 -24.434828 -0.448799 -24.883626 -0.100566 0.878497 0.348232 0.878497 1.100290   1   2  -1 
2456085.826250 0.000000 0.000000 -25.784214 0.917873 -24.434828 -0.452925 -24.887753 -1.349386 0.917873 -0.896461 0.917873 1.100290   1   2  -1 
2456088.742747 0.000000 0.000000 -24.555140 0.549399 -24.434828 -1.003018 -25.437845 -0.120312 0.549399 0.882705 0.549399 1.100290   1   2  -1 
2456092.900369 0.000000 0.000000 -25.520468 0.628826 -24.434828 -1.317015 -25.751842 -1.085640 0.628826 0.231374 0.628826 1.100290   1   2  -1 
2456115.815540 0.000000 0.000000 -24.478774 0.776191 -24.434828 0.733148 -23.701680 -0.043946 0.776191 -0.777094 0.776191 1.100290   1   2  -1 
2456118.809984 0.000000 0.000000 -25.405570 0.512854 -24.434828 0.657208 -23.777620 -0.970742 0.512854 -1.627950 0.512854 1.100290   1   2  -1 
2456121.820367 0.000000 0.000000 -25.220090 1.411859 -24.434828 0.286973 -24.147855 -0.785262 1.411859 -1.072235 1.411859 1.100290   1   2  -1 
2456149.686124 0.000000 0.000000 -25.751686 0.845009 -24.434828 -1.087190 -25.522018 -1.316858 0.845009 -0.229668 0.845009 1.100290   1   2  -1 
2456154.723489 0.000000 0.000000 -23.590960 0.865117 -24.434828 0.998677 -23.436151 0.843868 0.865117 -0.154809 0.865117 1.100290   1   2  -1 
2456154.728442 0.000000 0.000000 -25.978785 1.281739 -24.434828 1.005239 -23.429589 -1.543957 1.281739 -2.549196 1.281739 1.100290   1   2  -1 
2456166.527551 0.000000 0.000000 -23.896330 0.645517 -24.434828 1.281024 -23.153803 0.538498 0.645517 -0.742527 0.645517 1.100290   1   2  -1 
2456168.609469 0.000000 0.000000 -25.596469 0.971404 -24.434828 -0.261798 -24.696625 -1.161641 0.971404 -0.899844 0.971404 1.100290   1   2  -1 
2456168.615105 0.000000 0.000000 -23.735823 0.857956 -24.434828 -0.269079 -24.703906 0.699005 0.857956 0.968083 0.857956 1.100290   1   2  -1 
2456171.510563 0.000000 0.000000 -25.064368 0.523911 -24.434828 -0.792746 -25.227573 -0.629540 0.523911 0.163205 0.523911 1.100290   1   2  -1 
2456173.694840 0.000000 0.000000 -23.658056 0.870055 -24.434828 -0.403733 -24.838561 0.776772 0.870055 1.180505 0.870055 1.100290   1   2  -1 
2456181.612869 0.000000 0.000000 -25.749650 0.609426 -24.434828 -0.809999 -25.244826 -1.314822 0.609426 -0.504824 0.609426 1.100290   1   2  -1 
2456186.623747 0.000000 0.000000 -24.370201 0.538290 -24.434828 0.364103 -24.070725 0.064627 0.538290 -0.299476 0.538290 1.100290   1   2  -1 
2456189.666838 0.000000 0.000000 -25.693203 1.709832 -24.434828 -0.043163 -24.477990 -1.258375 1.709832 -1.215213 1.709832 1.100290   1   2  -1 
2456190.592865 0.000000 0.000000 -21.505898 0.873280 -24.434828 0.474261 -23.960566 2.928930 0.873280 2.454668 0.873280 1.100290   1   2  -1 
2456190.598548 0.000000 0.000000 -22.814816 0.820368 -24.434828 0.475721 -23.959107 1.620012 0.820368 1.144291 0.820368 1.100290   1   2  -1 
2456195.586272 0.000000 0.000000 -23.991425 0.911842 -24.434828 -0.005479 -24.440306 0.443403 0.911842 0.448881 0.911842 1.100290   1   2  -1 
2456195.591793 0.000000 0.000000 -25.301327 0.913007 -24.434828 0.003690 -24.431137 -0.866499 0.913007 -0.870190 0.913007 1.100290   1   2  -1 
2456198.564091 0.000000 0.000000 -19.336707 1.186346 -24.434828 1.759466 -22.675362 5.098121 1.186346 3.338655 1.186346 1.100290   1   2  -1 
2456198.569866 0.000000 0.000000 -24.445113 1.250845 -24.434828 1.754454 -22.680374 -0.010285 1.250845 -1.764739 1.250845 1.100290   1   2  -1 
2456204.547188 0.000000 0.000000 -20.889997 0.781661 -24.434828 1.486573 -22.948255 3.544831 0.781661 2.058258 0.781661 1.100290   1   2  -1 
2456205.523197 0.000000 0.000000 -22.994646 0.447471 -24.434828 0.047952 -24.386875 1.440182 0.447471 1.392229 0.447471 1.100290   1   2  -1 
2456208.615737 0.000000 0.000000 -27.443259 0.942056 -24.434828 -0.217415 -24.652243 -3.008431 0.942056 -2.791016 0.942056 1.100290   1   2  -1 
2456209.540800 0.000000 0.000000 -25.491736 1.053758 -24.434828 0.404652 -24.030175 -1.056908 1.053758 -1.461561 1.053758 1.100290   1   2  -1 
2456210.532155 0.000000 0.000000 -25.261528 0.864183 -24.434828 0.458680 -23.976148 -0.826700 0.864183 -1.285380 0.864183 1.100290   1   2  -1 
2456212.523498 0.000000 0.000000 -25.294554 0.479583 -24.434828 -0.414249 -24.849077 -0.859726 0.479583 -0.445477 0.479583 1.100290   1   2  -1 
2456217.523649 0.000000 0.000000 -19.703787 0.740951 -24.434828 1.275318 -23.159510 4.731041 0.740951 3.455723 0.740951 1.100290   1   2  -1 
2456217.529482 0.000000 0.000000 -19.326386 0.723468 -24.434828 1.275014 -23.159814 5.108442 0.723468 3.833428 0.723468 1.100290   1   2  -1 
2456218.587951 0.000000 0.000000 -19.082533 0.783291 -24.434828 1.211885 -23.222943 5.352295 0.783291 4.140410 0.783291 1.100290   1   2  -1 
2456219.500319 0.000000 0.000000 -19.527157 0.495656 -24.434828 1.206848 -23.227980 4.907671 0.495656 3.700823 0.495656 1.100290   1   2  -1 
2456220.491327 0.000000 0.000000 -20.168133 0.783227 -24.434828 1.217393 -23.217434 4.266695 0.783227 3.049301 0.783227 1.100290   1   2  -1 
2456220.514069 0.000000 0.000000 -21.014052 0.640640 -24.434828 1.217036 -23.217791 3.420776 0.640640 2.203739 0.640640 1.100290   1   2  -1 
2456409.867093 0.000000 0.000000 -20.591699 1.234666 -24.434828 2.788351 -21.646476 3.843129 1.234666 1.054777 1.234666 1.100290   1   2  -1 
2456409.872719 0.000000 0.000000 -20.151012 1.190406 -24.434828 2.818237 -21.616590 4.283816 1.190406 1.465578 1.190406 1.100290   1   2  -1 
2456410.795661 0.000000 0.000000 -13.148007 6.542149 -24.434828 6.762239 -17.672589 11.286821 6.542149 4.524582 6.542149 1.100290   1   2  -1 
2456410.804261 0.000000 0.000000 -28.759549 4.854859 -24.434828 6.786274 -17.648553 -4.324721 4.854859 -11.110996 4.854859 1.100290   1   2  -1 
2456416.824768 0.000000 0.000000 -22.159939 1.100783 -24.434828 0.792588 -23.642240 2.274889 1.100783 1.482301 1.100783 1.100290   1   2  -1 
2456416.828565 0.000000 0.000000 -23.100921 1.091725 -24.434828 0.802299 -23.632528 1.333907 1.091725 0.531607 1.091725 1.100290   1   2  -1 
2456416.832443 0.000000 0.000000 -22.956212 1.133660 -24.434828 0.812208 -23.622620 1.478616 1.133660 0.666408 1.133660 1.100290   1   2  -1 
2456432.884915 0.000000 0.000000 -27.579236 0.787972 -24.434828 -1.074476 -25.509304 -3.144408 0.787972 -2.069932 0.787972 1.100290   1   2  -1 
2456432.890124 0.000000 0.000000 -26.715660 0.901606 -24.434828 -1.075401 -25.510228 -2.280832 0.901606 -1.205432 0.901606 1.100290   1   2  -1 
2456433.905268 0.000000 0.000000 -25.594069 1.477288 -24.434828 -0.970165 -25.404992 -1.159241 1.477288 -0.189077 1.477288 1.100290   1   2  -1 
2456433.910395 0.000000 0.000000 -28.401349 1.603077 -24.434828 -0.968525 -25.403352 -3.966521 1.603077 -2.997997 1.603077 1.100290   1   2  -1 
2456434.892458 0.000000 0.000000 -25.809648 0.969582 -24.434828 -0.600008 -25.034836 -1.374820 0.969582 -0.774812 0.969582 1.100290   1   2  -1 
2456434.898129 0.000000 0.000000 -23.506674 0.937709 -24.434828 -0.597978 -25.032806 0.928154 0.937709 1.526132 0.937709 1.100290   1   2  -1 
2456437.889188 0.000000 0.000000 -24.884604 0.801579 -24.434828 -0.234660 -24.669487 -0.449776 0.801579 -0.215117 0.801579 1.100290   1   2  -1 
2456437.894720 0.000000 0.000000 -25.072705 0.735776 -24.434828 -0.233753 -24.668580 -0.637877 0.735776 -0.404125 0.735776 1.100290   1   2  -1 
2456438.860772 0.000000 0.000000 -25.990651 0.640814 -24.434828 0.025994 -24.408834 -1.555823 0.640814 -1.581817 0.640814 1.100290   1   2  -1 
2456441.860316 0.000000 0.000000 -24.014503 0.846284 -24.434828 0.631175 -23.803652 0.420325 0.846284 -0.210851 0.846284 1.100290   1   2  -1 
2456454.832361 0.000000 0.000000 -23.997808 0.709239 -24.434828 0.960539 -23.474288 0.437020 0.709239 -0.523520 0.709239 1.100290   1   2  -1 
2456454.837894 0.000000 0.000000 -22.599444 0.711651 -24.434828 0.957669 -23.477158 1.835384 0.711651 0.877714 0.711651 1.100290   1   2  -1 
2456467.823190 0.000000 0.000000 -25.761156 1.255655 -24.434828 -0.786976 -25.221804 -1.326328 1.255655 -0.539352 1.255655 1.100290   1   2  -1 
2456467.826929 0.000000 0.000000 -24.870329 1.113375 -24.434828 -0.788472 -25.223300 -0.435501 1.113375 0.352971 1.113375 1.100290   1   2  -1 
2456467.830702 0.000000 0.000000 -26.757156 1.185837 -24.434828 -0.789954 -25.224782 -2.322328 1.185837 -1.532374 1.185837 1.100290   1   2  -1 
2456473.860840 0.000000 0.000000 -26.025579 1.051321 -24.434828 -1.293873 -25.728701 -1.590751 1.051321 -0.296878 1.051321 1.100290   1   2  -1 
2456473.864821 0.000000 0.000000 -26.100899 1.016901 -24.434828 -1.300085 -25.734913 -1.666071 1.016901 -0.365986 1.016901 1.100290   1   2  -1 
2456473.868595 0.000000 0.000000 -29.196466 1.098920 -24.434828 -1.305949 -25.740777 -4.761638 1.098920 -3.455689 1.098920 1.100290   1   2  -1 
2456480.776552 0.000000 0.000000 -23.192493 0.996431 -24.434828 -0.579240 -25.014067 1.242335 0.996431 1.821574 0.996431 1.100290   1   2  -1 
2456480.782281 0.000000 0.000000 -24.495239 0.925325 -24.434828 -0.582106 -25.016934 -0.060411 0.925325 0.521695 0.925325 1.100290   1   2  -1 
2456481.631506 0.000000 0.000000 -26.796869 1.240759 -24.434828 -0.575320 -25.010148 -2.362041 1.240759 -1.786721 1.240759 1.100290   1   2  -1 
2456481.637189 0.000000 0.000000 -26.767470 1.259412 -24.434828 -0.572674 -25.007502 -2.332642 1.259412 -1.759968 1.259412 1.100290   1   2  -1 
2456501.599929 0.000000 0.000000 -24.740542 0.631664 -24.434828 0.142452 -24.292375 -0.305714 0.631664 -0.448167 0.631664 1.100290   1   2  -1 
2456523.744316 0.000000 0.000000 -25.807160 0.567478 -24.434828 -0.040882 -24.475709 -1.372332 0.567478 -1.331451 0.567478 1.100290   1   2  -1 
2456524.691276 0.000000 0.000000 -25.319964 0.703132 -24.434828 -0.908786 -25.343614 -0.885136 0.703132 0.023650 0.703132 1.100290   1   2  -1 
2456524.696693 0.000000 0.000000 -24.516845 0.716695 -24.434828 -0.911365 -25.346192 -0.082017 0.716695 0.829347 0.716695 1.100290   1   2  -1 
2456525.743740 0.000000 0.000000 -25.822667 0.637734 -24.434828 -0.828289 -25.263117 -1.387839 0.637734 -0.559550 0.637734 1.100290   1   2  -1 
2456569.534062 0.000000 0.000000 -26.502332 1.076929 -24.434828 -0.709003 -25.143830 -2.067504 1.076929 -1.358502 1.076929 1.100290   1   2  -1 
2456585.564665 0.000000 0.000000 -24.318027 0.855663 -24.434828 -0.853848 -25.288675 0.116801 0.855663 0.970648 0.855663 1.100290   1   2  -1 
2456585.568473 0.000000 0.000000 -25.604567 0.828824 -24.434828 -0.856030 -25.290858 -1.169739 0.828824 -0.313709 0.828824 1.100290   1   2  -1 
2456585.572350 0.000000 0.000000 -26.300858 0.846101 -24.434828 -0.858239 -25.293066 -1.866030 0.846101 -1.007792 0.846101 1.100290   1   2  -1 
2456586.547688 0.000000 0.000000 -22.976857 0.928572 -24.434828 -0.982845 -25.417673 1.457971 0.928572 2.440816 0.928572 1.100290   1   2  -1 
2456586.551530 0.000000 0.000000 -24.816035 0.993006 -24.434828 -0.981819 -25.416646 -0.381207 0.993006 0.600611 0.993006 1.100290   1   2  -1 
2456586.555442 0.000000 0.000000 -25.499232 1.030307 -24.434828 -0.980764 -25.415592 -1.064404 1.030307 -0.083640 1.030307 1.100290   1   2  -1 
2456590.510961 0.000000 0.000000 -24.188890 1.367518 -24.434828 -1.937380 -26.372208 0.245938 1.367518 2.183318 1.367518 1.100290   1   2  -1 
2456590.514943 0.000000 0.000000 -26.805340 1.522789 -24.434828 -1.942072 -26.376899 -2.370512 1.522789 -0.428441 1.522789 1.100290   1   2  -1 
2456590.518611 0.000000 0.000000 -28.066154 1.287716 -24.434828 -1.946389 -26.381217 -3.631326 1.287716 -1.684937 1.287716 1.100290   1   2  -1 
2456765.917789 0.000000 0.000000 -25.232175 0.712210 -24.434828 -0.878490 -25.313317 -0.797347 0.712210 0.081142 0.712210 1.100290   1   2  -1 
2456765.923021 0.000000 0.000000 -25.375142 0.718686 -24.434828 -0.876171 -25.310998 -0.940314 0.718686 -0.064144 0.718686 1.100290   1   2  -1 
2456789.854143 0.000000 0.000000 -27.340576 0.783119 -24.434828 -0.596619 -25.031446 -2.905748 0.783119 -2.309130 0.783119 1.100290   1   2  -1 
2456789.859722 0.000000 0.000000 -26.773936 0.810184 -24.434828 -0.594548 -25.029376 -2.339108 0.810184 -1.744560 0.810184 1.100290   1   2  -1 
2456806.890179 0.000000 0.000000 -27.483229 0.848654 -24.434828 -0.163046 -24.597873 -3.048401 0.848654 -2.885356 0.848654 1.100290   1   2  -1 
2456829.893363 0.000000 0.000000 -28.440148 0.544726 -24.434828 -1.759857 -26.194685 -4.005320 0.544726 -2.245463 0.544726 1.100290   1   2  -1 
2456857.748704 0.000000 0.000000 -25.370298 0.916881 -24.434828 -0.296775 -24.731602 -0.935470 0.916881 -0.638696 0.916881 1.100290   1   2  -1 
2456857.754433 0.000000 0.000000 -26.513555 0.896024 -24.434828 -0.298141 -24.732969 -2.078727 0.896024 -1.780586 0.896024 1.100290   1   2  -1 
2456866.784629 0.000000 0.000000 -28.725741 0.744866 -24.434828 -1.796728 -26.231556 -4.290913 0.744866 -2.494185 0.744866 1.100290   1   2  -1 
2456896.727940 0.000000 0.000000 -25.463793 1.053796 -24.434828 -1.083350 -25.518178 -1.028965 1.053796 0.054385 1.053796 1.100290   1   2  -1 
2456896.733287 0.000000 0.000000 -23.350729 1.302275 -24.434828 -1.077057 -25.511884 1.084099 1.302275 2.161155 1.302275 1.100290   1   2  -1 
2457146.919889 0.000000 0.000000 -25.875665 0.544417 -24.434828 -0.929773 -25.364601 -1.440837 0.544417 -0.511064 0.544417 1.100290   1   2  -1 
2457176.844500 0.000000 0.000000 -13.102205 0.482556 -12.626248 -0.224579 -12.850827 -0.475957 0.482556 -0.251378 0.482556 1.100290   1   3  -1 
2457180.950532 0.000000 0.000000 -12.827294 0.611496 -12.626248 0.685810 -11.940438 -0.201046 0.611496 -0.886856 0.611496 1.100290   1   3  -1 
2457180.956053 0.000000 0.000000 -12.819042 0.642310 -12.626248 0.684297 -11.941952 -0.192794 0.642310 -0.877090 0.642310 1.100290   1   3  -1 
2457257.708144 0.000000 0.000000 -7.073812 0.957095 -12.626248 1.497706 -11.128542 5.552436 0.957095 4.054730 0.957095 1.100290   1   3  -1 
2457257.713815 0.000000 0.000000 -12.236885 1.031637 -12.626248 1.501409 -11.124839 0.389363 1.031637 -1.112046 1.031637 1.100290   1   3  -1 
2457307.523708 0.000000 0.000000 -13.332331 0.569213 -12.626248 -0.137374 -12.763622 -0.706083 0.569213 -0.568709 0.569213 1.100290   1   3  -1 
2457307.529113 0.000000 0.000000 -13.026912 0.591603 -12.626248 -0.133905 -12.760153 -0.400664 0.591603 -0.266759 0.591603 1.100290   1   3  -1 
2457675.588735 0.000000 0.000000 -9.236350 0.533261 -12.626248 1.824591 -10.801657 3.389898 0.533261 1.565307 0.533261 1.100290   1   3  -1 
2457879.840329 0.000000 0.000000 -11.576868 0.840815 -12.626248 1.074632 -11.551616 1.049380 0.840815 -0.025252 0.840815 1.100290   1   3  -1 
2457943.770578 0.000000 0.000000 -11.998049 0.454087 -12.626248 1.203017 -11.423231 0.628199 0.454087 -0.574818 0.454087 1.100290   1   3  -1 
2457968.637355 0.000000 0.000000 -11.203839 0.766025 -12.626248 2.032954 -10.593294 1.422409 0.766025 -0.610545 0.766025 1.100290   1   3  -1 
2460042.883932 0.000000 0.000000 -58.442022 0.194366 -59.130034 1.142608 -57.987425 0.688012 0.194366 -0.454597 0.194366 4.451171   0   1  -1 
2460042.889532 0.000000 0.000000 -58.629252 0.197675 -59.130034 1.137313 -57.992721 0.500782 0.197675 -0.636531 0.197675 4.451171   0   1  -1 
2460043.870973 0.000000 0.000000 -58.219986 0.231538 -59.130034 0.359261 -58.770773 0.910048 0.231538 0.550787 0.231538 4.451171   0   1  -1 
2460043.876677 0.000000 0.000000 -57.899291 0.215486 -59.130034 0.355836 -58.774197 1.230743 0.215486 0.874906 0.215486 4.451171   0   1  -1 
2460044.793251 0.000000 0.000000 -56.849206 0.238014 -59.130034 -0.003390 -59.133424 2.280828 0.238014 2.284218 0.238014 4.451171   0   1  -1 
2460044.798982 0.000000 0.000000 -57.145893 0.236508 -59.130034 -0.004479 -59.134512 1.984141 0.236508 1.988619 0.236508 4.451171   0   1  -1 
2460045.773704 0.000000 0.000000 -57.007798 0.527086 -59.130034 -0.028294 -59.158328 2.122236 0.527086 2.150530 0.527086 4.451171   0   1  -1 
2460045.779649 0.000000 0.000000 -56.938954 0.356358 -59.130034 -0.027685 -59.157719 2.191080 0.356358 2.218765 0.356358 4.451171   0   1  -1 
2460046.786658 0.000000 0.000000 -57.040367 0.216596 -59.130034 0.117062 -59.012972 2.089667 0.216596 1.972605 0.216596 4.451171   0   1  -1 
2460046.792204 0.000000 0.000000 -57.278637 0.200898 -59.130034 0.117843 -59.012190 1.851397 0.200898 1.733553 0.200898 4.451171   0   1  -1 
2460047.789500 0.000000 0.000000 -57.927209 0.215835 -59.130034 0.187960 -58.942073 1.202825 0.215835 1.014864 0.215835 4.451171   0   1  -1 
2460047.795047 0.000000 0.000000 -58.119277 0.207999 -59.130034 0.187837 -58.942197 1.010757 0.207999 0.822920 0.207999 4.451171   0   1  -1 
2460048.783364 0.000000 0.000000 -58.118469 0.259180 -59.130034 0.057663 -59.072371 1.011565 0.259180 0.953902 0.259180 4.451171   0   1  -1 
2460048.789012 0.000000 0.000000 -58.073804 0.241587 -59.130034 0.056316 -59.073717 1.056230 0.241587 0.999913 0.241587 4.451171   0   1  -1 
2460049.801102 0.000000 0.000000 -58.859288 0.223882 -59.130034 -0.271035 -59.401068 0.270746 0.223882 0.541780 0.223882 4.451171   0   1  -1 
2460049.806533 0.000000 0.000000 -58.376523 0.237350 -59.130034 -0.273145 -59.403179 0.753511 0.237350 1.026656 0.237350 4.451171   0   1  -1 
2460050.776767 0.000000 0.000000 -58.619721 0.220926 -59.130034 -0.665491 -59.795525 0.510313 0.220926 1.175804 0.220926 4.451171   0   1  -1 
2460050.782471 0.000000 0.000000 -58.676295 0.212336 -59.130034 -0.667735 -59.797768 0.453739 0.212336 1.121473 0.212336 4.451171   0   1  -1 
2460068.823617 0.000000 0.000000 -57.564815 0.250917 -59.130034 0.804513 -58.325520 1.565219 0.250917 0.760705 0.250917 4.451171   0   1  -1 
2460068.829253 0.000000 0.000000 -57.865247 0.315822 -59.130034 0.809728 -58.320305 1.264787 0.315822 0.455058 0.315822 4.451171   0   1  -1 
2460073.775251 0.000000 0.000000 -58.686864 0.273036 -59.130034 -0.870850 -60.000883 0.443170 0.273036 1.314019 0.273036 4.451171   0   1  -1 
2460073.780774 0.000000 0.000000 -59.826438 0.249282 -59.130034 -0.876854 -60.006888 -0.696404 0.249282 0.180450 0.249282 4.451171   0   1  -1 
2460076.728213 0.000000 0.000000 -60.233316 0.253446 -59.130034 -1.942566 -61.072600 -1.103282 0.253446 0.839284 0.253446 4.451171   0   1  -1 
2460076.733797 0.000000 0.000000 -60.562447 0.242470 -59.130034 -1.942633 -61.072666 -1.432413 0.242470 0.510219 0.242470 4.451171   0   1  -1 
2460077.755001 0.000000 0.000000 -61.037365 0.312506 -59.130034 -1.903307 -61.033340 -1.907331 0.312506 -0.004025 0.312506 4.451171   0   1  -1 
2460077.760768 0.000000 0.000000 -61.187467 0.301092 -59.130034 -1.902563 -61.032596 -2.057433 0.301092 -0.154871 0.301092 4.451171   0   1  -1 
2460078.818364 0.000000 0.000000 -61.107816 0.236131 -59.130034 -1.560033 -60.690067 -1.977782 0.236131 -0.417749 0.236131 4.451171   0   1  -1 
2460078.823976 0.000000 0.000000 -60.811890 0.231515 -59.130034 -1.556920 -60.686953 -1.681856 0.231515 -0.124937 0.231515 4.451171   0   1  -1 
2460079.846559 0.000000 0.000000 -60.159488 0.225727 -59.130034 -0.784773 -59.914806 -1.029454 0.225727 -0.244682 0.225727 4.451171   0   1  -1 
2460079.852048 0.000000 0.000000 -60.314338 0.228638 -59.130034 -0.779901 -59.909935 -1.184304 0.228638 -0.404403 0.228638 4.451171   0   1  -1 
2460080.730235 0.000000 0.000000 -59.799608 0.243529 -59.130034 -0.060767 -59.190801 -0.669574 0.243529 -0.608807 0.243529 4.451171   0   1  -1 
2460080.735864 0.000000 0.000000 -59.979018 0.224766 -59.130034 -0.057153 -59.187187 -0.848984 0.224766 -0.791831 0.224766 4.451171   0   1  -1 
2460082.755256 0.000000 0.000000 -59.155917 0.286786 -59.130034 -0.827124 -59.957158 -0.025883 0.286786 0.801241 0.286786 4.451171   0   1  -1 
2460082.760842 0.000000 0.000000 -58.974641 0.259323 -59.130034 -0.835302 -59.965336 0.155393 0.259323 0.990695 0.259323 4.451171   0   1  -1 
2460085.681985 0.000000 0.000000 -85.120883 0.365564 -59.130034 -2.697368 -61.827401 -25.990849 0.365564 -23.293482 0.365564 4.451171   0   1  -1 
2460085.687655 0.000000 0.000000 -84.430836 0.384345 -59.130034 -2.686971 -61.817004 -25.300802 0.384345 -22.613832 0.384345 4.451171   0   1  -1 
2460086.748603 0.000000 0.000000 -57.379791 0.193185 -59.130034 0.227373 -58.902661 1.750243 0.193185 1.522870 0.193185 4.451171   0   1  -1 
2460086.754324 0.000000 0.000000 -57.655925 0.208316 -59.130034 0.246679 -58.883355 1.474109 0.208316 1.227430 0.208316 4.451171   0   1  -1 
2460199.601214 0.000000 0.000000 -60.237827 0.389251 -59.130034 -3.132641 -62.262675 -1.107793 0.389251 2.024848 0.389251 4.451171   0   1  -1 
2460199.607025 0.000000 0.000000 -59.321609 0.381438 -59.130034 -3.130649 -62.260683 -0.191575 0.381438 2.939074 0.381438 4.451171   0   1  -1 
2460201.515076 0.000000 0.000000 -59.992946 0.272613 -59.130034 -1.867721 -60.997754 -0.862912 0.272613 1.004808 0.272613 4.451171   0   1  -1 
2460201.520627 0.000000 0.000000 -59.837838 0.294212 -59.130034 -1.864580 -60.994614 -0.707804 0.294212 1.156776 0.294212 4.451171   0   1  -1 
2460202.533617 0.000000 0.000000 -60.316621 0.232737 -59.130034 -1.517731 -60.647765 -1.186587 0.232737 0.331144 0.232737 4.451171   0   1  -1 
2460202.539273 0.000000 0.000000 -60.064845 0.220468 -59.130034 -1.516988 -60.647022 -0.934811 0.220468 0.582177 0.220468 4.451171   0   1  -1 
2460203.571018 0.000000 0.000000 -60.190673 0.337253 -59.130034 -1.499692 -60.629726 -1.060639 0.337253 0.439053 0.337253 4.451171   0   1  -1 
2460203.577196 0.000000 0.000000 -60.378625 0.360328 -59.130034 -1.499867 -60.629900 -1.248591 0.360328 0.251275 0.360328 4.451171   0   1  -1 
2460204.530857 0.000000 0.000000 -60.576471 0.197030 -59.130034 -1.468784 -60.598818 -1.446437 0.197030 0.022347 0.197030 4.451171   0   1  -1 
2460204.536387 0.000000 0.000000 -60.449009 0.208547 -59.130034 -1.468125 -60.598159 -1.318975 0.208547 0.149150 0.208547 4.451171   0   1  -1 
2460205.516019 0.000000 0.000000 -60.633611 0.244280 -59.130034 -1.279789 -60.409822 -1.503577 0.244280 -0.223789 0.244280 4.451171   0   1  -1 
2460205.521490 0.000000 0.000000 -60.604071 0.216530 -59.130034 -1.278562 -60.408596 -1.474037 0.216530 -0.195475 0.216530 4.451171   0   1  -1 
2460206.534104 0.000000 0.000000 -60.273073 0.247014 -59.130034 -1.144319 -60.274353 -1.143039 0.247014 0.001280 0.247014 4.451171   0   1  -1 
2460206.539634 0.000000 0.000000 -60.618007 0.225863 -59.130034 -1.144460 -60.274494 -1.487973 0.225863 -0.343513 0.225863 4.451171   0   1  -1 
2460208.612713 0.000000 0.000000 -59.998253 0.238171 -59.130034 -2.088466 -61.218499 -0.868219 0.238171 1.220246 0.238171 4.451171   0   1  -1 
2460208.618030 0.000000 0.000000 -59.687757 0.245322 -59.130034 -2.092029 -61.222062 -0.557723 0.245322 1.534305 0.245322 4.451171   0   1  -1 
2460209.504007 0.000000 0.000000 -59.606726 0.494812 -59.130034 -2.530742 -61.660776 -0.476692 0.494812 2.054050 0.494812 4.451171   0   1  -1 
2460209.509978 0.000000 0.000000 -59.406245 0.441044 -59.130034 -2.532090 -61.662124 -0.276211 0.441044 2.255879 0.441044 4.451171   0   1  -1 
2460210.587394 0.000000 0.000000 -59.811154 0.275366 -59.130034 -2.220750 -61.350784 -0.681120 0.275366 1.539630 0.275366 4.451171   0   1  -1 
2460210.593026 0.000000 0.000000 -59.626164 0.295408 -59.130034 -2.215958 -61.345992 -0.496130 0.295408 1.719828 0.295408 4.451171   0   1  -1 
2460211.516295 0.000000 0.000000 -58.909396 0.380462 -59.130034 -1.023647 -60.153681 0.220638 0.380462 1.244285 0.380462 4.451171   0   1  -1 
2460211.522268 0.000000 0.000000 -58.728326 0.306169 -59.130034 -1.013736 -60.143769 0.401708 0.306169 1.415443 0.306169 4.451171   0   1  -1 
