# time model 
2455007.429878 -0.000020 
2455009.095720 0.000035 
2455010.761563 0.000077 
2455012.427406 0.000124 
2455014.093248 0.000061 
2455015.759091 -0.000017 
2455017.424934 0.000051 
2455019.090776 0.000111 
2455020.756619 -0.000010 
2455022.422462 -0.000119 
2455024.088304 -0.000073 
2455025.754147 -0.000105 
2455027.419989 -0.000312 
2455029.085832 -0.000389 
2455030.751675 -0.000221 
2455032.417517 -0.000079 
2455034.083360 -0.000059 
2455035.749203 0.000009 
2455037.415045 0.000074 
2455039.080888 -0.000012 
2455040.746730 -0.000092 
2455042.412573 -0.000006 
2455044.078416 0.000055 
2455045.744258 -0.000030 
2455047.410101 -0.000065 
2455049.075944 -0.000009 
2455050.741786 -0.000083 
2455052.407629 -0.000253 
2455054.073472 -0.000272 
2455055.739314 -0.000180 
2455057.405157 -0.000174 
2455059.070999 -0.000186 
2455060.736842 -0.000112 
2455062.402685 -0.000076 
2455064.068527 -0.000137 
2455065.734370 -0.000166 
2455067.400213 -0.000134 
2455069.066055 -0.000094 
2455070.731898 -0.000012 
2455072.397741 0.000060 
2455074.063583 -0.000008 
2455075.729426 -0.000078 
2455077.395268 0.000037 
2455079.061111 0.000108 
2455080.726954 -0.000085 
2455082.392796 -0.000254 
2455084.058639 -0.000187 
2455085.724482 -0.000157 
2455087.390324 -0.000243 
2455089.056167 -0.000186 
2455090.722010 -0.000119 
2455092.387852 -0.000270 
2455094.053695 -0.000248 
2455095.719537 0.000116 
2455097.385380 0.000120 
2455099.051223 -0.000337 
2455100.717065 -0.000249 
2455102.382908 0.000441 
2455104.048751 0.000492 
2455105.714593 -0.000139 
2455107.380436 -0.000191 
2455109.046279 0.000278 
2455110.712121 0.000198 
2455112.377964 -0.000105 
2455114.043806 0.000144 
2455115.709649 0.000245 
2455117.375492 -0.000195 
2455119.041334 -0.000091 
2455120.707177 0.000409 
2455122.373020 -0.000268 
2455124.038862 -0.001429 
2455125.704705 -0.000924 
2455127.370547 0.000314 
2455129.036390 -0.000059 
2455130.702233 -0.000852 
2455132.368075 0.000194 
2455134.033918 0.001640 
2455135.699761 0.001455 
2455137.365603 0.000961 
2455139.031446 0.001284 
2455140.697289 0.001089 
2455142.363131 0.000500 
2455144.028974 0.000953 
2455145.694816 0.000807 
2455147.360659 -0.001743 
2455149.026502 -0.003685 
2455150.692344 -0.002560 
2455152.358187 -0.001769 
2455154.024030 -0.003330 
2455155.689872 -0.003024 
2455157.355715 0.000975 
2455159.021558 0.004054 
2455160.687400 0.004022 
2455162.353243 0.003677 
2455164.019085 0.003487 
2455165.684928 0.002279 
2455167.350771 0.002252 
2455169.016613 0.003505 
2455170.682456 0.001005 
2455172.348299 -0.004900 
2455174.014141 -0.006987 
2455175.679984 -0.005501 
2455177.345827 -0.007747 
2455179.011669 -0.011377 
2455180.677512 -0.007381 
2455182.343354 0.001780 
2455184.009197 0.006730 
2455185.675040 0.007581 
2455187.340882 0.008181 
2455189.006725 0.006215 
2455190.672568 0.003004 
2455192.338410 0.005027 
2455194.004253 0.007559 
2455195.670096 0.000429 
2455197.335938 -0.009512 
2455199.001781 -0.010072 
2455200.667623 -0.009480 
2455202.333466 -0.018670 
2455203.999309 -0.024601 
2455205.665151 -0.013755 
2455207.330994 0.001380 
2455208.996837 0.007302 
2455210.662679 0.010282 
2455212.328522 0.012881 
2455213.994364 0.007471 
2455215.660207 0.001611 
2455217.326050 0.007500 
2455218.991892 0.011464 
2455220.657735 -0.001405 
2455222.323578 -0.013510 
2455223.989420 -0.010415 
2455225.655263 -0.013078 
2455227.321106 -0.031929 
2455228.986948 -0.038659 
2455230.652791 -0.020104 
2455232.318633 -0.002349 
2455233.984476 0.002233 
2455235.650319 0.008545 
2455237.316161 0.013572 
2455238.982004 0.003955 
2455240.647847 -0.003731 
2455242.313689 0.006437 
2455243.979532 0.011302 
2455245.645375 -0.003945 
2455247.311217 -0.012724 
2455248.977060 -0.005903 
2455250.642902 -0.013874 
2455252.308745 -0.038400 
2455253.974588 -0.042323 
2455255.640430 -0.022496 
2455257.306273 -0.011227 
2455258.972116 -0.010187 
2455260.637958 -0.000941 
2455262.303801 0.004665 
2455263.969644 -0.006527 
2455265.635486 -0.012819 
2455267.301329 -0.002415 
2455268.967171 0.002400 
2455270.633014 -0.004306 
2455272.298857 -0.003468 
2455273.964699 0.000362 
2455275.630542 -0.010632 
2455277.296385 -0.023620 
2455278.962227 -0.021424 
2455280.628070 -0.018020 
2455282.293913 -0.023501 
2455283.959755 -0.023155 
2455285.625598 -0.015307 
2455287.291440 -0.014880 
2455288.957283 -0.019268 
2455290.623126 -0.019593 
2455292.288968 -0.020008 
2455293.954811 -0.014865 
2455295.620654 0.003165 
2455297.286496 0.009795 
2455298.952339 -0.007685 
2455300.618181 -0.008985 
2455302.284024 0.020122 
2455303.949867 0.024177 
2455305.615709 -0.012520 
2455307.281552 -0.028869 
2455308.947395 -0.012695 
2455310.613237 -0.015711 
2455312.279080 -0.029558 
2455313.944923 -0.014727 
2455315.610765 -0.008712 
2455317.276608 -0.035219 
2455318.942450 -0.024371 
2455320.608293 0.023990 
2455322.274136 0.001980 
2455323.939978 -0.065400 
2455325.605821 -0.030504 
2455327.271664 0.064982 
2455328.937506 0.047578 
2455330.603349 -0.032501 
2455332.269192 -0.005429 
2455333.935034 0.065344 
2455335.600877 0.041175 
2455337.266719 0.006604 
2455338.932562 0.045026 
2455340.598405 0.042248 
2455342.264247 -0.014533 
2455343.930090 0.016572 
2455345.595933 0.054918 
2455347.261775 -0.082637 
2455348.927618 -0.221912 
2455350.593461 -0.120646 
2455352.259303 0.007576 
2455353.925146 -0.081810 
2455355.590988 -0.134391 
2455357.256831 0.073070 
2455358.922674 0.258135 
2455360.588516 0.217172 
2455362.254359 0.171369 
2455363.920202 0.202607 
2455365.586044 0.147270 
2455367.251887 0.098953 
2455368.917730 0.174388 
2455370.583572 0.070759 
2455372.249415 -0.320324 
2455373.915257 -0.509076 
2455375.581100 -0.343968 
2455377.246943 -0.350969 
2455378.912785 -0.578511 
2455380.578628 -0.396295 
2455382.244471 0.208869 
2455383.910313 0.563738 
2455385.576156 0.553199 
2455387.241998 0.537957 
2455388.907841 0.460801 
2455390.573684 0.278500 
2455392.239526 0.357821 
2455393.905369 0.501819 
2455395.571212 0.017162 
2455397.237054 -0.754483 
2455398.902897 -0.880931 
2455400.568740 -0.749797 
2455402.234582 -1.240823 
2455403.900425 -1.639264 
2455405.566267 -0.874376 
2455407.232110 0.328068 
2455408.897953 0.849027 
2455410.563795 0.986736 
2455412.229638 1.079859 
2455413.895481 0.710522 
2455415.561323 0.325668 
2455417.227166 0.735917 
2455418.893009 0.953016 
2455420.558851 -0.167837 
2455422.224694 -1.292569 
2455423.890536 -1.154393 
2455425.556379 -1.299271 
2455427.222222 -2.703430 
2455428.888064 -3.190016 
2455430.553907 -1.521480 
2455432.219750 0.231209 
2455433.885592 0.795059 
2455435.551435 1.257529 
2455437.217278 1.536911 
2455438.883120 0.680049 
2455440.548963 0.089393 
2455442.214805 1.019130 
2455443.880648 1.280068 
2455445.546491 -0.477524 
2455447.212333 -1.607699 
2455448.878176 -1.043052 
2455450.544019 -1.782146 
2455452.209861 -4.223802 
2455453.875704 -4.549798 
2455455.541547 -2.112969 
2455457.207389 -0.375460 
2455458.873232 0.004602 
2455460.539074 0.913425 
2455462.204917 1.358523 
2455463.870760 0.021198 
2455465.536602 -0.616515 
2455467.202445 0.747597 
2455468.868288 1.023269 
2455470.534130 -0.709232 
2455472.199973 -1.205732 
2455473.865815 -0.432056 
2455475.531658 -1.829711 
2455477.197501 -4.455294 
2455478.863343 -4.334988 
2455480.529186 -2.301276 
2455482.195029 -1.643930 
2455483.860871 -1.547452 
2455485.526714 -0.382553 
2455487.192557 -0.034098 
2455488.858399 -1.314187 
2455490.524242 -1.678511 
2455492.190084 -0.599327 
2455493.855927 -0.200815 
2455495.521770 -0.372508 
2455497.187612 0.089677 
2455498.853455 0.012680 
2455500.519298 -1.167515 
2455502.185140 -1.616981 
2455503.850983 -1.298756 
2455505.516826 -2.001680 
2455507.182668 -2.993723 
2455508.848511 -2.703189 
2455510.514353 -2.202085 
2455512.180196 -2.376657 
2455513.846039 -2.334684 
2455515.511881 -2.432431 
2455517.177724 -2.956116 
2455518.843567 -1.730690 
2455520.509409 0.986685 
2455522.175252 1.160482 
2455523.841095 -0.695195 
2455525.506937 0.551245 
2455527.172780 3.739141 
2455528.838622 2.749768 
2455530.504465 -1.339007 
2455532.170308 -2.788355 
2455533.836150 -2.402794 
2455535.501993 -3.459142 
2455537.167836 -3.689320 
2455538.833678 -2.033800 
2455540.499521 -2.587945 
2455542.165364 -4.536161 
2455543.831206 -2.177185 
2455545.497049 2.042349 
2455547.162891 1.129427 
2455548.828734 -1.383510 
2455550.494577 1.959855 
2455552.160419 6.594117 
2455553.826262 4.555814 
2455555.492105 -0.224111 
2455557.157947 -1.208695 
2455558.823790 -1.374319 
2455560.489632 -3.495378 
2455562.155475 -3.381489 
2455563.821318 -1.083801 
2455565.487160 -2.170381 
2455567.153003 -4.620579 
2455568.818846 -2.036863 
2455570.484688 2.023872 
2455572.150531 0.704238 
2455573.816374 -1.627402 
2455575.482216 1.596035 
2455577.148059 5.511090 
2455578.813901 3.985315 
2455580.479744 1.031760 
2455582.145587 0.685816 
2455583.811429 -0.391817 
2455585.477272 -2.845113 
2455587.143115 -2.286972 
2455588.808957 -0.152715 
2455590.474800 -1.674759 
2455592.140643 -4.153891 
2455593.806485 -1.993271 
2455595.472328 1.390675 
2455597.138170 0.367004 
2455598.804013 -1.744183 
2455600.469856 -0.081725 
2455602.135698 2.464572 
2455603.801541 2.426434 
2455605.467384 1.927757 
2455607.133226 1.923668 
2455608.799069 0.100321 
2455610.464912 -2.087235 
2455612.130754 -1.167909 
2455613.796597 0.369905 
2455615.462439 -1.573414 
2455617.128282 -3.943132 
2455618.794125 -2.168772 
2455620.459967 0.806288 
2455622.125810 0.221397 
2455623.791653 -2.006677 
2455625.457495 -1.931360 
2455627.123338 -0.244273 
2455628.789181 0.972372 
2455630.455023 1.756692 
2455632.120866 1.686962 
2455633.786708 -0.008214 
2455635.452551 -1.312185 
2455637.118394 -0.359994 
2455638.784236 0.246078 
2455640.450079 -1.987149 
2455642.115922 -3.944938 
2455643.781764 -2.121897 
2455645.447607 0.723546 
2455647.113449 0.203235 
2455648.779292 -2.394701 
2455650.445135 -2.984681 
2455652.110977 -1.314225 
2455653.776820 -0.007350 
2455655.442663 0.050505 
2455657.108505 -0.248702 
2455658.774348 -0.412259 
2455660.440191 -0.290436 
2455662.106033 0.013467 
2455663.771876 -0.606494 
2455665.437718 -2.551242 
2455667.103561 -3.449937 
2455668.769404 -1.289756 
2455670.435246 1.288388 
2455672.101089 0.329076 
2455673.766932 -2.750963 
2455675.432774 -3.242556 
2455677.098617 -1.101780 
2455678.764460 -0.541887 
2455680.430302 -2.158386 
2455682.096145 -2.311233 
2455683.761987 -0.255223 
2455685.427830 0.831802 
2455687.093673 -0.257927 
2455688.759515 -1.736247 
2455690.425358 -2.518952 
2455692.091201 -2.139888 
2455693.757043 0.129997 
2455695.422886 2.274592 
2455697.088729 0.616530 
2455698.754571 -3.259941 
2455700.420414 -3.702992 
2455702.086256 -0.854993 
2455703.752099 -0.348505 
2455705.417942 -2.475623 
2455707.083784 -2.143829 
2455708.749627 0.602987 
2455710.415470 0.972216 
2455712.081312 -1.081071 
2455713.747155 -1.912862 
2455715.412998 -1.473485 
2455717.078840 -0.980215 
2455718.744683 0.893635 
2455720.410525 2.892274 
2455722.076368 0.696219 
2455723.742211 -3.943992 
2455725.408053 -4.260827 
2455727.073896 -0.673876 
2455728.739739 0.318186 
2455730.405581 -1.294958 
2455732.071424 -0.728472 
2455733.737266 0.747212 
2455735.403109 -0.462801 
2455737.068952 -1.664191 
2455738.734794 -0.178914 
2455740.400637 0.453183 
2455742.066480 -0.967512 
2455743.732322 -0.103561 
2455745.398165 2.248803 
2455747.064008 0.209573 
2455748.729850 -4.362891 
2455750.395693 -4.187316 
2455752.061535 -0.430313 
2455753.727378 0.581352 
2455755.393221 -0.381381 
2455757.059063 0.066647 
2455758.724906 -0.363550 
2455760.390749 -2.364411 
2455762.056591 -1.047612 
2455763.722434 2.933664 
2455765.388277 2.410965 
2455767.054119 -2.005536 
2455768.719962 -2.574581 
2455770.385804 0.158085 
2455772.051647 -0.736745 
2455773.717490 -3.952260 
2455775.383332 -3.255052 
2455777.049175 -0.149697 
2455778.715018 0.470247 
2455780.380860 -0.264707 
2455782.046703 -0.325403 
2455783.712546 -1.445158 
2455785.378388 -2.346797 
2455787.044231 0.869813 
2455788.710073 4.874465 
2455790.375916 2.678734 
2455792.041759 -3.270775 
2455793.707601 -4.804015 
2455795.373444 -2.026115 
2455797.039287 -0.998555 
2455798.705129 -1.972895 
2455800.370972 -1.272912 
2455802.036815 0.313077 
2455803.702657 0.083553 
2455805.368500 -1.040569 
2455807.034342 -1.471406 
2455808.700185 -1.698302 
2455810.366028 -1.193203 
2455812.031870 1.161196 
2455813.697713 2.916411 
2455815.363556 0.806589 
2455817.029398 -3.097235 
2455818.695241 -4.042450 
2455820.361083 -1.768188 
2455822.026926 0.243183 
2455823.692769 0.546811 
2455825.358611 0.329794 
2455827.024454 0.215400 
2455828.690297 -0.161144 
2455830.356139 -0.781477 
2455832.021982 -1.386960 
2455833.687825 -1.972192 
2455835.353667 -2.350576 
2455837.019510 -2.067395 
2455838.685352 -1.078745 
2455840.351195 -0.067794 
2455842.017038 0.191998 
2455843.682880 -0.175634 
2455845.348723 -0.216413 
2455847.014566 0.408835 
2455848.680408 0.776564 
2455850.346251 0.148968 
2455852.012094 -0.859557 
2455853.677936 -1.199058 
2455855.343779 -0.619440 
2455857.009621 0.105273 
2455858.675464 -0.440171 
2455860.341307 -2.703528 
2455862.007149 -4.348733 
2455863.672992 -2.348739 
2455865.338835 2.176120 
2455867.004677 4.339934 
2455868.670520 1.958855 
2455870.336363 -1.692075 
2455872.002205 -2.846641 
2455873.668048 -1.822742 
2455875.333890 -1.313827 
2455876.999733 -2.288393 
2455878.665576 -2.819264 
2455880.331418 -0.795116 
2455881.997261 2.375947 
2455883.663104 2.499779 
2455885.328946 -1.330027 
2455886.994789 -4.044085 
2455888.660632 -1.202106 
2455890.326474 4.264021 
2455891.992317 5.765129 
2455893.658159 1.588036 
2455895.324002 -3.770907 
2455896.989845 -5.628925 
2455898.655687 -3.974358 
2455900.321530 -2.429528 
2455901.987373 -3.104830 
2455903.653215 -3.474393 
2455905.319058 -0.373633 
2455906.984900 3.918879 
2455908.650743 4.035252 
2455910.316586 -0.083747 
2455911.982428 -2.518191 
2455913.648271 0.074826 
2455915.314114 4.196011 
2455916.979956 4.780330 
2455918.645799 0.970695 
2455920.311642 -3.887020 
2455921.977484 -5.873611 
2455923.643327 -4.457046 
2455925.309169 -2.940976 
2455926.975012 -3.351986 
2455928.640855 -2.930493 
2455930.306697 0.737557 
2455931.972540 4.327172 
2455933.638383 3.594236 
2455935.304225 0.264046 
2455936.970068 -1.052259 
2455938.635911 0.495658 
2455940.301753 2.528033 
2455941.967596 3.062818 
2455943.633438 1.149608 
2455945.299281 -2.409650 
2455946.965124 -4.579828 
2455948.630966 -4.000519 
2455950.296809 -3.243261 
2455951.962652 -3.520753 
2455953.628494 -1.922567 
2455955.294337 2.114227 
2455956.960180 4.111883 
2455958.626022 2.156868 
2455960.291865 -0.038949 
2455961.957707 -0.213058 
2455963.623550 0.005118 
2455965.289393 0.352900 
2455966.955235 1.713585 
2455968.621078 1.955702 
2455970.286921 -0.613858 
2455971.952763 -3.077783 
2455973.618606 -3.265209 
2455975.284449 -3.361813 
2455976.950291 -3.672174 
2455978.616134 -1.114526 
2455980.281976 2.999668 
2455981.947819 3.472847 
2455983.613662 0.721799 
2455985.279504 -0.435480 
2455986.945347 -0.100202 
2455988.611190 -1.106908 
2455990.277032 -1.499009 
2455991.942875 0.918459 
2455993.608717 2.465867 
2455995.274560 0.393085 
2455996.940403 -1.871814 
2455998.606245 -2.129441 
2456000.272088 -2.707940 
2456001.937931 -3.254631 
2456003.603773 -0.800692 
2456005.269616 2.458636 
2456006.935459 2.093265 
2456008.601301 -0.122511 
2456010.267144 -0.453100 
2456011.932986 -0.612086 
2456013.598829 -2.377593 
2456015.264672 -2.465488 
2456016.930514 0.287892 
2456018.596357 1.604805 
2456020.262200 0.097560 
2456021.928042 -0.679854 
2456023.593885 -0.094651 
2456025.259728 -0.707417 
2456026.925570 -1.728441 
2456028.591413 -0.926882 
2456030.257255 0.213972 
2456031.923098 -0.002662 
2456033.588941 -0.148379 
2456035.254783 -0.022314 
2456036.920626 -1.442248 
2456038.586469 -3.105584 
2456040.252311 -2.260694 
2456041.918154 -0.536190 
2456043.583997 -0.706286 
2456045.249839 -0.987762 
2456046.915682 0.809124 
2456048.581524 2.423863 
2456050.247367 1.646440 
2456051.913210 0.013608 
2456053.579052 -0.959753 
2456055.244895 -1.474967 
2456056.910738 -1.011069 
2456058.576580 0.341986 
2456060.242423 0.198917 
2456061.908266 -1.841252 
2456063.574108 -2.551284 
2456065.239951 -1.205138 
2456066.905793 -1.111027 
2456068.571636 -2.532445 
2456070.237479 -1.586831 
2456071.903321 2.003008 
2456073.569164 3.775421 
2456075.235007 2.171364 
2456076.900849 0.277022 
2456078.566692 -0.066204 
2456080.232534 0.131059 
2456081.898377 0.312617 
2456083.564220 0.510488 
2456085.230062 -0.042409 
2456086.895905 -1.133614 
2456088.561748 -1.098094 
2456090.227590 -0.139384 
2456091.893433 -0.459502 
2456093.559276 -1.754087 
2456095.225118 -0.986859 
2456096.890961 2.017395 
2456098.556803 3.362908 
2456100.222646 1.231213 
2456101.888489 -1.025651 
2456103.554331 -0.241984 
2456105.220174 1.855926 
2456106.886017 2.124778 
2456108.551859 0.897065 
2456110.217702 0.176311 
2456111.883545 -0.020726 
2456113.549387 -0.232838 
2456115.215230 0.325520 
2456116.881072 1.314670 
2456118.546915 0.867758 
2456120.212758 -0.308073 
2456121.878600 0.340630 
2456123.544443 1.465586 
2456125.210286 -0.284932 
2456126.876128 -2.833509 
2456128.541971 -1.512838 
2456130.207814 2.037699 
2456131.873656 2.813487 
2456133.539499 1.357055 
2456135.205341 0.961869 
2456136.871184 0.827902 
2456138.537027 -0.171179 
2456140.202869 0.335207 
2456141.868712 2.252392 
2456143.534555 1.716045 
2456145.200397 -0.856010 
2456146.866240 -1.263898 
2456148.532083 -0.373257 
2456150.197925 -1.745781 
2456151.863768 -3.156963 
2456153.529610 -1.111124 
2456155.195453 1.496121 
2456156.861296 1.368480 
2456158.527138 0.843845 
2456160.192981 1.440266 
2456161.858824 0.820052 
2456163.524666 -0.509637 
2456165.190509 0.255767 
2456166.856351 1.310549 
2456168.522194 -0.148524 
2456170.188037 -1.492750 
2456171.853879 -0.515691 
2456173.519722 -0.284718 
2456175.185565 -1.680203 
2456176.851407 -1.039466 
2456178.517250 1.198183 
2456180.183093 0.829669 
2456181.848935 -0.959385 
2456183.514778 -0.250738 
2456185.180620 1.117908 
2456186.846463 0.149569 
2456188.512306 -0.684183 
2456190.178148 0.299290 
2456191.843991 0.054476 
2456193.509834 -1.538713 
2456195.175676 -0.653715 
2456196.841519 1.839065 
2456198.507362 1.807843 
2456200.173204 0.556672 
2456201.839047 1.473517 
2456203.504889 2.387271 
2456205.170732 0.571723 
2456206.836575 -1.132335 
2456208.502417 -0.314196 
2456210.168260 0.519350 
2456211.834103 -0.165706 
2456213.499945 -0.320080 
2456215.165788 0.692313 
2456216.831631 1.275730 
2456218.497473 1.215604 
2456220.163316 1.218380 
2456221.829158 1.138724 
2456223.495001 1.273858 
2456225.160844 2.178533 
2456226.826686 2.762031 
2456228.492529 1.908201 
2456230.158372 0.648601 
2456231.824214 0.140801 
2456233.490057 0.015159 
2456235.155900 -0.032927 
2456236.821742 0.104898 
2456238.487585 0.236841 
2456240.153427 1.048314 
2456241.819270 3.208244 
2456243.485113 4.287419 
2456245.150955 1.740938 
2456246.816798 -1.343451 
2456248.482641 -0.411279 
2456250.148483 2.489978 
2456251.814326 2.619069 
2456253.480168 0.927039 
2456255.146011 0.670724 
2456256.811854 0.850671 
2456258.477696 -0.030521 
2456260.143539 -0.166499 
2456261.809382 0.764756 
2456263.475224 0.720716 
2456265.141067 0.983978 
2456266.806910 3.679055 
2456268.472752 5.015536 
2456270.138595 1.245519 
2456271.804437 -2.744203 
2456273.470280 -1.313277 
2456275.136123 1.915841 
2456276.801965 1.687185 
2456278.467808 0.228118 
2456280.133651 0.497332 
2456281.799493 0.338121 
2456283.465336 -0.729626 
2456285.131179 0.275309 
2456286.797021 2.150214 
2456288.462864 1.379124 
2456290.128706 0.476565 
2456291.794549 2.856340 
2456293.460392 4.194244 
2456295.126234 0.492959 
2456296.792077 -2.966760 
2456298.457920 -1.332103 
2456300.123762 1.149738 
2456301.789605 0.619950 
2456303.455448 -0.044488 
2456305.121290 0.174264 
2456306.787133 -1.341361 
2456308.452975 -2.205991 
2456310.118818 1.412256 
2456311.784661 4.804467 
2456313.450503 2.477298 
2456315.116346 -0.442423 
2456316.782189 1.624348 
2456318.448031 3.305955 
2456320.113874 -0.131710 
2456321.779717 -2.877690 
2456323.445559 -0.931622 
2456325.111402 0.637413 
2456326.777244 -0.289084 
2456328.443087 -0.037110 
2456330.108930 -0.191779 
2456331.774772 -3.803697 
2456333.440615 -4.291944 
2456335.106458 3.228946 
2456336.772300 8.697573 
2456338.438143 3.881818 
2456340.103986 -1.720956 
2456341.769828 0.657012 
2456343.435671 3.183805 
2456345.101513 -0.533550 
2456346.767356 -3.041315 
2456348.433199 -0.472352 
2456350.099041 0.496690 
2456351.764884 -0.959928 
2456353.430727 0.075278 
2456355.096569 -0.446054 
2456356.762412 -6.165291 
2456358.428254 -6.216644 
2456360.094097 5.196305 
2456361.759940 12.387431 
2456363.425782 4.829685 
2456365.091625 -3.059845 
2456366.757468 0.228653 
2456368.423310 3.695477 
2456370.089153 -0.635327 
2456371.754996 -3.232811 
2456373.420838 -0.071373 
2456375.086681 0.605348 
2456376.752523 -1.267885 
2456378.418366 0.207795 
2456380.084209 -0.368772 
2456381.750051 -6.870558 
2456383.415894 -6.573670 
2456385.081737 5.954818 
2456386.747579 12.861267 
2456388.413422 4.187219 
2456390.079265 -3.674812 
2456391.745107 0.293640 
2456393.410950 3.940671 
2456395.076792 -0.219774 
2456396.742635 -2.574676 
2456398.408478 0.269635 
2456400.074320 0.692726 
2456401.740163 -0.961979 
2456403.406006 0.405420 
2456405.071848 0.211517 
2456406.737691 -4.488430 
2456408.403534 -4.303488 
2456410.069376 3.834631 
2456411.735219 7.532118 
2456413.401061 1.678529 
2456415.066904 -2.511283 
2456416.732747 0.554534 
2456418.398589 2.939240 
2456420.064432 0.897608 
2456421.730275 -0.392295 
2456423.396117 0.481416 
2456425.061960 0.426087 
2456426.727803 0.027400 
2456428.393645 0.868474 
2456430.059488 0.973845 
2456431.725330 -0.447594 
2456433.391173 -1.087372 
2456435.057016 -0.543370 
2456436.722858 -0.306949 
2456438.388701 -0.124437 
2456440.054544 0.446791 
2456441.720386 0.629973 
2456443.386229 0.970409 
2456445.052071 2.160727 
2456446.717914 2.210445 
2456448.383757 0.295451 
2456450.049599 -0.487615 
2456451.715442 1.001818 
2456453.381285 1.693517 
2456455.047127 0.856813 
2456456.712970 0.713866 
2456458.378813 0.288518 
2456460.044655 -1.993092 
2456461.710498 -2.489018 
2456463.376340 1.044053 
2456465.042183 3.181044 
2456466.708026 0.677997 
2456468.373868 -0.706209 
2456470.039711 2.115733 
2456471.705554 3.077604 
2456473.371396 -0.355871 
2456475.037239 -1.780773 
2456476.703082 1.059464 
2456478.368924 2.234229 
2456480.034767 0.104702 
2456481.700609 -0.541261 
2456483.366452 0.636426 
2456485.032295 0.270548 
2456486.698137 0.229302 
2456488.363980 3.040538 
2456490.029823 4.208602 
2456491.695665 0.672986 
2456493.361508 -1.693215 
2456495.027351 0.864994 
2456496.693193 2.436514 
2456498.359036 -0.516879 
2456500.024878 -2.230054 
2456501.690721 0.312905 
2456503.356564 1.727844 
2456505.022406 -0.294031 
2456506.688249 -0.995136 
2456508.354092 1.149213 
2456510.019934 2.460754 
2456511.685777 2.572616 
2456513.351620 3.641331 
2456515.017462 3.557260 
2456516.683305 0.192163 
2456518.349147 -2.313367 
2456520.014990 -0.503307 
2456521.680833 1.660045 
2456523.346675 0.473959 
2456525.012518 -1.006278 
2456526.678361 -0.099341 
2456528.344203 0.551301 
2456530.010046 -0.428125 
2456531.675888 -0.268990 
2456533.341731 1.624110 
2456535.007574 2.606531 
2456536.673416 2.466044 
2456538.339259 2.712827 
2456540.005102 1.985698 
2456541.670944 -0.904248 
2456543.336787 -2.744647 
2456545.002630 -0.900605 
2456546.668472 1.830835 
2456548.334315 2.152056 
2456550.000157 1.004550 
2456551.666000 0.176648 
2456553.331843 -0.396990 
2456554.997685 -0.347406 
2456556.663528 0.904605 
2456558.329371 1.834435 
2456559.995213 1.243782 
2456561.661056 0.755278 
2456563.326899 1.109878 
2456564.992741 0.167692 
2456566.658584 -2.187573 
2456568.324426 -2.534628 
2456569.990269 0.200085 
2456571.656112 2.908358 
2456573.321954 3.463873 
2456574.987797 2.493292 
2456576.653640 0.724719 
2456578.319482 -0.756890 
2456579.985325 -0.106640 
2456581.651168 1.799234 
2456583.317010 1.658360 
2456584.982853 -0.372833 
2456586.648695 -0.952820 
2456588.314538 -0.280860 
2456589.980381 -1.301967 
2456591.646223 -2.855258 
2456593.312066 -1.412240 
2456594.977909 2.009808 
2456596.643751 3.801751 
2456598.309594 3.654883 
2456599.975437 2.808005 
2456601.641279 1.000247 
2456603.307122 -0.696657 
2456604.972964 0.104567 
2456606.638807 1.950496 
2456608.304650 1.159168 
2456609.970492 -1.243556 
2456611.636335 -1.616846 
2456613.302178 -0.887460 
2456614.968020 -1.838269 
2456616.633863 -2.567975 
2456618.299705 -0.246147 
2456619.965548 2.866591 
2456621.631391 3.572216 
2456623.297233 2.848717 
2456624.963076 2.207978 
2456626.628919 0.894927 
2456628.294761 -0.452433 
2456629.960604 0.188048 
2456631.626447 1.507361 
2456633.292289 0.638023 
2456634.958132 -1.227959 
2456636.623974 -1.316905 
2456638.289817 -0.767652 
2456639.955660 -1.581481 
2456641.621502 -1.889699 
2456643.287345 0.200843 
2456644.953188 2.434238 
2456646.619030 2.521815 
2456648.284873 1.722277 
2456649.950716 1.336242 
2456651.616558 0.618614 
2456653.282401 -0.206537 
2456654.948243 0.166072 
2456656.614086 0.897128 
2456658.279929 0.284958 
2456659.945771 -0.736807 
2456661.611614 -0.581375 
2456663.277457 -0.305125 
2456664.943299 -1.100144 
2456666.609142 -1.433722 
2456668.274985 -0.054290 
2456669.940827 1.388542 
2456671.606670 1.368025 
2456673.272512 0.808904 
2456674.938355 0.646297 
2456676.604198 0.370623 
2456678.270040 -0.054102 
2456679.935883 0.073611 
2456681.601726 0.389892 
2456683.267568 0.122567 
2456684.933411 -0.155164 
2456686.599254 0.170119 
2456688.265096 0.149859 
2456689.930939 -0.822450 
2456691.596781 -1.411566 
2456693.262624 -0.614139 
2456694.928467 0.444522 
2456696.594309 0.583871 
2456698.260152 0.307637 
2456699.925995 0.292579 
2456701.591837 0.228277 
2456703.257680 -0.046290 
2456704.923522 -0.112508 
2456706.589365 0.028774 
2456708.255208 0.096806 
2456709.921050 0.323278 
2456711.586893 0.696408 
2456713.252736 0.354767 
2456714.918578 -0.866290 
2456716.584421 -1.589058 
2456718.250264 -0.936864 
2456719.916106 0.072666 
2456721.581949 0.336484 
2456723.247791 0.210151 
2456724.913634 0.258367 
2456726.579477 0.171503 
2456728.245319 -0.237152 
2456729.911162 -0.468475 
2456731.577005 -0.260094 
2456733.242847 0.157619 
2456734.908690 0.632790 
2456736.574533 0.841021 
2456738.240375 0.172015 
2456739.906218 -1.058200 
2456741.572060 -1.429838 
2456743.237903 -0.482524 
2456744.903746 0.495713 
2456746.569588 0.596503 
2456748.235431 0.442212 
2456749.901274 0.486996 
2456751.567116 0.147488 
2456753.232959 -0.671917 
2456754.898802 -1.043388 
2456756.564644 -0.523458 
2456758.230487 0.293205 
2456759.896329 0.761085 
2456761.562172 0.563363 
2456763.228015 -0.314316 
2456764.893857 -1.041509 
2456766.559700 -0.495337 
2456768.225543 0.918112 
2456769.891385 1.569297 
2456771.557228 1.156687 
2456773.223071 0.890975 
2456774.888913 0.928554 
2456776.554756 0.144445 
2456778.220598 -1.292201 
2456779.886441 -1.724003 
2456781.552284 -0.674944 
2456783.218126 0.527363 
2456784.883969 0.805963 
2456786.549812 0.244357 
2456788.215654 -0.538947 
2456789.881497 -0.586301 
2456791.547339 0.725351 
2456793.213182 2.319872 
2456794.879025 2.464098 
2456796.544867 1.549585 
2456798.210710 1.344376 
2456799.876553 1.522477 
2456801.542395 0.270766 
2456803.208238 -1.795127 
2456804.874081 -2.132583 
2456806.539923 -0.535150 
2456808.205766 0.795078 
2456809.871608 0.913224 
2456811.537451 0.550614 
2456813.203294 0.068370 
2456814.869136 -0.156244 
2456816.534979 0.755422 
2456818.200822 2.158066 
2456819.866664 2.199125 
2456821.532507 1.330200 
2456823.198350 1.606096 
2456824.864192 2.237820 
2456826.530035 0.799801 
2456828.195877 -1.583865 
2456829.861720 -1.781713 
2456831.527563 -0.210765 
2456833.193405 0.585955 
2456834.859248 0.710972 
2456836.525091 1.228225 
2456838.190933 1.032683 
2456839.856776 -0.254394 
2456841.522619 -0.518586 
2456843.188461 0.604207 
2456844.854304 0.902631 
2456846.520146 0.540771 
2456848.185989 1.674232 
2456849.851832 3.076693 
2456851.517674 1.919521 
2456853.183517 -0.385625 
2456854.849360 -0.781934 
2456856.515202 -0.175767 
2456858.181045 -0.392834 
2456859.846888 0.010957 
2456861.512730 1.619955 
2456863.178573 1.586401 
2456864.844415 -0.685691 
2456866.510258 -1.849925 
2456868.176101 -1.026085 
2456869.841943 -0.666074 
2456871.507786 -0.506285 
2456873.173629 1.588955 
2456874.839471 3.824032 
2456876.505314 3.105427 
2456878.171156 0.942363 
2456879.836999 0.117252 
2456881.502842 -0.292712 
2456883.168684 -1.175811 
2456884.834527 -0.516432 
2456886.500370 1.533636 
2456888.166212 1.486189 
2456889.832055 -0.930148 
2456891.497898 -2.216753 
2456893.163740 -1.788652 
2456894.829583 -1.776582 
2456896.495425 -1.329379 
2456898.161268 1.395944 
2456899.827111 4.035237 
2456901.492953 3.586525 
2456903.158796 1.613879 
2456904.824639 0.560738 
2456906.490481 -0.289319 
2456908.156324 -1.273156 
2456909.822167 -0.619182 
2456911.488009 1.122722 
2456913.153852 1.019143 
2456914.819694 -0.827639 
2456916.485537 -1.752040 
2456918.151380 -1.681519 
2456919.817222 -2.004546 
2456921.483065 -1.488076 
2456923.148908 1.117853 
2456924.814750 3.427706 
2456926.480593 3.088223 
2456928.146436 1.514291 
2456929.812278 0.577288 
2456931.478121 -0.201015 
2456933.143963 -0.938093 
2456934.809806 -0.466713 
2456936.475649 0.651644 
2456938.141491 0.534895 
2456939.807334 -0.551375 
2456941.473177 -1.037401 
2456943.139019 -1.144302 
2456944.804862 -1.555547 
2456946.470705 -1.135936 
2456948.136547 0.774932 
2456949.802390 2.336355 
2456951.468232 2.067074 
2456953.134075 1.016861 
2456954.799918 0.387323 
2456956.465760 -0.103680 
2456958.131603 -0.519692 
2456959.797446 -0.260035 
2456961.463288 0.297097 
2456963.129131 0.207972 
2456964.794973 -0.283603 
2456966.460816 -0.461996 
2456968.126659 -0.594777 
2456969.792501 -0.919883 
2456971.458344 -0.659744 
2456973.124187 0.453737 
2456974.790029 1.294384 
2456976.455872 1.102600 
2456978.121715 0.515912 
2456979.787557 0.185400 
2456981.453400 -0.034667 
2456983.119242 -0.208453 
2456984.785085 -0.101821 
2456986.450928 0.104542 
2456988.116770 0.052159 
2456989.782613 -0.107528 
2456991.448456 -0.134860 
2456993.114298 -0.229577 
2456994.780141 -0.442895 
2456996.445984 -0.334057 
2456998.111826 0.210357 
2456999.777669 0.616786 
2457001.443511 0.512584 
2457003.109354 0.213796 
2457004.775197 0.065140 
2457006.441039 0.008490 
2457008.106882 -0.041272 
2457009.772725 -0.017915 
2457011.438567 0.034226 
2457013.104410 0.007806 
2457014.770253 -0.023834 
2457016.436095 0.003870 
2457018.101938 -0.068580 
2457019.767780 -0.277385 
2457021.433623 -0.293455 
2457023.099466 0.062675 
2457024.765308 0.418894 
2457026.431151 0.391420 
2457028.096994 0.153923 
2457029.762836 0.050885 
2457031.428679 0.053771 
2457033.094522 0.006815 
2457034.760364 -0.023254 
2457036.426207 0.010866 
2457038.092049 0.004723 
2457039.757892 -0.002371 
2457041.423735 0.060249 
2457043.089577 -0.063245 
2457044.755420 -0.480685 
2457046.421263 -0.595329 
2457048.087105 0.040017 
2457049.752948 0.757897 
2457051.418790 0.736250 
2457053.084633 0.297460 
2457054.750476 0.142175 
2457056.416318 0.136332 
2457058.082161 -0.057474 
2457059.748004 -0.171524 
2457061.413846 -0.052971 
2457063.079689 -0.017051 
2457064.745532 -0.021221 
2457066.411374 0.115573 
2457068.077217 -0.168193 
2457069.743059 -1.071041 
2457071.408902 -1.227050 
2457073.074745 0.228113 
2457074.740587 1.679114 
2457076.406430 1.471234 
2457078.072273 0.545877 
2457079.738115 0.325395 
2457081.403958 0.276362 
2457083.069801 -0.273806 
2457084.735643 -0.555064 
2457086.401486 -0.245313 
2457088.067328 -0.107598 
2457089.733171 -0.079555 
2457091.399014 0.200555 
2457093.064856 -0.351429 
2457094.730699 -1.970175 
2457096.396542 -2.022659 
2457098.062384 0.751817 
2457099.728227 3.089299 
2457101.394070 2.344523 
2457103.059912 0.712260 
2457104.725755 0.547898 
2457106.391597 0.453199 
2457108.057440 -0.689653 
2457109.723283 -1.232698 
2457111.389125 -0.623100 
2457113.054968 -0.299719 
2457114.720811 -0.186260 
2457116.386653 0.293227 
2457118.052496 -0.560011 
2457119.718339 -2.875944 
2457121.384181 -2.576917 
2457123.050024 1.651056 
2457124.715866 4.532404 
2457126.381709 2.827288 
2457128.047552 0.521715 
2457129.713394 0.684283 
2457131.379237 0.590847 
2457133.045080 -1.255879 
2457134.710922 -2.088556 
2457136.376765 -1.139811 
2457138.042607 -0.576208 
2457139.708450 -0.330796 
2457141.374293 0.337392 
2457143.040135 -0.687081 
2457144.705978 -3.251363 
2457146.371821 -2.377442 
2457148.037663 2.666229 
2457149.703506 5.151179 
2457151.369349 2.296805 
2457153.035191 -0.229960 
2457154.701034 0.561235 
2457156.366876 0.595241 
2457158.032719 -1.701818 
2457159.698562 -2.700804 
2457161.364404 -1.558580 
2457163.030247 -0.822987 
2457164.696090 -0.449997 
2457166.361932 0.301027 
2457168.027775 -0.625071 
2457169.693618 -2.750896 
2457171.359460 -1.412771 
2457173.025303 3.142335 
2457174.691145 4.334633 
2457176.356988 0.807992 
2457178.022831 -1.292252 
2457179.688673 0.115349 
2457181.354516 0.479733 
2457183.020359 -1.537815 
2457184.686201 -2.429597 
2457186.352044 -1.475261 
2457188.017887 -0.840804 
2457189.683729 -0.441874 
2457191.349572 0.223501 
2457193.015414 -0.435083 
2457194.681257 -1.776795 
2457196.347100 -0.433392 
2457198.012942 2.696407 
2457199.678785 2.674758 
2457201.344628 -0.594713 
2457203.010470 -2.066700 
2457204.676313 -0.523136 
2457206.342156 0.402499 
2457208.007998 -0.476651 
2457209.673841 -1.016286 
2457211.339683 -0.698456 
2457213.005526 -0.531996 
2457214.671369 -0.274682 
2457216.337211 0.163413 
2457218.003054 -0.244812 
2457219.668897 -0.886621 
2457221.334739 0.104910 
2457223.000582 1.743069 
2457224.666424 1.144854 
2457226.332267 -1.292350 
2457227.998110 -2.340304 
2457229.663952 -1.102981 
2457231.329795 0.408968 
2457232.995638 0.932377 
2457234.661480 0.811340 
2457236.327323 0.395524 
2457237.993166 -0.035227 
2457239.659008 -0.031181 
2457241.324851 0.145608 
2457242.990693 -0.106252 
2457244.656536 -0.322344 
2457246.322379 0.245230 
2457247.988221 0.852795 
2457249.654064 0.216289 
2457251.319907 -1.294417 
2457252.985749 -2.068934 
2457254.651592 -1.330849 
2457256.317435 0.294723 
2457257.983277 1.662632 
2457259.649120 1.951426 
2457261.314962 1.243825 
2457262.980805 0.446256 
2457264.646648 0.186916 
2457266.312490 0.160112 
2457267.978333 -0.013700 
2457269.644176 -0.070030 
2457271.310018 0.191082 
2457272.975861 0.317403 
2457274.641704 -0.105720 
2457276.307546 -0.832236 
2457277.973389 -1.315232 
2457279.639231 -1.138046 
2457281.305074 -0.153925 
2457282.970917 1.187432 
2457284.636759 1.914399 
2457286.302602 1.564680 
2457287.968445 0.773317 
2457289.634287 0.319683 
2457291.300130 0.182002 
2457292.965973 0.045324 
2457294.631815 -0.009888 
2457296.297658 0.101069 
2457297.963500 0.115014 
2457299.629343 -0.077959 
2457301.295186 -0.273818 
2457302.961028 -0.482084 
2457304.626871 -0.786528 
2457306.292714 -0.723053 
2457307.958556 0.156876 
2457309.624399 1.229537 
2457311.290241 1.451541 
2457312.956084 0.867319 
2457314.621927 0.345919 
2457316.287769 0.181777 
2457317.953612 0.068098 
2457319.619455 -0.022429 
2457321.285297 0.039591 
2457322.951140 0.079540 
2457324.616983 0.028921 
2457326.282825 0.082142 
2457327.948668 0.039065 
2457329.614510 -0.479491 
2457331.280353 -0.973115 
2457332.946196 -0.529568 
2457334.612038 0.561855 
2457336.277881 1.080778 
2457337.943724 0.724170 
2457339.609566 0.278700 
2457341.275409 0.146585 
2457342.941252 0.058785 
2457344.607094 -0.038998 
2457346.272937 0.011110 
2457347.938779 0.081796 
2457349.604622 0.087202 
2457351.270465 0.190378 
2457352.936307 0.208250 
2457354.602150 -0.260981 
2457356.267993 -0.841969 
2457357.933835 -0.670860 
2457359.599678 0.158113 
2457361.265521 0.655331 
2457362.931363 0.472468 
2457364.597206 0.175876 
2457366.263048 0.095313 
2457367.928891 0.036207 
2457369.594734 -0.040311 
2457371.260576 0.001927 
2457372.926419 0.073119 
2457374.592262 0.086547 
2457376.258104 0.155533 
2457377.923947 0.178463 
2457379.589790 -0.126402 
2457381.255632 -0.543319 
2457382.921475 -0.497432 
2457384.587317 -0.003952 
2457386.253160 0.324292 
2457387.919003 0.245483 
2457389.584845 0.088353 
2457391.250688 0.050209 
2457392.916531 0.015854 
2457394.582373 -0.030965 
2457396.248216 -0.000749 
2457397.914058 0.050594 
2457399.579901 0.057744 
2457401.245744 0.084606 
2457402.911586 0.095964 
2457404.577429 -0.053479 
2457406.243272 -0.267551 
2457407.909114 -0.260135 
2457409.574957 -0.029885 
2457411.240800 0.129252 
2457412.906642 0.099887 
2457414.572485 0.034661 
2457416.238327 0.020913 
2457417.904170 0.003466 
2457419.570013 -0.019783 
2457421.235855 -0.003106 
2457422.901698 0.025285 
2457424.567541 0.028503 
2457426.233383 0.033304 
2457427.899226 0.034941 
2457429.565069 -0.018459 
2457431.230911 -0.093285 
2457432.896754 -0.088898 
2457434.562596 -0.009298 
2457436.228439 0.042046 
2457437.894282 0.030401 
2457439.560124 0.010212 
2457441.225967 0.006361 
2457442.891810 -0.001742 
2457444.557652 -0.011542 
2457446.223495 -0.005602 
2457447.889338 0.006567 
2457449.555180 0.010640 
2457451.221023 0.011318 
2457452.886865 0.008727 
2457454.552708 -0.004216 
2457456.218551 -0.015129 
2457457.884393 -0.006353 
2457459.550236 0.011215 
2457461.216079 0.015364 
2457462.881921 0.007771 
2457464.547764 0.002784 
2457466.213607 0.001237 
2457467.879449 -0.002607 
2457469.545292 -0.006583 
2457471.211134 -0.006435 
2457472.876977 -0.002365 
2457474.542820 0.003439 
2457476.208662 0.006567 
2457477.874505 0.003300 
2457479.540348 -0.000590 
2457481.206190 0.004538 
2457482.872033 0.015299 
2457484.537875 0.018682 
2457486.203718 0.012157 
2457487.869561 0.005019 
2457489.535403 0.002103 
2457491.201246 0.000420 
2457492.867089 -0.001827 
2457494.532931 -0.004135 
2457496.198774 -0.006336 
2457497.864617 -0.005594 
2457499.530459 0.001102 
2457501.196302 0.008263 
2457502.862144 0.007119 
2457504.527987 0.001007 
2457506.193830 0.001919 
2457507.859672 0.010873 
2457509.525515 0.016365 
2457511.191358 0.012896 
2457512.857200 0.006586 
2457514.523043 0.002604 
2457516.188886 0.000125 
2457517.854728 -0.002317 
2457519.520571 -0.006847 
2457521.186413 -0.014720 
2457522.852256 -0.016837 
2457524.518099 -0.000695 
2457526.183941 0.024548 
2457527.849784 0.031979 
2457529.515627 0.016166 
2457531.181469 0.001936 
2457532.847312 0.004551 
2457534.513155 0.011518 
2457536.178997 0.011079 
2457537.844840 0.006977 
2457539.510682 0.002394 
2457541.176525 -0.003055 
2457542.842368 -0.008884 
2457544.508210 -0.024837 
2457546.174053 -0.055591 
2457547.839896 -0.062226 
2457549.505738 0.000667 
2457551.171581 0.094430 
2457552.837424 0.124423 
2457554.503266 0.074648 
2457556.169109 0.021846 
2457557.834951 0.009513 
2457559.500794 0.010178 
2457561.166637 0.006307 
2457562.832479 0.006260 
2457564.498322 0.001286 
2457566.164165 -0.013385 
2457567.830007 -0.029231 
2457569.495850 -0.076551 
2457571.161692 -0.167338 
2457572.827535 -0.176995 
2457574.493378 0.019259 
2457576.159220 0.287358 
2457577.825063 0.360165 
2457579.490906 0.217902 
2457581.156748 0.075701 
2457582.822591 0.032655 
2457584.488434 0.016054 
2457586.154276 -0.000419 
2457587.820119 0.006331 
2457589.485961 -0.000639 
2457591.151804 -0.035614 
2457592.817647 -0.071810 
2457594.483489 -0.181736 
2457596.149332 -0.386529 
2457597.815175 -0.386892 
2457599.481017 0.080776 
2457601.146860 0.674636 
2457602.812703 0.805711 
2457604.478545 0.476857 
2457606.144388 0.170804 
2457607.810230 0.076019 
2457609.476073 0.030090 
2457611.141916 -0.008264 
2457612.807758 0.008749 
2457614.473601 -0.003530 
2457616.139444 -0.071616 
2457617.805286 -0.138519 
2457619.471129 -0.342553 
2457621.136972 -0.708906 
2457622.802814 -0.671338 
2457624.468657 0.210621 
2457626.134499 1.259265 
2457627.800342 1.438554 
2457629.466185 0.827462 
2457631.132027 0.294424 
2457632.797870 0.132523 
2457634.463713 0.049094 
2457636.129555 -0.016005 
2457637.795398 0.013510 
2457639.461241 -0.007439 
2457641.127083 -0.114519 
2457642.792926 -0.213838 
2457644.458768 -0.517648 
2457646.124611 -1.040913 
2457647.790454 -0.927451 
2457649.456296 0.403532 
2457651.122139 1.884167 
2457652.787982 2.058967 
2457654.453824 1.147360 
2457656.119667 0.400672 
2457657.785509 0.180563 
2457659.451352 0.064550 
2457661.117195 -0.021156 
2457662.783037 0.018298 
2457664.448880 -0.011623 
2457666.114723 -0.145203 
2457667.780565 -0.260457 
2457669.446408 -0.615315 
2457671.112251 -1.198385 
2457672.778093 -0.992659 
2457674.443936 0.585141 
2457676.109778 2.216285 
2457677.775621 2.309734 
2457679.441464 1.242444 
2457681.107306 0.423500 
2457682.773149 0.190129 
2457684.438992 0.065736 
2457686.104834 -0.021114 
2457687.770677 0.019053 
2457689.436520 -0.014593 
2457691.102362 -0.142592 
2457692.768205 -0.242926 
2457694.434047 -0.558842 
2457696.099890 -1.054728 
2457697.765733 -0.805911 
2457699.431575 0.624032 
2457701.097418 1.997315 
2457702.763261 1.989129 
2457704.429103 1.034789 
2457706.094946 0.345253 
2457707.760789 0.153600 
2457709.426631 0.050118 
2457711.092474 -0.017417 
2457712.758316 0.013861 
2457714.424159 -0.015488 
2457716.090002 -0.108421 
2457717.755844 -0.172194 
2457719.421687 -0.391674 
2457721.087530 -0.726100 
2457722.753372 -0.514892 
2457724.419215 0.495290 
2457726.085058 1.404609 
2457727.750900 1.349902 
2457729.416743 0.689697 
2457731.082585 0.230054 
2457732.748428 0.094692 
2457734.414271 0.020675 
2457736.080113 -0.017759 
2457737.745956 0.004345 
2457739.411799 -0.014831 
2457741.077641 -0.062487 
2457742.743484 -0.088195 
2457744.409326 -0.214996 
2457746.075169 -0.405612 
2457747.741012 -0.273186 
2457749.406854 0.294370 
2457751.072697 0.781909 
2457752.738540 0.751749 
2457754.404382 0.410514 
2457756.070225 0.149090 
2457757.736068 0.029155 
2457759.401910 -0.032553 
2457761.067753 -0.035782 
2457762.733595 -0.010101 
2457764.399438 -0.017124 
2457766.065281 -0.029389 
2457767.731123 -0.032824 
2457769.396966 -0.098985 
2457771.062809 -0.187303 
2457772.728651 -0.121155 
2457774.394494 0.117922 
2457776.060337 0.333692 
2457777.726179 0.392743 
2457779.392022 0.314193 
2457781.057864 0.140580 
2457782.723707 -0.052637 
2457784.389550 -0.136304 
2457786.055392 -0.090075 
2457787.721235 -0.035823 
2457789.387078 -0.035684 
2457791.052920 -0.046227 
2457792.718763 -0.055632 
2457794.384606 -0.066547 
2457796.050448 -0.036121 
2457797.716291 0.017851 
2457799.382133 0.037344 
2457801.047976 0.107424 
2457802.713819 0.311730 
2457804.379661 0.431359 
2457806.045504 0.206981 
2457807.711347 -0.175340 
2457809.377189 -0.318151 
2457811.043032 -0.197164 
2457812.708875 -0.084209 
2457814.374717 -0.096956 
2457816.040560 -0.173304 
2457817.706402 -0.219964 
2457819.372245 -0.098545 
2457821.038088 0.182523 
2457822.703930 0.301137 
2457824.369773 0.120727 
2457826.035616 0.079996 
2457827.701458 0.459847 
2457829.367301 0.719318 
2457831.033143 0.315665 
2457832.698986 -0.350816 
2457834.364829 -0.572846 
2457836.030671 -0.355143 
2457837.696514 -0.166713 
2457839.362357 -0.237542 
2457841.028199 -0.480981 
2457842.694042 -0.574279 
2457844.359885 -0.128649 
2457846.025727 0.644287 
2457847.691570 0.894483 
2457849.357412 0.434822 
2457851.023255 0.220351 
2457852.689098 0.735003 
2457854.354940 1.050776 
2457856.020783 0.400100 
2457857.686626 -0.543609 
2457859.352468 -0.825996 
2457861.018311 -0.524424 
2457862.684154 -0.286288 
2457864.349996 -0.484913 
2457866.015839 -0.989217 
2457867.681681 -1.070430 
2457869.347524 -0.034612 
2457871.013367 1.455864 
2457872.679209 1.833878 
2457874.345052 0.979547 
2457876.010895 0.481686 
2457877.676737 0.980644 
2457879.342580 1.224896 
2457881.008423 0.387873 
2457882.674265 -0.657902 
2457884.340108 -0.940740 
2457886.005950 -0.630381 
2457887.671793 -0.430523 
2457889.337636 -0.819568 
2457891.003478 -1.564029 
2457892.669321 -1.458454 
2457894.335164 0.331638 
2457896.001006 2.477586 
2457897.666849 2.829959 
2457899.332692 1.555651 
2457900.998534 0.739972 
2457902.664377 1.031791 
2457904.330219 1.106561 
2457905.996062 0.283338 
2457907.661905 -0.607277 
2457909.327747 -0.840746 
2457910.993590 -0.625752 
2457912.659433 -0.577833 
2457914.325275 -1.137652 
2457915.991118 -1.844892 
2457917.656960 -1.276504 
2457919.322803 1.024873 
2457920.988646 3.170596 
2457922.654488 3.172857 
2457924.320331 1.701541 
2457925.986174 0.785941 
2457927.652016 0.836088 
2457929.317859 0.779892 
2457930.983702 0.169698 
2457932.649544 -0.448142 
2457934.315387 -0.627257 
2457935.981229 -0.535935 
2457937.647072 -0.690703 
2457939.312915 -1.245359 
2457940.978757 -1.379776 
2457942.644600 -0.154760 
2457944.310443 1.812310 
2457945.976285 2.761592 
2457947.642128 2.106458 
2457949.307971 0.988695 
2457950.973813 0.462963 
2457952.639656 0.443018 
2457954.305498 0.400809 
2457955.971341 0.095640 
2457957.637184 -0.296088 
2457959.303026 -0.423984 
2457960.968869 -0.392989 
2457962.634712 -0.693481 
2457964.300554 -0.992870 
2457965.966397 -0.212173 
2457967.632240 1.413271 
2457969.298082 2.086211 
2457970.963925 1.140811 
2457972.629767 -0.001002 
2457974.295610 -0.242417 
2457975.961453 -0.054734 
2457977.627295 0.033181 
2457979.293138 0.105797 
2457980.958981 0.056324 
2457982.624823 -0.192420 
2457984.290666 -0.266403 
2457985.956509 -0.238239 
2457987.622351 -0.556743 
2457989.288194 -0.554056 
2457990.954036 0.745207 
2457992.619879 2.177033 
2457994.285722 1.634124 
2457995.951564 -0.391424 
2457997.617407 -1.470502 
2457999.283250 -0.998533 
2458000.949092 -0.365402 
2458002.614935 -0.183720 
2458004.280777 -0.036482 
2458005.946620 0.034265 
2458007.612463 -0.121302 
2458009.278305 -0.152561 
2458010.944148 -0.118740 
2458012.609991 -0.359523 
2458014.275833 -0.200650 
2458015.941676 1.010771 
2458017.607519 1.942728 
2458019.273361 0.946625 
2458020.939204 -1.014788 
2458022.605046 -1.732431 
2458024.270889 -1.052545 
2458025.936732 -0.393508 
2458027.602574 -0.207877 
2458029.268417 -0.063376 
2458030.934260 0.020609 
2458032.600102 -0.072243 
2458034.265945 -0.079621 
2458035.931788 -0.048289 
2458037.597630 -0.188157 
2458039.263473 -0.017502 
2458040.929315 0.798813 
2458042.595158 1.261668 
2458044.261001 0.404038 
2458045.926843 -0.921077 
2458047.592686 -1.276867 
2458049.258529 -0.734808 
2458050.924371 -0.274306 
2458052.590214 -0.140394 
2458054.256057 -0.040814 
2458055.921899 0.011700 
2458057.587742 -0.040415 
2458059.253584 -0.039124 
2458060.919427 -0.016442 
2458062.585270 -0.078895 
2458064.251112 0.034636 
2458065.916955 0.452492 
2458067.582798 0.620670 
2458069.248640 0.110693 
2458070.914483 -0.557044 
2458072.580326 -0.682106 
2458074.246168 -0.376458 
2458075.912011 -0.138529 
2458077.577853 -0.064590 
2458079.243696 -0.013256 
2458080.909539 0.006075 
2458082.575381 -0.021589 
2458084.241224 -0.019599 
2458085.907067 -0.006329 
2458087.572909 -0.026330 
2458089.238752 0.025082 
2458090.904594 0.180694 
2458092.570437 0.218445 
2458094.236280 0.007098 
2458095.902122 -0.229961 
2458097.567965 -0.253444 
2458099.233808 -0.133834 
2458100.899650 -0.047102 
2458102.565493 -0.016116 
2458104.231336 0.002640 
2458105.897178 0.002865 
2458107.563021 -0.011485 
2458109.228863 -0.011090 
2458110.894706 -0.004807 
2458112.560549 -0.008695 
2458114.226391 0.003577 
2458115.892234 0.037318 
2458117.558077 0.041309 
2458119.223919 -0.003567 
2458120.889762 -0.044534 
2458122.555605 -0.042931 
2458124.221447 -0.020744 
2458125.887290 -0.005243 
2458127.553132 0.003608 
2458129.218975 0.007041 
2458130.884818 0.001277 
2458132.550660 -0.006452 
2458134.216503 -0.007234 
2458135.882346 -0.004926 
2458137.548188 -0.006018 
2458139.214031 -0.009024 
2458140.879874 -0.009090 
2458142.545716 -0.002527 
2458144.211559 0.010018 
2458145.877401 0.019698 
2458147.543244 0.017926 
2458149.209087 0.009372 
2458150.874929 0.005128 
2458152.540772 0.006230 
2458154.206615 0.005475 
2458155.872457 0.000613 
2458157.538300 -0.003961 
2458159.204143 -0.004968 
2458160.869985 -0.004398 
2458162.535828 -0.006657 
2458164.201670 -0.010945 
2458165.867513 -0.008779 
2458167.533356 0.004258 
2458169.199198 0.018263 
2458170.865041 0.020605 
2458172.530884 0.012740 
2458174.196726 0.005243 
2458175.862569 0.002775 
2458177.528411 0.002888 
2458179.194254 0.002596 
2458180.860097 0.000369 
2458182.525939 -0.002590 
2458184.191782 -0.003264 
2458185.857625 -0.003209 
2458187.523467 -0.006337 
2458189.189310 -0.007368 
2458190.855153 0.002563 
2458192.520995 0.016338 
2458194.186838 0.016870 
2458195.852680 0.004234 
2458197.518523 -0.004937 
2458199.184366 -0.004138 
2458200.850208 -0.001244 
2458202.516051 -0.000330 
2458204.181894 0.000568 
2458205.847736 0.000265 
2458207.513579 -0.001699 
2458209.179422 -0.001952 
2458210.845264 -0.001929 
2458212.511107 -0.004778 
2458214.176949 -0.003117 
2458215.842792 0.009506 
2458217.508635 0.019588 
2458219.174477 0.010803 
2458220.840320 -0.007542 
2458222.506163 -0.014368 
2458224.172005 -0.008508 
2458225.837848 -0.003113 
2458227.503691 -0.001684 
2458229.169533 -0.000278 
2458230.835376 0.000190 
2458232.501218 -0.001065 
2458234.167061 -0.001049 
2458235.832904 -0.000959 
2458237.498746 -0.002897 
2458239.164589 -0.000414 
2458240.830432 0.009972 
2458242.496274 0.015479 
2458244.162117 0.004960 
2458245.827960 -0.010539 
2458247.493802 -0.014206 
2458249.159645 -0.007824 
2458250.825487 -0.002922 
2458252.491330 -0.001599 
2458254.157173 -0.000374 
2458255.823015 0.000121 
2458257.488858 -0.000622 
2458259.154701 -0.000514 
2458260.820543 -0.000393 
2458262.486386 -0.001416 
2458264.152228 0.000587 
2458265.818071 0.006966 
2458267.483914 0.009159 
2458269.149756 0.001400 
2458270.815599 -0.008114 
2458272.481442 -0.009490 
2458274.147284 -0.005009 
2458275.813127 -0.001865 
2458277.478970 -0.000966 
2458279.144812 -0.000201 
2458280.810655 0.000065 
2458282.476497 -0.000339 
2458284.142340 -0.000244 
2458285.808183 -0.000137 
2458287.474025 -0.000548 
2458289.139868 0.000584 
2458290.805711 0.003559 
2458292.471553 0.004090 
2458294.137396 -0.000013 
2458295.803239 -0.004363 
2458297.469081 -0.004623 
2458299.134924 -0.002352 
2458300.800766 -0.000857 
2458302.466609 -0.000385 
2458304.132452 -0.000033 
2458305.798294 0.000027 
2458307.464137 -0.000177 
2458309.129980 -0.000127 
2458310.795822 -0.000055 
2458312.461665 -0.000171 
2458314.127508 0.000266 
2458315.793350 0.001244 
2458317.459193 0.001254 
2458319.125035 -0.000217 
2458320.790878 -0.001552 
2458322.456721 -0.001496 
2458324.122563 -0.000728 
2458325.788406 -0.000244 
2458327.454249 -0.000058 
2458329.120091 0.000048 
2458330.785934 0.000008 
2458332.451777 -0.000093 
2458334.117619 -0.000079 
2458335.783462 -0.000042 
2458337.449304 -0.000064 
2458339.115147 0.000009 
2458340.780990 0.000171 
2458342.446832 0.000168 
2458344.112675 -0.000030 
2458345.778518 -0.000164 
2458347.444360 -0.000132 
2458349.110203 -0.000053 
2458350.776045 0.000003 
2458352.441888 0.000052 
2458354.107731 0.000058 
2458355.773573 0.000001 
2458357.439416 -0.000053 
2458359.105259 -0.000056 
2458360.771101 -0.000042 
2458362.436944 -0.000058 
2458364.102787 -0.000095 
2458365.768629 -0.000099 
2458367.434472 -0.000012 
2458369.100314 0.000132 
2458370.766157 0.000211 
2458372.432000 0.000167 
2458374.097842 0.000079 
2458375.763685 0.000044 
2458377.429528 0.000050 
2458379.095370 0.000038 
2458380.761213 -0.000000 
2458382.427056 -0.000033 
2458384.092898 -0.000039 
2458385.758741 -0.000037 
2458387.424583 -0.000063 
2458389.090426 -0.000091 
2458390.756269 -0.000041 
2458392.422111 0.000085 
2458394.087954 0.000168 
2458395.753797 0.000138 
2458397.419639 0.000062 
2458399.085482 0.000020 
2458400.751325 0.000014 
2458402.417167 0.000017 
2458404.083010 0.000016 
2458405.748852 0.000000 
2458407.414695 -0.000022 
2458409.080538 -0.000025 
2458410.746380 -0.000027 
2458412.412223 -0.000056 
2458414.078066 -0.000048 
2458415.743908 0.000061 
2458417.409751 0.000165 
2458419.075594 0.000123 
2458420.741436 -0.000012 
2458422.407279 -0.000076 
2458424.073121 -0.000047 
2458425.738964 -0.000015 
2458427.404807 -0.000007 
2458429.070649 0.000003 
2458430.736492 0.000001 
2458432.402335 -0.000015 
2458434.068177 -0.000014 
2458435.734020 -0.000016 
2458437.399862 -0.000040 
2458439.065705 -0.000011 
2458440.731548 0.000104 
2458442.397390 0.000166 
2458444.063233 0.000061 
2458445.729076 -0.000094 
2458447.394918 -0.000129 
2458449.060761 -0.000069 
2458450.726604 -0.000026 
2458452.392446 -0.000014 
2458454.058289 -0.000002 
2458455.724131 0.000001 
2458457.389974 -0.000009 
2458459.055817 -0.000007 
2458460.721659 -0.000008 
2458462.387502 -0.000022 
2458464.053345 0.000007 
2458465.719187 0.000092 
2458467.385030 0.000117 
2458469.050873 0.000017 
2458470.716715 -0.000099 
2458472.382558 -0.000112 
2458474.048400 -0.000056 
2458475.714243 -0.000021 
2458477.380086 -0.000012 
2458479.045928 -0.000002 
2458480.711771 0.000000 
2458482.377614 -0.000005 
2458484.043456 -0.000003 
2458485.709299 -0.000003 
2458487.375142 -0.000010 
2458489.040984 0.000010 
2458490.706827 0.000058 
2458492.372669 0.000063 
2458494.038512 -0.000002 
2458495.704355 -0.000067 
2458497.370197 -0.000068 
2458499.036040 -0.000033 
2458500.701883 -0.000012 
2458502.367725 -0.000006 
2458504.033568 -0.000001 
2458505.699411 0.000000 
2458507.365253 -0.000003 
2458509.031096 -0.000001 
2458510.696938 -0.000001 
2458512.362781 -0.000004 
2458514.028624 0.000007 
2458515.694466 0.000027 
2458517.360309 0.000025 
2458519.026152 -0.000006 
2458520.691994 -0.000032 
2458522.357837 -0.000030 
2458524.023679 -0.000014 
2458525.689522 -0.000005 
2458527.355365 -0.000002 
2458529.021207 0.000000 
2458530.687050 0.000000 
2458532.352893 -0.000001 
2458534.018735 -0.000001 
2458535.684578 -0.000000 
2458537.350421 -0.000001 
2458539.016263 0.000002 
2458540.682106 0.000008 
2458542.347948 0.000007 
2458544.013791 -0.000003 
2458545.679634 -0.000010 
2458547.345476 -0.000008 
2458549.011319 -0.000004 
2458550.677162 -0.000001 
2458552.343004 0.000000 
2458554.008847 0.000000 
2458555.674690 -0.000000 
2458557.340532 -0.000001 
2458559.006375 -0.000001 
2458560.672217 -0.000000 
2458562.338060 -0.000001 
2458564.003903 -0.000000 
2458565.669745 0.000000 
2458567.335588 0.000001 
2458569.001431 0.000000 
2458570.667273 0.000000 
2458572.333116 0.000000 
2458573.998959 0.000000 
2458575.664801 0.000000 
2458577.330644 0.000001 
2458578.996486 0.000000 
2458580.662329 -0.000000 
2458582.328172 -0.000000 
2458583.994014 -0.000000 
2458585.659857 -0.000000 
2458587.325700 -0.000001 
2458588.991542 -0.000001 
2458590.657385 -0.000001 
2458592.323228 0.000000 
2458593.989070 0.000001 
2458595.654913 0.000002 
2458597.320755 0.000001 
2458598.986598 0.000001 
2458600.652441 0.000000 
2458602.318283 0.000000 
2458603.984126 0.000000 
2458605.649969 -0.000000 
2458607.315811 -0.000000 
2458608.981654 -0.000000 
2458610.647496 -0.000000 
2458612.313339 -0.000001 
2458613.979182 -0.000001 
2458615.645024 0.000000 
2458617.310867 0.000001 
2458618.976710 0.000001 
2458620.642552 0.000001 
2458622.308395 0.000000 
2458623.974238 -0.000000 
2458625.640080 0.000000 
2458627.305923 0.000000 
2458628.971765 0.000000 
2458630.637608 -0.000000 
2458632.303451 -0.000000 
2458633.969293 -0.000000 
2458635.635136 -0.000000 
2458637.300979 -0.000000 
2458638.966821 -0.000000 
2458640.632664 0.000001 
2458642.298507 0.000002 
2458643.964349 0.000001 
2458645.630192 -0.000000 
2458647.296034 -0.000001 
2458648.961877 -0.000000 
2458650.627720 -0.000000 
2458652.293562 -0.000000 
2458653.959405 0.000000 
2458655.625248 -0.000000 
2458657.291090 -0.000000 
2458658.956933 -0.000000 
2458660.622776 -0.000000 
2458662.288618 -0.000000 
2458663.954461 0.000000 
2458665.620303 0.000001 
2458667.286146 0.000001 
2458668.951989 0.000000 
2458670.617831 -0.000001 
2458672.283674 -0.000001 
2458673.949517 -0.000001 
2458675.615359 -0.000000 
2458677.281202 -0.000000 
2458678.947045 -0.000000 
2458680.612887 -0.000000 
2458682.278730 -0.000000 
2458683.944572 -0.000000 
2458685.610415 -0.000000 
2458687.276258 -0.000000 
2458688.942100 0.000000 
2458690.607943 0.000001 
2458692.273786 0.000001 
2458693.939628 -0.000000 
2458695.605471 -0.000001 
2458697.271313 -0.000001 
2458698.937156 -0.000000 
2458700.602999 -0.000000 
2458702.268841 -0.000000 
2458703.934684 -0.000000 
2458705.600527 -0.000000 
2458707.266369 -0.000000 
2458708.932212 -0.000000 
2458710.598055 -0.000000 
2458712.263897 -0.000000 
2458713.929740 0.000000 
2458715.595582 0.000000 
2458717.261425 0.000000 
2458718.927268 -0.000000 
2458720.593110 -0.000001 
2458722.258953 -0.000000 
2458723.924796 -0.000000 
2458725.590638 -0.000000 
2458727.256481 -0.000000 
2458728.922324 -0.000000 
2458730.588166 -0.000000 
2458732.254009 -0.000000 
2458733.919851 -0.000000 
2458735.585694 -0.000000 
2458737.251537 -0.000000 
2458738.917379 0.000000 
2458740.583222 0.000000 
2458742.249065 0.000000 
2458743.914907 -0.000000 
2458745.580750 -0.000000 
2458747.246593 -0.000000 
2458748.912435 -0.000000 
2458750.578278 -0.000000 
2458752.244120 -0.000000 
2458753.909963 0.000000 
2458755.575806 -0.000000 
2458757.241648 -0.000000 
2458758.907491 -0.000000 
2458760.573334 -0.000000 
2458762.239176 -0.000000 
2458763.905019 0.000000 
2458765.570862 0.000000 
2458767.236704 0.000000 
2458768.902547 -0.000000 
2458770.568389 -0.000000 
2458772.234232 -0.000000 
2458773.900075 -0.000000 
2458775.565917 -0.000000 
2458777.231760 0.000000 
2458778.897603 0.000000 
2458780.563445 -0.000000 
2458782.229288 -0.000000 
2458783.895130 -0.000000 
2458785.560973 -0.000000 
2458787.226816 -0.000000 
2458788.892658 -0.000000 
2458790.558501 -0.000000 
2458792.224344 0.000000 
2458793.890186 0.000000 
2458795.556029 0.000000 
2458797.221872 0.000000 
2458798.887714 0.000000 
2458800.553557 0.000000 
2458802.219399 0.000000 
2458803.885242 0.000000 
2458805.551085 -0.000000 
2458807.216927 -0.000000 
2458808.882770 -0.000000 
2458810.548613 -0.000000 
2458812.214455 -0.000000 
2458813.880298 -0.000000 
2458815.546141 -0.000000 
2458817.211983 0.000000 
2458818.877826 0.000000 
2458820.543668 0.000000 
2458822.209511 0.000000 
2458823.875354 0.000000 
2458825.541196 0.000000 
2458827.207039 0.000000 
2458828.872882 0.000000 
2458830.538724 -0.000000 
2458832.204567 -0.000000 
2458833.870410 -0.000000 
2458835.536252 -0.000000 
2458837.202095 -0.000000 
2458838.867937 -0.000000 
2458840.533780 0.000000 
2458842.199623 0.000000 
2458843.865465 0.000000 
2458845.531308 0.000000 
2458847.197151 -0.000000 
2458848.862993 -0.000000 
2458850.528836 -0.000000 
2458852.194679 0.000000 
2458853.860521 0.000000 
2458855.526364 -0.000000 
2458857.192206 -0.000000 
2458858.858049 -0.000000 
2458860.523892 -0.000000 
2458862.189734 -0.000000 
2458863.855577 -0.000000 
2458865.521420 0.000000 
2458867.187262 0.000000 
2458868.853105 0.000000 
2458870.518947 -0.000000 
2458872.184790 -0.000000 
2458873.850633 -0.000000 
2458875.516475 -0.000000 
2458877.182318 -0.000000 
2458878.848161 0.000000 
2458880.514003 -0.000000 
2458882.179846 -0.000000 
2458883.845689 -0.000000 
2458885.511531 -0.000000 
2458887.177374 -0.000000 
2458888.843216 0.000000 
2458890.509059 0.000000 
2458892.174902 0.000000 
2458893.840744 -0.000000 
2458895.506587 -0.000000 
2458897.172430 -0.000000 
2458898.838272 -0.000000 
2458900.504115 -0.000000 
2458902.169958 -0.000000 
2458903.835800 0.000000 
2458905.501643 -0.000000 
2458907.167485 -0.000000 
2458908.833328 -0.000000 
2458910.499171 -0.000000 
2458912.165013 -0.000000 
2458913.830856 0.000000 
2458915.496699 0.000000 
2458917.162541 0.000000 
2458918.828384 -0.000000 
2458920.494227 -0.000000 
2458922.160069 -0.000000 
2458923.825912 -0.000000 
2458925.491754 -0.000000 
2458927.157597 -0.000000 
2458928.823440 -0.000000 
2458930.489282 -0.000000 
2458932.155125 -0.000000 
2458933.820968 -0.000000 
2458935.486810 -0.000000 
2458937.152653 -0.000000 
2458938.818496 0.000000 
2458940.484338 0.000000 
2458942.150181 0.000000 
2458943.816023 -0.000000 
2458945.481866 -0.000000 
2458947.147709 -0.000000 
2458948.813551 -0.000000 
2458950.479394 -0.000000 
2458952.145237 -0.000000 
2458953.811079 -0.000000 
2458955.476922 -0.000000 
2458957.142764 -0.000000 
2458958.808607 -0.000000 
2458960.474450 -0.000000 
2458962.140292 -0.000000 
2458963.806135 0.000000 
2458965.471978 0.000000 
2458967.137820 0.000000 
2458968.803663 -0.000000 
2458970.469506 -0.000000 
2458972.135348 -0.000000 
2458973.801191 -0.000000 
2458975.467033 -0.000000 
2458977.132876 -0.000000 
2458978.798719 -0.000000 
2458980.464561 -0.000000 
2458982.130404 -0.000000 
2458983.796247 -0.000000 
2458985.462089 -0.000000 
2458987.127932 -0.000000 
2458988.793775 0.000000 
2458990.459617 0.000000 
2458992.125460 0.000000 
2458993.791302 -0.000000 
2458995.457145 -0.000000 
2458997.122988 -0.000000 
2458998.788830 -0.000000 
2459000.454673 -0.000000 
2459002.120516 -0.000000 
2459003.786358 -0.000000 
2459005.452201 -0.000000 
2459007.118044 -0.000000 
2459008.783886 -0.000000 
2459010.449729 -0.000000 
2459012.115571 -0.000000 
2459013.781414 0.000000 
2459015.447257 0.000000 
2459017.113099 0.000000 
2459018.778942 0.000000 
2459020.444785 0.000000 
2459022.110627 -0.000000 
2459023.776470 -0.000000 
2459025.442313 0.000000 
2459027.108155 0.000000 
2459028.773998 0.000000 
2459030.439840 0.000000 
2459032.105683 0.000000 
2459033.771526 -0.000000 
2459035.437368 -0.000000 
2459037.103211 -0.000000 
2459038.769054 -0.000000 
2459040.434896 -0.000000 
2459042.100739 0.000000 
2459043.766581 0.000000 
2459045.432424 0.000000 
2459047.098267 -0.000000 
2459048.764109 -0.000000 
2459050.429952 0.000000 
2459052.095795 0.000000 
2459053.761637 0.000000 
2459055.427480 0.000000 
2459057.093323 0.000000 
2459058.759165 -0.000000 
2459060.425008 -0.000000 
2459062.090850 -0.000000 
2459063.756693 -0.000000 
2459065.422536 -0.000000 
2459067.088378 0.000000 
2459068.754221 0.000000 
2459070.420064 -0.000000 
2459072.085906 -0.000000 
2459073.751749 -0.000000 
2459075.417592 0.000000 
2459077.083434 0.000000 
2459078.749277 0.000000 
2459080.415119 0.000000 
2459082.080962 0.000000 
2459083.746805 -0.000000 
2459085.412647 -0.000000 
2459087.078490 -0.000000 
2459088.744333 -0.000000 
2459090.410175 -0.000000 
2459092.076018 0.000000 
2459093.741861 0.000000 
2459095.407703 -0.000000 
2459097.073546 -0.000000 
2459098.739388 -0.000000 
2459100.405231 0.000000 
2459102.071074 0.000000 
2459103.736916 0.000000 
2459105.402759 0.000000 
2459107.068602 0.000000 
2459108.734444 -0.000000 
2459110.400287 -0.000000 
2459112.066130 -0.000000 
2459113.731972 -0.000000 
2459115.397815 0.000000 
2459117.063657 0.000000 
2459118.729500 0.000000 
2459120.395343 -0.000000 
2459122.061185 -0.000000 
2459123.727028 -0.000000 
2459125.392871 0.000000 
2459127.058713 0.000000 
2459128.724556 0.000000 
2459130.390398 0.000000 
2459132.056241 0.000000 
2459133.722084 -0.000000 
2459135.387926 -0.000000 
2459137.053769 -0.000000 
2459138.719612 -0.000000 
2459140.385454 0.000000 
2459142.051297 0.000000 
2459143.717140 0.000000 
2459145.382982 -0.000000 
2459147.048825 -0.000000 
2459148.714667 -0.000000 
2459150.380510 0.000000 
2459152.046353 0.000000 
2459153.712195 -0.000000 
2459155.378038 0.000000 
2459157.043881 0.000000 
2459158.709723 -0.000000 
2459160.375566 -0.000000 
2459162.041409 -0.000000 
2459163.707251 0.000000 
2459165.373094 0.000000 
2459167.038936 0.000000 
2459168.704779 0.000000 
2459170.370622 0.000000 
2459172.036464 -0.000000 
2459173.702307 0.000000 
2459175.368150 0.000000 
2459177.033992 -0.000000 
2459178.699835 -0.000000 
2459180.365678 -0.000000 
2459182.031520 0.000000 
2459183.697363 -0.000000 
2459185.363205 -0.000000 
2459187.029048 -0.000000 
2459188.694891 0.000000 
2459190.360733 0.000000 
2459192.026576 0.000000 
2459193.692419 0.000000 
2459195.358261 0.000000 
2459197.024104 0.000000 
2459198.689947 0.000000 
2459200.355789 -0.000000 
2459202.021632 -0.000000 
2459203.687474 -0.000000 
2459205.353317 -0.000000 
2459207.019160 0.000000 
2459208.685002 -0.000000 
2459210.350845 -0.000000 
2459212.016688 -0.000000 
2459213.682530 0.000000 
2459215.348373 0.000000 
2459217.014215 0.000000 
2459218.680058 0.000000 
2459220.345901 0.000000 
2459222.011743 0.000000 
2459223.677586 -0.000000 
2459225.343429 -0.000000 
2459227.009271 -0.000000 
2459228.675114 -0.000000 
2459230.340957 -0.000000 
2459232.006799 0.000000 
2459233.672642 -0.000000 
2459235.338484 -0.000000 
2459237.004327 -0.000000 
2459238.670170 0.000000 
2459240.336012 0.000000 
2459242.001855 0.000000 
2459243.667698 0.000000 
2459245.333540 0.000000 
2459246.999383 -0.000000 
2459248.665226 -0.000000 
2459250.331068 0.000000 
2459251.996911 0.000000 
2459253.662753 0.000000 
2459255.328596 0.000000 
2459256.994439 0.000000 
2459258.660281 -0.000000 
2459260.326124 -0.000000 
2459261.991967 -0.000000 
2459263.657809 -0.000000 
2459265.323652 -0.000000 
2459266.989495 0.000000 
2459268.655337 0.000000 
2459270.321180 -0.000000 
2459271.987022 -0.000000 
2459273.652865 -0.000000 
2459275.318708 0.000000 
2459276.984550 0.000000 
2459278.650393 0.000000 
2459280.316236 0.000000 
2459281.982078 0.000000 
2459283.647921 -0.000000 
2459285.313764 -0.000000 
2459286.979606 -0.000000 
2459288.645449 -0.000000 
2459290.311291 -0.000000 
2459291.977134 0.000000 
2459293.642977 0.000000 
2459295.308819 -0.000000 
2459296.974662 -0.000001 
2459298.640505 -0.000000 
2459300.306347 0.000000 
2459301.972190 0.000000 
2459303.638032 0.000000 
2459305.303875 0.000000 
2459306.969718 0.000000 
2459308.635560 -0.000000 
2459310.301403 -0.000000 
2459311.967246 -0.000000 
2459313.633088 -0.000000 
2459315.298931 0.000000 
2459316.964774 0.000001 
2459318.630616 0.000001 
2459320.296459 -0.000000 
2459321.962301 -0.000001 
2459323.628144 -0.000000 
2459325.293987 0.000000 
2459326.959829 0.000000 
2459328.625672 0.000000 
2459330.291515 0.000000 
2459331.957357 0.000000 
2459333.623200 -0.000000 
2459335.289043 -0.000000 
2459336.954885 -0.000000 
2459338.620728 -0.000000 
2459340.286570 0.000000 
2459341.952413 0.000001 
2459343.618256 0.000001 
2459345.284098 -0.000000 
2459346.949941 -0.000001 
2459348.615784 -0.000000 
2459350.281626 0.000001 
2459351.947469 0.000000 
2459353.613312 0.000000 
2459355.279154 0.000000 
2459356.944997 0.000000 
2459358.610839 -0.000000 
2459360.276682 -0.000001 
2459361.942525 -0.000001 
2459363.608367 0.000000 
2459365.274210 0.000001 
2459366.940053 0.000002 
2459368.605895 0.000001 
2459370.271738 -0.000000 
2459371.937581 -0.000001 
2459373.603423 -0.000000 
2459375.269266 0.000000 
2459376.935108 0.000000 
2459378.600951 -0.000000 
2459380.266794 0.000000 
2459381.932636 0.000000 
2459383.598479 -0.000000 
2459385.264322 -0.000001 
2459386.930164 -0.000001 
2459388.596007 0.000001 
2459390.261850 0.000002 
2459391.927692 0.000002 
2459393.593535 0.000001 
2459395.259377 0.000000 
2459396.925220 0.000000 
2459398.591063 0.000000 
2459400.256905 -0.000000 
2459401.922748 -0.000001 
2459403.588591 -0.000001 
2459405.254433 -0.000000 
2459406.920276 0.000000 
2459408.586118 -0.000000 
2459410.251961 -0.000002 
2459411.917804 -0.000001 
2459413.583646 0.000002 
2459415.249489 0.000003 
2459416.915332 0.000002 
2459418.581174 0.000000 
2459420.247017 0.000001 
2459421.912860 0.000002 
2459423.578702 0.000000 
2459425.244545 -0.000001 
2459426.910387 -0.000001 
2459428.576230 -0.000001 
2459430.242073 -0.000001 
2459431.907915 0.000000 
2459433.573758 -0.000001 
2459435.239601 -0.000002 
2459436.905443 -0.000001 
2459438.571286 0.000002 
2459440.237129 0.000003 
2459441.902971 0.000002 
2459443.568814 0.000001 
2459445.234656 0.000001 
2459446.900499 0.000000 
2459448.566342 -0.000001 
2459450.232184 -0.000001 
2459451.898027 -0.000001 
2459453.563870 -0.000001 
2459455.229712 -0.000000 
2459456.895555 0.000001 
2459458.561398 -0.000001 
2459460.227240 -0.000002 
2459461.893083 -0.000001 
2459463.558925 0.000001 
2459465.224768 0.000002 
2459466.890611 0.000006 
2459468.556453 0.000006 
2459470.222296 -0.000002 
2459471.888139 -0.000010 
2459473.553981 -0.000006 
2459475.219824 0.000003 
2459476.885667 0.000004 
2459478.551509 0.000001 
2459480.217352 0.000003 
2459481.883194 0.000002 
2459483.549037 -0.000003 
2459485.214880 -0.000003 
2459486.880722 -0.000001 
2459488.546565 -0.000004 
2459490.212408 0.000000 
2459491.878250 0.000020 
2459493.544093 0.000022 
2459495.209935 -0.000013 
2459496.875778 -0.000037 
2459498.541621 -0.000015 
2459500.207463 0.000015 
2459501.873306 0.000014 
2459503.539149 0.000007 
2459505.204991 0.000011 
2459506.870834 0.000006 
2459508.536677 -0.000008 
2459510.202519 -0.000007 
2459511.868362 -0.000003 
2459513.534204 -0.000013 
2459515.200047 0.000003 
2459516.865890 0.000053 
2459518.531732 0.000050 
2459520.197575 -0.000033 
2459521.863418 -0.000081 
2459523.529260 -0.000027 
2459525.195103 0.000035 
2459526.860946 0.000030 
2459528.526788 0.000013 
2459530.192631 0.000023 
2459531.858473 0.000011 
2459533.524316 -0.000019 
2459535.190159 -0.000019 
2459536.856001 -0.000012 
2459538.521844 -0.000020 
2459540.187687 0.000021 
2459541.853529 0.000106 
2459543.519372 0.000087 
2459545.185215 -0.000058 
2459546.851057 -0.000129 
2459548.516900 -0.000034 
2459550.182742 0.000058 
2459551.848585 0.000041 
2459553.514428 0.000015 
2459555.180270 0.000033 
2459556.846113 0.000018 
2459558.511956 -0.000035 
2459560.177798 -0.000049 
2459561.843641 -0.000032 
2459563.509484 -0.000010 
2459565.175326 0.000070 
2459566.841169 0.000168 
2459568.507011 0.000116 
2459570.172854 -0.000070 
2459571.838697 -0.000143 
2459573.504539 -0.000028 
2459575.170382 0.000065 
2459576.836225 0.000031 
2459578.502067 -0.000001 
2459580.167910 0.000030 
2459581.833752 0.000022 
2459583.499595 -0.000055 
2459585.165438 -0.000102 
2459586.831280 -0.000065 
2459588.497123 0.000036 
2459590.162966 0.000158 
2459591.828808 0.000208 
2459593.494651 0.000111 
2459595.160494 -0.000038 
2459596.826336 -0.000074 
2459598.492179 -0.000002 
2459600.158021 0.000029 
2459601.823864 -0.000020 
2459603.489707 -0.000045 
2459605.155549 0.000000 
2459606.821392 0.000021 
2459608.487235 -0.000070 
2459610.153077 -0.000173 
2459611.818920 -0.000101 
2459613.484763 0.000132 
2459615.150605 0.000272 
2459616.816448 0.000188 
2459618.482290 0.000059 
2459620.148133 0.000056 
2459621.813976 0.000083 
2459623.479818 0.000024 
2459625.145661 -0.000062 
2459626.811504 -0.000106 
2459628.477346 -0.000113 
2459630.143189 -0.000055 
2459631.809032 0.000015 
2459633.474874 -0.000076 
2459635.140717 -0.000239 
2459636.806559 -0.000119 
2459638.472402 0.000246 
2459640.138245 0.000361 
2459641.804087 0.000130 
2459643.469930 0.000018 
2459645.135773 0.000161 
2459646.801615 0.000182 
2459648.467458 -0.000014 
2459650.133301 -0.000145 
2459651.799143 -0.000155 
2459653.464986 -0.000157 
2459655.130828 -0.000082 
2459656.796671 0.000022 
2459658.462514 -0.000089 
2459660.128356 -0.000265 
2459661.794199 -0.000098 
2459663.460042 0.000263 
2459665.125884 0.000353 
2459666.791727 0.000239 
2459668.457569 0.000192 
2459670.123412 0.000058 
2459671.789255 -0.000205 
2459673.455097 -0.000224 
2459675.120940 -0.000013 
2459676.786783 0.000010 
2459678.452625 -0.000066 
2459680.118468 0.000055 
2459681.784311 0.000077 
2459683.450153 -0.000180 
2459685.115996 -0.000245 
2459686.781838 -0.000055 
2459688.447681 -0.000019 
2459690.113524 0.000250 
2459691.779366 0.001032 
2459693.445209 0.000965 
2459695.111052 -0.000687 
2459696.776894 -0.001798 
2459698.442737 -0.000711 
2459700.108580 0.000709 
2459701.774422 0.000642 
2459703.440265 0.000301 
2459705.106107 0.000564 
2459706.771950 0.000238 
2459708.437793 -0.000509 
2459710.103635 -0.000305 
2459711.769478 -0.000118 
2459713.435321 -0.000766 
2459715.101163 0.000329 
2459716.767006 0.003340 
2459718.432849 0.002787 
2459720.098691 -0.002606 
2459721.764534 -0.005284 
2459723.430376 -0.001446 
2459725.096219 0.002412 
2459726.762062 0.001889 
2459728.427904 0.000995 
2459730.093747 0.001616 
2459731.759590 0.000551 
2459733.425432 -0.001327 
2459735.091275 -0.000852 
2459736.757118 -0.000576 
2459738.422960 -0.001787 
2459740.088803 0.001373 
2459741.754645 0.007940 
2459743.420488 0.005813 
2459745.086331 -0.005834 
2459746.752173 -0.010477 
2459748.418016 -0.002110 
2459750.083859 0.005055 
2459751.749701 0.003427 
2459753.415544 0.001720 
2459755.081386 0.003071 
2459756.747229 0.001008 
2459758.413072 -0.002892 
2459760.078914 -0.002669 
2459761.744757 -0.001835 
2459763.410600 -0.002063 
2459765.076442 0.004715 
2459766.742285 0.014642 
2459768.408128 0.009328 
2459770.073970 -0.009249 
2459771.739813 -0.015144 
2459773.405655 -0.002076 
2459775.071498 0.007481 
2459776.737341 0.004046 
2459778.403183 0.001577 
2459780.069026 0.004147 
2459781.734869 0.001487 
2459783.400711 -0.005248 
2459785.066554 -0.006756 
2459786.732397 -0.004151 
2459788.398239 0.000523 
2459790.064082 0.011721 
2459791.729924 0.021155 
2459793.395767 0.011395 
2459795.061610 -0.009756 
2459796.727452 -0.014569 
2459798.393295 -0.000795 
2459800.059138 0.007032 
2459801.724980 0.001679 
2459803.390823 -0.000890 
2459805.056666 0.003357 
2459806.722508 0.001780 
2459808.388351 -0.007964 
2459810.054193 -0.013676 
2459811.720036 -0.007137 
2459813.385879 0.008468 
2459815.051721 0.022443 
2459816.717564 0.023018 
2459818.383407 0.009655 
2459820.049249 -0.003161 
2459821.715092 -0.003960 
2459823.380935 0.001184 
2459825.046777 0.000630 
2459826.712620 -0.005298 
2459828.378462 -0.006774 
2459830.044305 -0.000612 
2459831.710148 0.001765 
2459833.375990 -0.010155 
2459835.041833 -0.022395 
2459836.707676 -0.009347 
2459838.373518 0.022010 
2459840.039361 0.033927 
2459841.705203 0.017117 
2459843.371046 0.004454 
2459845.036889 0.011178 
2459846.702731 0.013833 
2459848.368574 0.000850 
2459850.034417 -0.011143 
2459851.700259 -0.014789 
2459853.366102 -0.014558 
2459855.031945 -0.006410 
2459856.697787 0.001804 
2459858.363630 -0.011426 
2459860.029472 -0.029363 
2459861.695315 -0.008768 
2459863.361158 0.034535 
2459865.027000 0.040218 
2459866.692843 0.011455 
2459868.358686 0.004648 
2459870.024528 0.020540 
2459871.690371 0.015178 
2459873.356214 -0.007743 
2459875.022056 -0.016536 
2459876.687899 -0.016317 
2459878.353741 -0.016987 
2459880.019584 -0.006032 
2459881.685427 0.003195 
2459883.351269 -0.014548 
2459885.017112 -0.029845 
2459886.682955 -0.005344 
2459888.348797 0.028665 
2459890.014640 0.037844 
2459891.680483 0.040661 
2459893.346325 0.033711 
2459895.012168 -0.013123 
2459896.678010 -0.056121 
2459898.343853 -0.030889 
2459900.009696 0.014910 
2459901.675538 0.011471 
2459903.341381 0.000414 
2459905.007224 0.018357 
2459906.673066 0.008298 
2459908.338909 -0.029976 
2459910.004752 -0.024554 
2459911.670594 -0.006027 
2459913.336437 -0.019862 
2459915.002279 0.040541 
2459916.668122 0.178256 
2459918.333965 0.129389 
2459919.999807 -0.155377 
2459921.665650 -0.281823 
2459923.331493 -0.067842 
2459924.997335 0.130083 
2459926.663178 0.093810 
2459928.329020 0.053989 
2459929.994863 0.091278 
2459931.660706 0.019771 
2459933.326548 -0.080448 
2459934.992391 -0.033774 
2459936.658234 -0.030245 
2459938.324076 -0.120123 
2459939.989919 0.101681 
2459941.655762 0.524319 
2459943.321604 0.326936 
2459944.987447 -0.469927 
2459946.653289 -0.718866 
2459948.319132 -0.100672 
2459949.984975 0.364912 
2459951.650817 0.234945 
2459953.316660 0.143700 
2459954.982503 0.227135 
2459956.648345 0.038716 
2459958.314188 -0.200664 
2459959.980031 -0.115615 
2459961.645873 -0.109196 
2459963.311716 -0.220086 
2459964.977558 0.330023 
2459966.643401 1.141086 
2459968.309244 0.620225 
2459969.975086 -0.937612 
2459971.640929 -1.294152 
2459973.306772 -0.091273 
2459974.972614 0.682015 
2459976.638457 0.375386 
2459978.304300 0.221777 
2459979.970142 0.397197 
2459981.635985 0.062730 
2459983.301827 -0.424613 
2459984.967670 -0.373628 
2459986.633513 -0.268959 
2459988.299355 -0.153040 
2459989.965198 0.867789 
2459991.631041 1.930465 
2459993.296883 0.914741 
2459994.962726 -1.338605 
2459996.628569 -1.687889 
2459998.294411 -0.003399 
2459999.960254 0.893941 
2460001.626096 0.355653 
2460003.291939 0.165646 
2460004.957782 0.495561 
2460006.623624 0.086445 
2460008.289467 -0.756443 
2460009.955310 -0.925764 
2460011.621152 -0.492207 
2460013.286995 0.364926 
2460014.952837 1.796932 
2460016.618680 2.522152 
2460018.284523 1.023509 
2460019.950365 -1.199342 
2460021.616208 -1.351489 
2460023.282051 0.135807 
2460024.947893 0.654968 
2460026.613736 -0.050777 
2460028.279579 -0.198764 
2460029.945421 0.351199 
2460031.611264 0.107468 
2460033.277106 -1.137178 
2460034.942949 -1.807030 
2460036.608792 -0.675804 
2460038.274634 1.584163 
2460039.940477 2.982085 
2460041.606320 2.371080 
2460043.272162 0.794247 
2460044.938005 -0.026897 
2460046.603848 0.090073 
2460048.269690 0.152169 
2460049.935533 -0.323939 
2460051.601375 -0.945658 
2460053.267218 -0.955007 
2460054.933061 -0.136035 
2460056.598903 0.136622 
2460058.264746 -1.453490 
2460059.930589 -2.818677 
2460061.596431 -0.643496 
2460063.262274 3.335277 
2460064.928117 3.984394 
2460066.593959 1.358986 
2460068.259802 0.400456 
2460069.925644 1.893735 
2460071.591487 1.915502 
2460073.257330 -0.236393 
2460074.923172 -1.711642 
2460076.589015 -1.940445 
2460078.254858 -1.799122 
2460079.920700 -0.718835 
2460081.586543 0.174719 
2460083.252386 -1.624405 
2460084.918228 -3.453341 
2460086.584071 -0.318840 
2460088.249913 4.699041 
2460089.915756 4.295625 
2460091.581599 0.284062 
2460093.247441 0.188038 
2460094.913284 3.171622 
2460096.579127 2.700100 
2460098.244969 -0.858888 
2460099.910812 -2.579127 
2460101.576654 -2.363287 
2460103.242497 -2.142546 
2460104.908340 -1.023611 
2460106.574182 0.104422 
2460108.240025 -1.608350 
2460109.905868 -3.346217 
2460111.571710 -0.022351 
2460113.237553 4.746306 
2460114.903396 3.808023 
2460116.569238 -0.093727 
2460118.235081 0.425955 
2460119.900923 3.456720 
2460121.566766 2.423534 
2460123.232609 -1.400066 
2460124.898451 -2.838414 
2460126.564294 -2.274899 
2460128.230137 -1.999323 
2460129.895979 -1.128686 
2460131.561822 -0.158074 
2460133.227665 -1.512983 
2460134.893507 -2.889080 
2460136.559350 -0.097461 
2460138.225192 3.821716 
2460139.891035 3.163524 
2460141.556878 0.374941 
2460143.222720 1.151914 
2460144.888563 3.361696 
2460146.554406 1.750251 
2460148.220248 -1.896435 
2460149.886091 -2.950669 
2460151.551934 -2.095575 
2460153.217776 -1.755361 
2460154.883619 -1.242959 
2460156.549461 -0.558945 
2460158.215304 -1.538171 
2460159.881147 -2.615110 
2460161.546989 -0.481773 
2460163.212832 2.820802 
2460164.878675 2.923991 
2460166.544517 1.367701 
2460168.210360 2.116664 
2460169.876203 3.302654 
2460171.542045 1.116435 
2460173.207888 -2.362515 
2460174.873730 -3.099099 
2460176.539573 -2.007179 
2460178.205416 -1.616900 
2460179.871258 -1.396512 
2460181.537101 -0.952835 
2460183.202944 -1.706324 
2460184.868786 -2.619652 
2460186.534629 -0.886665 
2460188.200471 2.217789 
2460189.866314 3.073167 
2460191.532157 2.355657 
2460193.197999 2.856683 
2460194.863842 3.149833 
2460196.529685 0.615575 
2460198.195527 -2.564000 
2460199.861370 -3.018496 
2460201.527213 -1.860871 
2460203.193055 -1.489167 
2460204.858898 -1.419643 
2460206.524740 -1.144111 
2460208.190583 -1.798867 
2460209.856426 -2.557763 
2460211.522268 -1.013735 
2460213.188111 1.910072 
2460214.853954 3.120603 
2460216.519796 2.779018 
2460218.185639 2.909623 
2460219.851482 2.609437 
2460221.517324 0.259246 
2460223.183167 -2.237736 
2460224.849009 -2.452556 
2460226.514852 -1.486536 
2460228.180695 -1.204938 
2460229.846537 -1.179431 
2460231.512380 -1.027370 
2460233.178223 -1.574872 
2460234.844065 -2.109255 
2460236.509908 -0.811914 
2460238.175751 1.567091 
2460239.841593 2.650644 
2460241.507436 2.418711 
2460243.173278 2.283134 
2460244.839121 1.793665 
2460246.504964 0.070162 
2460248.170806 -1.557318 
2460249.836649 -1.626464 
2460251.502492 -0.985606 
2460253.168334 -0.813390 
2460254.834177 -0.791010 
2460256.500020 -0.718516 
2460258.165862 -1.111471 
2460259.831705 -1.421066 
2460261.497547 -0.490799 
2460263.163390 1.108989 
2460264.829233 1.825402 
2460266.495075 1.632770 
2460268.160918 1.422927 
2460269.826761 1.021728 
2460271.492603 0.003354 
2460273.158446 -0.877238 
2460274.824288 -0.885404 
2460276.490131 -0.542676 
2460278.155974 -0.456764 
2460279.821816 -0.431874 
2460281.487659 -0.401568 
2460283.153502 -0.639088 
2460284.819344 -0.785658 
2460286.485187 -0.225636 
2460288.151030 0.663146 
2460289.816872 1.025906 
2460291.482715 0.875365 
2460293.148557 0.711556 
2460294.814400 0.483000 
2460296.480243 -0.003276 
2460298.146085 -0.398937 
2460299.811928 -0.394576 
2460301.477771 -0.248070 
2460303.143613 -0.213195 
2460304.809456 -0.190770 
2460306.475299 -0.178299 
2460308.141141 -0.299251 
2460309.806984 -0.355446 
2460311.472826 -0.072549 
2460313.138669 0.334312 
2460314.804512 0.468716 
2460316.470354 0.367734 
2460318.136197 0.281007 
2460319.802040 0.191275 
2460321.467882 0.005716 
2460323.133725 -0.144810 
2460324.799568 -0.144586 
2460326.465410 -0.095338 
2460328.131253 -0.083584 
2460329.797095 -0.067500 
2460331.462938 -0.060802 
2460333.128781 -0.113367 
2460334.794623 -0.131785 
2460336.460466 -0.010652 
2460338.126309 0.143608 
2460339.792151 0.172566 
2460341.457994 0.115399 
2460343.123837 0.086924 
2460344.789679 0.070234 
2460346.455522 0.010761 
2460348.121364 -0.046115 
2460349.787207 -0.050240 
2460351.453050 -0.035189 
2460353.118892 -0.031012 
2460354.784735 -0.021586 
2460356.450578 -0.016502 
2460358.116420 -0.037652 
2460359.782263 -0.045375 
2460361.448105 0.002311 
2460363.113948 0.057092 
2460364.779791 0.056148 
2460366.445633 0.028771 
2460368.111476 0.028660 
2460369.777319 0.034798 
2460371.443161 0.009190 
2460373.109004 -0.023414 
2460374.774847 -0.028006 
2460376.440689 -0.019043 
2460378.106532 -0.016325 
2460379.772374 -0.011730 
2460381.438217 -0.007637 
2460383.104060 -0.017950 
2460384.769902 -0.024284 
2460386.435745 -0.001134 
2460388.101588 0.027928 
2460389.767430 0.027874 
2460391.433273 0.016400 
2460393.099116 0.023326 
2460394.764958 0.028367 
2460396.430801 0.004697 
2460398.096643 -0.023781 
2460399.762486 -0.026452 
2460401.428329 -0.016529 
2460403.094171 -0.013962 
2460404.760014 -0.012038 
2460406.425857 -0.009151 
2460408.091699 -0.016736 
2460409.757542 -0.022755 
2460411.423385 -0.005171 
2460413.089227 0.021007 
2460414.755070 0.027015 
2460416.420912 0.022112 
2460418.086755 0.026696 
2460419.752598 0.025374 
2460421.418440 0.000805 
2460423.084283 -0.023988 
2460424.750126 -0.024569 
2460426.415968 -0.014797 
2460428.081811 -0.012610 
2460429.747654 -0.011821 
2460431.413496 -0.010143 
2460433.079339 -0.016676 
2460434.745181 -0.021422 
2460436.411024 -0.005824 
2460438.076867 0.018391 
2460439.742709 0.026780 
2460441.408552 0.023897 
2460443.074395 0.024695 
2460444.740237 0.019649 
2460446.406080 -0.001141 
2460448.071922 -0.019437 
2460449.737765 -0.018844 
2460451.403608 -0.011277 
2460453.069450 -0.009749 
2460454.735293 -0.009316 
2460456.401136 -0.008545 
2460458.066978 -0.013681 
2460459.732821 -0.016661 
2460461.398664 -0.004206 
2460463.064506 0.014561 
2460464.730349 0.021587 
2460466.396191 0.019260 
2460468.062034 0.017917 
2460469.727877 0.012672 
2460471.393719 -0.001453 
2460473.059562 -0.012675 
2460474.725405 -0.011831 
2460476.391247 -0.007141 
2460478.057090 -0.006262 
2460479.722933 -0.005918 
2460481.388775 -0.005662 
2460483.054618 -0.009104 
2460484.720460 -0.010581 
2460486.386303 -0.002178 
2460488.052146 0.009771 
2460489.717988 0.014055 
2460491.383831 0.012146 
2460493.049674 0.010429 
2460494.715516 0.006807 
2460496.381359 -0.000990 
2460498.047202 -0.006716 
2460499.713044 -0.006106 
2460501.378887 -0.003762 
2460503.044729 -0.003340 
2460504.710572 -0.003050 
2460506.376415 -0.003006 
2460508.042257 -0.004953 
2460509.708100 -0.005508 
2460511.373943 -0.000752 
2460513.039785 0.005509 
2460514.705628 0.007443 
2460516.371471 0.006075 
2460518.037313 0.004878 
2460519.703156 0.003053 
2460521.368998 -0.000436 
2460523.034841 -0.002872 
2460524.700684 -0.002579 
2460526.366526 -0.001649 
2460528.032369 -0.001478 
2460529.698212 -0.001261 
2460531.364054 -0.001262 
2460533.029897 -0.002195 
2460534.695739 -0.002337 
2460536.361582 -0.000077 
2460538.027425 0.002609 
2460539.693267 0.003177 
2460541.359110 0.002350 
2460543.024953 0.001802 
2460544.690795 0.001174 
2460546.356638 -0.000088 
2460548.022481 -0.000991 
2460549.688323 -0.000911 
2460551.354166 -0.000618 
2460553.020008 -0.000555 
2460554.685851 -0.000416 
2460556.351694 -0.000406 
2460558.017536 -0.000794 
2460559.683379 -0.000819 
2460561.349222 0.000102 
2460563.015064 0.001058 
2460564.680907 0.001086 
2460566.346750 0.000667 
2460568.012592 0.000547 
2460569.678435 0.000459 
2460571.344277 0.000037 
2460573.010120 -0.000336 
2460574.675963 -0.000339 
2460576.341805 -0.000241 
2460578.007648 -0.000213 
2460579.673491 -0.000137 
2460581.339333 -0.000114 
2460583.005176 -0.000275 
2460584.671019 -0.000296 
2460586.336861 0.000073 
2460588.002704 0.000421 
2460589.668546 0.000355 
2460591.334389 0.000176 
2460593.000232 0.000230 
2460594.666074 0.000270 
2460596.331917 0.000034 
2460597.997760 -0.000217 
2460599.663602 -0.000227 
2460601.329445 -0.000150 
2460602.995288 -0.000132 
2460604.661130 -0.000094 
2460606.326973 -0.000070 
2460607.992815 -0.000161 
2460609.658658 -0.000195 
2460611.324501 0.000011 
2460612.990343 0.000234 
2460614.656186 0.000222 
2460616.322029 0.000153 
2460617.987871 0.000225 
2460619.653714 0.000231 
2460621.319556 -0.000003 
2460622.985399 -0.000228 
2460624.651242 -0.000221 
2460626.317084 -0.000136 
2460627.982927 -0.000120 
2460629.648770 -0.000103 
2460631.314612 -0.000087 
2460632.980455 -0.000160 
2460634.646298 -0.000193 
2460636.312140 -0.000021 
2460637.977983 0.000196 
2460639.643825 0.000237 
2460641.309668 0.000204 
2460642.975511 0.000240 
2460644.641353 0.000196 
2460646.307196 -0.000029 
2460647.973039 -0.000215 
2460649.638881 -0.000195 
2460651.304724 -0.000117 
2460652.970567 -0.000106 
2460654.636409 -0.000097 
2460656.302252 -0.000090 
2460657.968094 -0.000151 
2460659.633937 -0.000174 
2460661.299780 -0.000024 
2460662.965622 0.000171 
2460664.631465 0.000226 
2460666.297308 0.000201 
2460667.963150 0.000203 
2460669.628993 0.000142 
2460671.294836 -0.000034 
2460672.960678 -0.000162 
2460674.626521 -0.000142 
2460676.292363 -0.000085 
2460677.958206 -0.000078 
2460679.624049 -0.000072 
2460681.289891 -0.000071 
2460682.955734 -0.000116 
2460684.621577 -0.050633 
