# time Tc_folded Tref_folded value value_err offset model full_model val_compare val_compare_err residuals residuals_err jitter jitter_flag offset_flag subset_flag 
2455480.529186 0.000000 0.000000 42.678630 0.007837 42.605756 0.079905 42.685661 0.072874 0.007837 -0.007031 0.007837 0.000909   1   2  -1 
2455480.529186 0.000000 0.000000 42.678630 0.007837 42.605756 0.079905 42.685661 0.072874 0.007837 -0.007031 0.007837 0.000909   1   2  -1 
2455480.532970 0.000000 0.000000 42.682233 0.007101 42.605756 0.079795 42.685551 0.076477 0.007101 -0.003318 0.007101 0.000909   1   2  -1 
2455480.532970 0.000000 0.000000 42.682233 0.007101 42.605756 0.079795 42.685551 0.076477 0.007101 -0.003318 0.007101 0.000909   1   2  -1 
2455480.536778 0.000000 0.000000 42.683918 0.007504 42.605756 0.079685 42.685441 0.078162 0.007504 -0.001523 0.007504 0.000909   1   2  -1 
2455480.536778 0.000000 0.000000 42.683918 0.007504 42.605756 0.079685 42.685441 0.078162 0.007504 -0.001523 0.007504 0.000909   1   2  -1 
2455482.554786 0.000000 0.000000 42.665032 0.005711 42.605756 0.060166 42.665922 0.059276 0.005711 -0.000890 0.005711 0.000909   1   2  -1 
2455482.554786 0.000000 0.000000 42.665032 0.005711 42.605756 0.060166 42.665922 0.059276 0.005711 -0.000890 0.005711 0.000909   1   2  -1 
2455484.542056 0.000000 0.000000 42.631912 0.008299 42.605756 0.043710 42.649465 0.026156 0.008299 -0.017553 0.008299 0.000909   1   2  -1 
2455484.542056 0.000000 0.000000 42.631912 0.008299 42.605756 0.043710 42.649465 0.026156 0.008299 -0.017553 0.008299 0.000909   1   2  -1 
2455484.545828 0.000000 0.000000 42.640434 0.008596 42.605756 0.043632 42.649388 0.034678 0.008596 -0.008954 0.008596 0.000909   1   2  -1 
2455484.545828 0.000000 0.000000 42.640434 0.008596 42.605756 0.043632 42.649388 0.034678 0.008596 -0.008954 0.008596 0.000909   1   2  -1 
2455484.549671 0.000000 0.000000 42.644720 0.008203 42.605756 0.043553 42.649309 0.038964 0.008203 -0.004589 0.008203 0.000909   1   2  -1 
2455484.549671 0.000000 0.000000 42.644720 0.008203 42.605756 0.043553 42.649309 0.038964 0.008203 -0.004589 0.008203 0.000909   1   2  -1 
2455485.527184 0.000000 0.000000 42.632996 0.006972 42.605756 0.022381 42.628136 0.027240 0.006972 0.004860 0.006972 0.000909   1   2  -1 
2455485.527184 0.000000 0.000000 42.632996 0.006972 42.605756 0.022381 42.628136 0.027240 0.006972 0.004860 0.006972 0.000909   1   2  -1 
2455485.532971 0.000000 0.000000 42.634725 0.007192 42.605756 0.022268 42.628023 0.028969 0.007192 0.006702 0.007192 0.000909   1   2  -1 
2455485.532971 0.000000 0.000000 42.634725 0.007192 42.605756 0.022268 42.628023 0.028969 0.007192 0.006702 0.007192 0.000909   1   2  -1 
2455487.543214 0.000000 0.000000 42.618664 0.006526 42.605756 0.020748 42.626503 0.012908 0.006526 -0.007839 0.006526 0.000909   1   2  -1 
2455487.543214 0.000000 0.000000 42.618664 0.006526 42.605756 0.020748 42.626503 0.012908 0.006526 -0.007839 0.006526 0.000909   1   2  -1 
2455487.548897 0.000000 0.000000 42.624810 0.006483 42.605756 0.020859 42.626614 0.019054 0.006483 -0.001804 0.006483 0.000909   1   2  -1 
2455487.548897 0.000000 0.000000 42.624810 0.006483 42.605756 0.020859 42.626614 0.019054 0.006483 -0.001804 0.006483 0.000909   1   2  -1 
2455493.544252 0.000000 0.000000 42.625062 0.006400 42.605756 0.018698 42.624454 0.019306 0.006400 0.000608 0.006400 0.000909   1   2  -1 
2455493.544252 0.000000 0.000000 42.625062 0.006400 42.605756 0.018698 42.624454 0.019306 0.006400 0.000608 0.006400 0.000909   1   2  -1 
2455493.550478 0.000000 0.000000 42.619549 0.006539 42.605756 0.018707 42.624463 0.013793 0.006539 -0.004914 0.006539 0.000909   1   2  -1 
2455493.550478 0.000000 0.000000 42.619549 0.006539 42.605756 0.018707 42.624463 0.013793 0.006539 -0.004914 0.006539 0.000909   1   2  -1 
2455495.535877 0.000000 0.000000 42.636521 0.006475 42.605756 0.026157 42.631913 0.030765 0.006475 0.004608 0.006475 0.000909   1   2  -1 
2455495.535877 0.000000 0.000000 42.636521 0.006475 42.605756 0.026157 42.631913 0.030765 0.006475 0.004608 0.006475 0.000909   1   2  -1 
2455495.541664 0.000000 0.000000 42.626149 0.006865 42.605756 0.026150 42.631906 0.020393 0.006865 -0.005757 0.006865 0.000909   1   2  -1 
2455495.541664 0.000000 0.000000 42.626149 0.006865 42.605756 0.026150 42.631906 0.020393 0.006865 -0.005757 0.006865 0.000909   1   2  -1 
2455498.517820 0.000000 0.000000 42.639249 0.010712 42.605756 0.017605 42.623361 0.033493 0.010712 0.015888 0.010712 0.000909   1   2  -1 
2455498.517820 0.000000 0.000000 42.639249 0.010712 42.605756 0.017605 42.623361 0.033493 0.010712 0.015888 0.010712 0.000909   1   2  -1 
2455498.523445 0.000000 0.000000 42.616909 0.009684 42.605756 0.017668 42.623423 0.011153 0.009684 -0.006514 0.009684 0.000909   1   2  -1 
2455498.523445 0.000000 0.000000 42.616909 0.009684 42.605756 0.017668 42.623423 0.011153 0.009684 -0.006514 0.009684 0.000909   1   2  -1 
2455500.544007 0.000000 0.000000 42.662530 0.005516 42.605756 0.058151 42.663907 0.056774 0.005516 -0.001377 0.005516 0.000909   1   2  -1 
2455500.544007 0.000000 0.000000 42.662530 0.005516 42.605756 0.058151 42.663907 0.056774 0.005516 -0.001377 0.005516 0.000909   1   2  -1 
2455500.549389 0.000000 0.000000 42.658215 0.006006 42.605756 0.058255 42.664010 0.052459 0.006006 -0.005795 0.006006 0.000909   1   2  -1 
2455500.549389 0.000000 0.000000 42.658215 0.006006 42.605756 0.058255 42.664010 0.052459 0.006006 -0.005795 0.006006 0.000909   1   2  -1 
2455501.547102 0.000000 0.000000 42.675540 0.004884 42.605756 0.070616 42.676372 0.069784 0.004884 -0.000832 0.004884 0.000909   1   2  -1 
2455501.547102 0.000000 0.000000 42.675540 0.004884 42.605756 0.070616 42.676372 0.069784 0.004884 -0.000832 0.004884 0.000909   1   2  -1 
2455501.552738 0.000000 0.000000 42.684584 0.004667 42.605756 0.070643 42.676398 0.078828 0.004667 0.008186 0.004667 0.000909   1   2  -1 
2455501.552738 0.000000 0.000000 42.684584 0.004667 42.605756 0.070643 42.676398 0.078828 0.004667 0.008186 0.004667 0.000909   1   2  -1 
2455505.514789 0.000000 0.000000 42.689921 0.005555 42.605756 0.083325 42.689081 0.084165 0.005555 0.000840 0.005555 0.000909   1   2  -1 
2455505.514789 0.000000 0.000000 42.689921 0.005555 42.605756 0.083325 42.689081 0.084165 0.005555 0.000840 0.005555 0.000909   1   2  -1 
2455505.520425 0.000000 0.000000 42.688597 0.005498 42.605756 0.083439 42.689195 0.082841 0.005498 -0.000598 0.005498 0.000909   1   2  -1 
2455505.520425 0.000000 0.000000 42.688597 0.005498 42.605756 0.083439 42.689195 0.082841 0.005498 -0.000598 0.005498 0.000909   1   2  -1 
2455507.517142 0.000000 0.000000 42.714840 0.004276 42.605756 0.109722 42.715478 0.109084 0.004276 -0.000638 0.004276 0.000909   1   2  -1 
2455507.517142 0.000000 0.000000 42.714840 0.004276 42.605756 0.109722 42.715478 0.109084 0.004276 -0.000638 0.004276 0.000909   1   2  -1 
2455507.522824 0.000000 0.000000 42.722966 0.004360 42.605756 0.109718 42.715473 0.117210 0.004360 0.007493 0.004360 0.000909   1   2  -1 
2455507.522824 0.000000 0.000000 42.722966 0.004360 42.605756 0.109718 42.715473 0.117210 0.004360 0.007493 0.004360 0.000909   1   2  -1 
2455509.518050 0.000000 0.000000 42.697772 0.006136 42.605756 0.088933 42.694689 0.092016 0.006136 0.003083 0.006136 0.000909   1   2  -1 
2455509.518050 0.000000 0.000000 42.697772 0.006136 42.605756 0.088933 42.694689 0.092016 0.006136 0.003083 0.006136 0.000909   1   2  -1 
2455509.523524 0.000000 0.000000 42.685875 0.005725 42.605756 0.088869 42.694625 0.080119 0.005725 -0.008750 0.005725 0.000909   1   2  -1 
2455509.523524 0.000000 0.000000 42.685875 0.005725 42.605756 0.088869 42.694625 0.080119 0.005725 -0.008750 0.005725 0.000909   1   2  -1 
2455511.516449 0.000000 0.000000 42.697523 0.006430 42.605756 0.082397 42.688153 0.091767 0.006430 0.009370 0.006430 0.000909   1   2  -1 
2455511.516449 0.000000 0.000000 42.697523 0.006430 42.605756 0.082397 42.688153 0.091767 0.006430 0.009370 0.006430 0.000909   1   2  -1 
2455511.521935 0.000000 0.000000 42.687454 0.006401 42.605756 0.082413 42.688168 0.081698 0.006401 -0.000714 0.006401 0.000909   1   2  -1 
2455511.521935 0.000000 0.000000 42.687454 0.006401 42.605756 0.082413 42.688168 0.081698 0.006401 -0.000714 0.006401 0.000909   1   2  -1 
2455513.504562 0.000000 0.000000 42.681109 0.006751 42.605756 0.081449 42.687205 0.075353 0.006751 -0.006096 0.006751 0.000909   1   2  -1 
2455513.504562 0.000000 0.000000 42.681109 0.006751 42.605756 0.081449 42.687205 0.075353 0.006751 -0.006096 0.006751 0.000909   1   2  -1 
2455513.510244 0.000000 0.000000 42.687281 0.007118 42.605756 0.081421 42.687177 0.081525 0.007118 0.000104 0.007118 0.000909   1   2  -1 
2455513.510244 0.000000 0.000000 42.687281 0.007118 42.605756 0.081421 42.687177 0.081525 0.007118 0.000104 0.007118 0.000909   1   2  -1 
2455514.505835 0.000000 0.000000 42.689027 0.005420 42.605756 0.077022 42.682778 0.083271 0.005420 0.006249 0.005420 0.000909   1   2  -1 
2455514.505835 0.000000 0.000000 42.689027 0.005420 42.605756 0.077022 42.682778 0.083271 0.005420 0.006249 0.005420 0.000909   1   2  -1 
2455514.511356 0.000000 0.000000 42.674271 0.005514 42.605756 0.077009 42.682765 0.068515 0.005514 -0.008494 0.005514 0.000909   1   2  -1 
2455514.511356 0.000000 0.000000 42.674271 0.005514 42.605756 0.077009 42.682765 0.068515 0.005514 -0.008494 0.005514 0.000909   1   2  -1 
2455519.503938 0.000000 0.000000 42.614706 0.008338 42.605756 0.015873 42.621629 0.008950 0.008338 -0.006923 0.008338 0.000909   1   2  -1 
2455519.503938 0.000000 0.000000 42.614706 0.008338 42.605756 0.015873 42.621629 0.008950 0.008338 -0.006923 0.008338 0.000909   1   2  -1 
2455519.508811 0.000000 0.000000 42.626018 0.008037 42.605756 0.015628 42.621384 0.020262 0.008037 0.004634 0.008037 0.000909   1   2  -1 
2455519.508811 0.000000 0.000000 42.626018 0.008037 42.605756 0.015628 42.621384 0.020262 0.008037 0.004634 0.008037 0.000909   1   2  -1 
2455523.508036 0.000000 0.000000 42.624970 0.006695 42.605756 0.015845 42.621601 0.019214 0.006695 0.003369 0.006695 0.000909   1   2  -1 
2455523.508036 0.000000 0.000000 42.624970 0.006695 42.605756 0.015845 42.621601 0.019214 0.006695 0.003369 0.006695 0.000909   1   2  -1 
2455523.513036 0.000000 0.000000 42.620591 0.006985 42.605756 0.015978 42.621734 0.014835 0.006985 -0.001143 0.006985 0.000909   1   2  -1 
2455523.513036 0.000000 0.000000 42.620591 0.006985 42.605756 0.015978 42.621734 0.014835 0.006985 -0.001143 0.006985 0.000909   1   2  -1 
2455524.521481 0.000000 0.000000 42.630332 0.005389 42.605756 0.023245 42.629001 0.024576 0.005389 0.001331 0.005389 0.000909   1   2  -1 
2455524.521481 0.000000 0.000000 42.630332 0.005389 42.605756 0.023245 42.629001 0.024576 0.005389 0.001331 0.005389 0.000909   1   2  -1 
2455524.526446 0.000000 0.000000 42.626973 0.005473 42.605756 0.023169 42.628925 0.021217 0.005473 -0.001952 0.005473 0.000909   1   2  -1 
2455524.526446 0.000000 0.000000 42.626973 0.005473 42.605756 0.023169 42.628925 0.021217 0.005473 -0.001952 0.005473 0.000909   1   2  -1 
2455653.900831 0.000000 0.000000 42.617108 0.006008 42.605756 0.008029 42.613784 0.011352 0.006008 0.003324 0.006008 0.000909   1   2  -1 
2455653.900831 0.000000 0.000000 42.617108 0.006008 42.605756 0.008029 42.613784 0.011352 0.006008 0.003324 0.006008 0.000909   1   2  -1 
2455653.906410 0.000000 0.000000 42.610749 0.005940 42.605756 0.007989 42.613745 0.004993 0.005940 -0.002996 0.005940 0.000909   1   2  -1 
2455653.906410 0.000000 0.000000 42.610749 0.005940 42.605756 0.007989 42.613745 0.004993 0.005940 -0.002996 0.005940 0.000909   1   2  -1 
2455654.900357 0.000000 0.000000 42.604997 0.006569 42.605756 0.006811 42.612567 -0.000759 0.006569 -0.007570 0.006569 0.000909   1   2  -1 
2455654.900357 0.000000 0.000000 42.604997 0.006569 42.605756 0.006811 42.612567 -0.000759 0.006569 -0.007570 0.006569 0.000909   1   2  -1 
2455654.905936 0.000000 0.000000 42.613912 0.005901 42.605756 0.006830 42.612586 0.008156 0.005901 0.001326 0.005901 0.000909   1   2  -1 
2455654.905936 0.000000 0.000000 42.613912 0.005901 42.605756 0.006830 42.612586 0.008156 0.005901 0.001326 0.005901 0.000909   1   2  -1 
2455657.909222 0.000000 0.000000 42.626985 0.004887 42.605756 0.023064 42.628820 0.021229 0.004887 -0.001835 0.004887 0.000909   1   2  -1 
2455657.909222 0.000000 0.000000 42.626985 0.004887 42.605756 0.023064 42.628820 0.021229 0.004887 -0.001835 0.004887 0.000909   1   2  -1 
2455657.914813 0.000000 0.000000 42.629982 0.005097 42.605756 0.023085 42.628841 0.024226 0.005097 0.001141 0.005097 0.000909   1   2  -1 
2455657.914813 0.000000 0.000000 42.629982 0.005097 42.605756 0.023085 42.628841 0.024226 0.005097 0.001141 0.005097 0.000909   1   2  -1 
2455659.907949 0.000000 0.000000 42.633674 0.006208 42.605756 0.025441 42.631197 0.027918 0.006208 0.002477 0.006208 0.000909   1   2  -1 
2455659.907949 0.000000 0.000000 42.633674 0.006208 42.605756 0.025441 42.631197 0.027918 0.006208 0.002477 0.006208 0.000909   1   2  -1 
2455659.913540 0.000000 0.000000 42.620672 0.006479 42.605756 0.025429 42.631185 0.014916 0.006479 -0.010513 0.006479 0.000909   1   2  -1 
2455659.913540 0.000000 0.000000 42.620672 0.006479 42.605756 0.025429 42.631185 0.014916 0.006479 -0.010513 0.006479 0.000909   1   2  -1 
2455660.901884 0.000000 0.000000 42.630749 0.004053 42.605756 0.021790 42.627545 0.024993 0.004053 0.003204 0.004053 0.000909   1   2  -1 
2455660.901884 0.000000 0.000000 42.630749 0.004053 42.605756 0.021790 42.627545 0.024993 0.004053 0.003204 0.004053 0.000909   1   2  -1 
2455662.902485 0.000000 0.000000 42.621083 0.007656 42.605756 0.022522 42.628278 0.015327 0.007656 -0.007195 0.007656 0.000909   1   2  -1 
2455662.902485 0.000000 0.000000 42.621083 0.007656 42.605756 0.022522 42.628278 0.015327 0.007656 -0.007195 0.007656 0.000909   1   2  -1 
2455662.908180 0.000000 0.000000 42.626484 0.007336 42.605756 0.022586 42.628342 0.020728 0.007336 -0.001858 0.007336 0.000909   1   2  -1 
2455662.908180 0.000000 0.000000 42.626484 0.007336 42.605756 0.022586 42.628342 0.020728 0.007336 -0.001858 0.007336 0.000909   1   2  -1 
2455663.839263 0.000000 0.000000 42.663681 0.014016 42.605756 0.040162 42.645918 0.057925 0.014016 0.017763 0.014016 0.000909   1   2  -1 
2455663.839263 0.000000 0.000000 42.663681 0.014016 42.605756 0.040162 42.645918 0.057925 0.014016 0.017763 0.014016 0.000909   1   2  -1 
2455672.897729 0.000000 0.000000 42.665475 0.005276 42.605756 0.056125 42.661881 0.059719 0.005276 0.003594 0.005276 0.000909   1   2  -1 
2455672.897729 0.000000 0.000000 42.665475 0.005276 42.605756 0.056125 42.661881 0.059719 0.005276 0.003594 0.005276 0.000909   1   2  -1 
2455672.902775 0.000000 0.000000 42.661875 0.004851 42.605756 0.056408 42.662163 0.056119 0.004851 -0.000288 0.004851 0.000909   1   2  -1 
2455672.902775 0.000000 0.000000 42.661875 0.004851 42.605756 0.056408 42.662163 0.056119 0.004851 -0.000288 0.004851 0.000909   1   2  -1 
2455675.905453 0.000000 0.000000 42.699172 0.003410 42.605756 0.091863 42.697619 0.093416 0.003410 0.001553 0.003410 0.000909   1   2  -1 
2455675.905453 0.000000 0.000000 42.699172 0.003410 42.605756 0.091863 42.697619 0.093416 0.003410 0.001553 0.003410 0.000909   1   2  -1 
2455679.879903 0.000000 0.000000 42.667865 0.004071 42.605756 0.060203 42.665958 0.062109 0.004071 0.001907 0.004071 0.000909   1   2  -1 
2455679.879903 0.000000 0.000000 42.667865 0.004071 42.605756 0.060203 42.665958 0.062109 0.004071 0.001907 0.004071 0.000909   1   2  -1 
2455679.885123 0.000000 0.000000 42.665171 0.004145 42.605756 0.060358 42.666113 0.059415 0.004145 -0.000942 0.004145 0.000909   1   2  -1 
2455679.885123 0.000000 0.000000 42.665171 0.004145 42.605756 0.060358 42.666113 0.059415 0.004145 -0.000942 0.004145 0.000909   1   2  -1 
2455712.893679 0.000000 0.000000 42.666045 0.004521 42.605756 0.060082 42.665837 0.060289 0.004521 0.000208 0.004521 0.000909   1   2  -1 
2455712.893679 0.000000 0.000000 42.666045 0.004521 42.605756 0.060082 42.665837 0.060289 0.004521 0.000208 0.004521 0.000909   1   2  -1 
2455715.864679 0.000000 0.000000 42.648431 0.011001 42.605756 0.044330 42.650086 0.042675 0.011001 -0.001655 0.011001 0.000909   1   2  -1 
2455715.864679 0.000000 0.000000 42.648431 0.011001 42.605756 0.044330 42.650086 0.042675 0.011001 -0.001655 0.011001 0.000909   1   2  -1 
2455715.867376 0.000000 0.000000 42.650666 0.011448 42.605756 0.044310 42.650066 0.044910 0.011448 0.000600 0.011448 0.000909   1   2  -1 
2455715.867376 0.000000 0.000000 42.650666 0.011448 42.605756 0.044310 42.650066 0.044910 0.011448 0.000600 0.011448 0.000909   1   2  -1 
2455715.869992 0.000000 0.000000 42.647207 0.011592 42.605756 0.044291 42.650047 0.041451 0.011592 -0.002840 0.011592 0.000909   1   2  -1 
2455715.869992 0.000000 0.000000 42.647207 0.011592 42.605756 0.044291 42.650047 0.041451 0.011592 -0.002840 0.011592 0.000909   1   2  -1 
2455715.872747 0.000000 0.000000 42.655209 0.011980 42.605756 0.044271 42.650026 0.049453 0.011980 0.005183 0.011980 0.000909   1   2  -1 
2455715.872747 0.000000 0.000000 42.655209 0.011980 42.605756 0.044271 42.650026 0.049453 0.011980 0.005183 0.011980 0.000909   1   2  -1 
2455727.859452 0.000000 0.000000 42.598474 0.008523 42.605756 -0.003732 42.602024 -0.007282 0.008523 -0.003550 0.008523 0.000909   1   2  -1 
2455727.859452 0.000000 0.000000 42.598474 0.008523 42.605756 -0.003732 42.602024 -0.007282 0.008523 -0.003550 0.008523 0.000909   1   2  -1 
2455727.863145 0.000000 0.000000 42.604216 0.008337 42.605756 -0.003796 42.601960 -0.001540 0.008337 0.002256 0.008337 0.000909   1   2  -1 
2455727.863145 0.000000 0.000000 42.604216 0.008337 42.605756 -0.003796 42.601960 -0.001540 0.008337 0.002256 0.008337 0.000909   1   2  -1 
2455727.866953 0.000000 0.000000 42.603133 0.009032 42.605756 -0.003860 42.601895 -0.002623 0.009032 0.001238 0.009032 0.000909   1   2  -1 
2455727.866953 0.000000 0.000000 42.603133 0.009032 42.605756 -0.003860 42.601895 -0.002623 0.009032 0.001238 0.009032 0.000909   1   2  -1 
2455735.809170 0.000000 0.000000 42.641260 0.004244 42.605756 0.035602 42.641358 0.035504 0.004244 -0.000098 0.004244 0.000909   1   2  -1 
2455735.809170 0.000000 0.000000 42.641260 0.004244 42.605756 0.035602 42.641358 0.035504 0.004244 -0.000098 0.004244 0.000909   1   2  -1 
2455754.777241 0.000000 0.000000 42.617218 0.008805 42.605756 0.009826 42.615581 0.011462 0.008805 0.001637 0.008805 0.000909   1   2  -1 
2455754.777241 0.000000 0.000000 42.617218 0.008805 42.605756 0.009826 42.615581 0.011462 0.008805 0.001637 0.008805 0.000909   1   2  -1 
2455755.755721 0.000000 0.000000 42.623208 0.006203 42.605756 0.018321 42.624077 0.017452 0.006203 -0.000869 0.006203 0.000909   1   2  -1 
2455755.755721 0.000000 0.000000 42.623208 0.006203 42.605756 0.018321 42.624077 0.017452 0.006203 -0.000869 0.006203 0.000909   1   2  -1 
2455769.736300 0.000000 0.000000 42.647596 0.005467 42.605756 0.036779 42.642534 0.041840 0.005467 0.005062 0.005467 0.000909   1   2  -1 
2455769.736300 0.000000 0.000000 42.647596 0.005467 42.605756 0.036779 42.642534 0.041840 0.005467 0.005062 0.005467 0.000909   1   2  -1 
2455769.742075 0.000000 0.000000 42.635470 0.006215 42.605756 0.036494 42.642249 0.029714 0.006215 -0.006779 0.006215 0.000909   1   2  -1 
2455769.742075 0.000000 0.000000 42.635470 0.006215 42.605756 0.036494 42.642249 0.029714 0.006215 -0.006779 0.006215 0.000909   1   2  -1 
2455776.628483 0.000000 0.000000 42.634234 0.005747 42.605756 0.026752 42.632508 0.028478 0.005747 0.001726 0.005747 0.000909   1   2  -1 
2455776.628483 0.000000 0.000000 42.634234 0.005747 42.605756 0.026752 42.632508 0.028478 0.005747 0.001726 0.005747 0.000909   1   2  -1 
2455782.624998 0.000000 0.000000 42.627798 0.006141 42.605756 0.022507 42.628262 0.022042 0.006141 -0.000464 0.006141 0.000909   1   2  -1 
2455782.624998 0.000000 0.000000 42.627798 0.006141 42.605756 0.022507 42.628262 0.022042 0.006141 -0.000464 0.006141 0.000909   1   2  -1 
2455784.737667 0.000000 0.000000 42.676359 0.004400 42.605756 0.069774 42.675529 0.070603 0.004400 0.000830 0.004400 0.000909   1   2  -1 
2455784.737667 0.000000 0.000000 42.676359 0.004400 42.605756 0.069774 42.675529 0.070603 0.004400 0.000830 0.004400 0.000909   1   2  -1 
2455801.526698 0.000000 0.000000 42.608463 0.010272 42.605756 0.008557 42.614313 0.002707 0.010272 -0.005850 0.010272 0.000909   1   2  -1 
2455801.526698 0.000000 0.000000 42.608463 0.010272 42.605756 0.008557 42.614313 0.002707 0.010272 -0.005850 0.010272 0.000909   1   2  -1 
2455801.531628 0.000000 0.000000 42.624250 0.009498 42.605756 0.008440 42.614195 0.018494 0.009498 0.010055 0.009498 0.000909   1   2  -1 
2455801.531628 0.000000 0.000000 42.624250 0.009498 42.605756 0.008440 42.614195 0.018494 0.009498 0.010055 0.009498 0.000909   1   2  -1 
2455804.632333 0.000000 0.000000 42.632186 0.009041 42.605756 0.027128 42.632883 0.026430 0.009041 -0.000697 0.009041 0.000909   1   2  -1 
2455804.632333 0.000000 0.000000 42.632186 0.009041 42.605756 0.027128 42.632883 0.026430 0.009041 -0.000697 0.009041 0.000909   1   2  -1 
2455804.637669 0.000000 0.000000 42.638924 0.008328 42.605756 0.027234 42.632989 0.033168 0.008328 0.005935 0.008328 0.000909   1   2  -1 
2455804.637669 0.000000 0.000000 42.638924 0.008328 42.605756 0.027234 42.632989 0.033168 0.008328 0.005935 0.008328 0.000909   1   2  -1 
2455807.626267 0.000000 0.000000 42.667326 0.007792 42.605756 0.051129 42.656885 0.061570 0.007792 0.010441 0.007792 0.000909   1   2  -1 
2455807.626267 0.000000 0.000000 42.667326 0.007792 42.605756 0.051129 42.656885 0.061570 0.007792 0.010441 0.007792 0.000909   1   2  -1 
2455807.631162 0.000000 0.000000 42.648843 0.007153 42.605756 0.051141 42.656896 0.043087 0.007153 -0.008053 0.007153 0.000909   1   2  -1 
2455807.631162 0.000000 0.000000 42.648843 0.007153 42.605756 0.051141 42.656896 0.043087 0.007153 -0.008053 0.007153 0.000909   1   2  -1 
2455810.581550 0.000000 0.000000 42.629952 0.006085 42.605756 0.030177 42.635933 0.024196 0.006085 -0.005981 0.006085 0.000909   1   2  -1 
2455810.581550 0.000000 0.000000 42.629952 0.006085 42.605756 0.030177 42.635933 0.024196 0.006085 -0.005981 0.006085 0.000909   1   2  -1 
2455810.586723 0.000000 0.000000 42.639542 0.006434 42.605756 0.030020 42.635776 0.033786 0.006434 0.003766 0.006434 0.000909   1   2  -1 
2455810.586723 0.000000 0.000000 42.639542 0.006434 42.605756 0.030020 42.635776 0.033786 0.006434 0.003766 0.006434 0.000909   1   2  -1 
2455816.587002 0.000000 0.000000 42.688457 0.007744 42.605756 0.080529 42.686285 0.082701 0.007744 0.002172 0.007744 0.000909   1   2  -1 
2455816.587002 0.000000 0.000000 42.688457 0.007744 42.605756 0.080529 42.686285 0.082701 0.007744 0.002172 0.007744 0.000909   1   2  -1 
2455816.590578 0.000000 0.000000 42.687190 0.007180 42.605756 0.080749 42.686504 0.081434 0.007180 0.000686 0.007180 0.000909   1   2  -1 
2455816.590578 0.000000 0.000000 42.687190 0.007180 42.605756 0.080749 42.686504 0.081434 0.007180 0.000686 0.007180 0.000909   1   2  -1 
2455816.594154 0.000000 0.000000 42.680759 0.007072 42.605756 0.080967 42.686723 0.075003 0.007072 -0.005964 0.007072 0.000909   1   2  -1 
2455816.594154 0.000000 0.000000 42.680759 0.007072 42.605756 0.080967 42.686723 0.075003 0.007072 -0.005964 0.007072 0.000909   1   2  -1 
2455834.622073 0.000000 0.000000 42.680106 0.004658 42.605756 0.074637 42.680393 0.074350 0.004658 -0.000287 0.004658 0.000909   1   2  -1 
2455834.622073 0.000000 0.000000 42.680106 0.004658 42.605756 0.074637 42.680393 0.074350 0.004658 -0.000287 0.004658 0.000909   1   2  -1 
2455834.627593 0.000000 0.000000 42.682339 0.004652 42.605756 0.074660 42.680415 0.076583 0.004652 0.001924 0.004652 0.000909   1   2  -1 
2455834.627593 0.000000 0.000000 42.682339 0.004652 42.605756 0.074660 42.680415 0.076583 0.004652 0.001924 0.004652 0.000909   1   2  -1 
2455836.585712 0.000000 0.000000 42.674249 0.005491 42.605756 0.069242 42.674998 0.068493 0.005491 -0.000749 0.005491 0.000909   1   2  -1 
2455836.585712 0.000000 0.000000 42.674249 0.005491 42.605756 0.069242 42.674998 0.068493 0.005491 -0.000749 0.005491 0.000909   1   2  -1 
2455836.591440 0.000000 0.000000 42.672726 0.005479 42.605756 0.069181 42.674937 0.066970 0.005479 -0.002211 0.005479 0.000909   1   2  -1 
2455836.591440 0.000000 0.000000 42.672726 0.005479 42.605756 0.069181 42.674937 0.066970 0.005479 -0.002211 0.005479 0.000909   1   2  -1 
2455839.585007 0.000000 0.000000 42.618186 0.007343 42.605756 0.015775 42.621531 0.012430 0.007343 -0.003345 0.007343 0.000909   1   2  -1 
2455839.585007 0.000000 0.000000 42.618186 0.007343 42.605756 0.015775 42.621531 0.012430 0.007343 -0.003345 0.007343 0.000909   1   2  -1 
2455839.590794 0.000000 0.000000 42.621079 0.007421 42.605756 0.015674 42.621429 0.015323 0.007421 -0.000350 0.007421 0.000909   1   2  -1 
2455839.590794 0.000000 0.000000 42.621079 0.007421 42.605756 0.015674 42.621429 0.015323 0.007421 -0.000350 0.007421 0.000909   1   2  -1 
2455842.549547 0.000000 0.000000 42.602644 0.008603 42.605756 0.000870 42.606625 -0.003112 0.008603 -0.003981 0.008603 0.000909   1   2  -1 
2455842.549547 0.000000 0.000000 42.602644 0.008603 42.605756 0.000870 42.606625 -0.003112 0.008603 -0.003981 0.008603 0.000909   1   2  -1 
2455842.555033 0.000000 0.000000 42.608724 0.007045 42.605756 0.000906 42.606661 0.002968 0.007045 0.002063 0.007045 0.000909   1   2  -1 
2455842.555033 0.000000 0.000000 42.608724 0.007045 42.605756 0.000906 42.606661 0.002968 0.007045 0.002063 0.007045 0.000909   1   2  -1 
2455845.575633 0.000000 0.000000 42.606501 0.008615 42.605756 0.008700 42.614456 0.000745 0.008615 -0.007955 0.008615 0.000909   1   2  -1 
2455845.575633 0.000000 0.000000 42.606501 0.008615 42.605756 0.008700 42.614456 0.000745 0.008615 -0.007955 0.008615 0.000909   1   2  -1 
2455845.581258 0.000000 0.000000 42.618383 0.007442 42.605756 0.008658 42.614413 0.012627 0.007442 0.003970 0.007442 0.000909   1   2  -1 
2455845.581258 0.000000 0.000000 42.618383 0.007442 42.605756 0.008658 42.614413 0.012627 0.007442 0.003970 0.007442 0.000909   1   2  -1 
2455870.498785 0.000000 0.000000 42.675995 0.005895 42.605756 0.073391 42.679146 0.070239 0.005895 -0.003151 0.005895 0.000909   1   2  -1 
2455870.498785 0.000000 0.000000 42.675995 0.005895 42.605756 0.073391 42.679146 0.070239 0.005895 -0.003151 0.005895 0.000909   1   2  -1 
2455870.504422 0.000000 0.000000 42.685524 0.005797 42.605756 0.073614 42.679369 0.079768 0.005797 0.006155 0.005797 0.000909   1   2  -1 
2455870.504422 0.000000 0.000000 42.685524 0.005797 42.605756 0.073614 42.679369 0.079768 0.005797 0.006155 0.005797 0.000909   1   2  -1 
2455874.532217 0.000000 0.000000 42.651657 0.008291 42.605756 0.049406 42.655162 0.045901 0.008291 -0.003505 0.008291 0.000909   1   2  -1 
2455874.532217 0.000000 0.000000 42.651657 0.008291 42.605756 0.049406 42.655162 0.045901 0.008291 -0.003505 0.008291 0.000909   1   2  -1 
2455874.537437 0.000000 0.000000 42.673521 0.011220 42.605756 0.049357 42.655112 0.067765 0.011220 0.018409 0.011220 0.000909   1   2  -1 
2455874.537437 0.000000 0.000000 42.673521 0.011220 42.605756 0.049357 42.655112 0.067765 0.011220 0.018409 0.011220 0.000909   1   2  -1 
2455878.549549 0.000000 0.000000 42.671550 0.010981 42.605756 0.082011 42.687767 0.065794 0.010981 -0.016217 0.010981 0.000909   1   2  -1 
2455878.549549 0.000000 0.000000 42.671550 0.010981 42.605756 0.082011 42.687767 0.065794 0.010981 -0.016217 0.010981 0.000909   1   2  -1 
2455878.554965 0.000000 0.000000 42.703862 0.010662 42.605756 0.081953 42.687708 0.098106 0.010662 0.016154 0.010662 0.000909   1   2  -1 
2455878.554965 0.000000 0.000000 42.703862 0.010662 42.605756 0.081953 42.687708 0.098106 0.010662 0.016154 0.010662 0.000909   1   2  -1 
2456020.892743 0.000000 0.000000 42.629873 0.006459 42.605756 0.021601 42.627356 0.024117 0.006459 0.002517 0.006459 0.000909   1   2  -1 
2456020.892743 0.000000 0.000000 42.629873 0.006459 42.605756 0.021601 42.627356 0.024117 0.006459 0.002517 0.006459 0.000909   1   2  -1 
2456020.898160 0.000000 0.000000 42.624744 0.006305 42.605756 0.021699 42.627455 0.018988 0.006305 -0.002711 0.006305 0.000909   1   2  -1 
2456020.898160 0.000000 0.000000 42.624744 0.006305 42.605756 0.021699 42.627455 0.018988 0.006305 -0.002711 0.006305 0.000909   1   2  -1 
2456022.889397 0.000000 0.000000 42.626724 0.008025 42.605756 0.018323 42.624079 0.020968 0.008025 0.002645 0.008025 0.000909   1   2  -1 
2456022.889397 0.000000 0.000000 42.626724 0.008025 42.605756 0.018323 42.624079 0.020968 0.008025 0.002645 0.008025 0.000909   1   2  -1 
2456022.894884 0.000000 0.000000 42.623106 0.008980 42.605756 0.018260 42.624015 0.017350 0.008980 -0.000909 0.008980 0.000909   1   2  -1 
2456022.894884 0.000000 0.000000 42.623106 0.008980 42.605756 0.018260 42.624015 0.017350 0.008980 -0.000909 0.008980 0.000909   1   2  -1 
2456024.891353 0.000000 0.000000 42.624775 0.006917 42.605756 0.022945 42.628700 0.019019 0.006917 -0.003925 0.006917 0.000909   1   2  -1 
2456024.891353 0.000000 0.000000 42.624775 0.006917 42.605756 0.022945 42.628700 0.019019 0.006917 -0.003925 0.006917 0.000909   1   2  -1 
2456024.897048 0.000000 0.000000 42.630184 0.006568 42.605756 0.023053 42.628808 0.024428 0.006568 0.001376 0.006568 0.000909   1   2  -1 
2456024.897048 0.000000 0.000000 42.630184 0.006568 42.605756 0.023053 42.628808 0.024428 0.006568 0.001376 0.006568 0.000909   1   2  -1 
2456028.922257 0.000000 0.000000 42.630176 0.005572 42.605756 0.024401 42.630157 0.024420 0.005572 0.000019 0.005572 0.000909   1   2  -1 
2456028.922257 0.000000 0.000000 42.630176 0.005572 42.605756 0.024401 42.630157 0.024420 0.005572 0.000019 0.005572 0.000909   1   2  -1 
2456029.892891 0.000000 0.000000 42.610904 0.008770 42.605756 0.005193 42.610949 0.005148 0.008770 -0.000045 0.008770 0.000909   1   2  -1 
2456029.892891 0.000000 0.000000 42.610904 0.008770 42.605756 0.005193 42.610949 0.005148 0.008770 -0.000045 0.008770 0.000909   1   2  -1 
2456029.898354 0.000000 0.000000 42.604951 0.008379 42.605756 0.005124 42.610880 -0.000805 0.008379 -0.005929 0.008379 0.000909   1   2  -1 
2456029.898354 0.000000 0.000000 42.604951 0.008379 42.605756 0.005124 42.610880 -0.000805 0.008379 -0.005929 0.008379 0.000909   1   2  -1 
2456031.852968 0.000000 0.000000 42.616597 0.006597 42.605756 0.009130 42.614885 0.010841 0.006597 0.001712 0.006597 0.000909   1   2  -1 
2456031.852968 0.000000 0.000000 42.616597 0.006597 42.605756 0.009130 42.614885 0.010841 0.006597 0.001712 0.006597 0.000909   1   2  -1 
2456052.857065 0.000000 0.000000 42.633226 0.006557 42.605756 0.027945 42.633701 0.027470 0.006557 -0.000475 0.006557 0.000909   1   2  -1 
2456052.857065 0.000000 0.000000 42.633226 0.006557 42.605756 0.027945 42.633701 0.027470 0.006557 -0.000475 0.006557 0.000909   1   2  -1 
2456052.862482 0.000000 0.000000 42.630394 0.006355 42.605756 0.028027 42.633783 0.024638 0.006355 -0.003389 0.006355 0.000909   1   2  -1 
2456052.862482 0.000000 0.000000 42.630394 0.006355 42.605756 0.028027 42.633783 0.024638 0.006355 -0.003389 0.006355 0.000909   1   2  -1 
2456053.851639 0.000000 0.000000 42.653821 0.007059 42.605756 0.040457 42.646212 0.048065 0.007059 0.007609 0.007059 0.000909   1   2  -1 
2456053.851639 0.000000 0.000000 42.653821 0.007059 42.605756 0.040457 42.646212 0.048065 0.007059 0.007609 0.007059 0.000909   1   2  -1 
2456053.857114 0.000000 0.000000 42.652573 0.006686 42.605756 0.040514 42.646270 0.046817 0.006686 0.006303 0.006686 0.000909   1   2  -1 
2456053.857114 0.000000 0.000000 42.652573 0.006686 42.605756 0.040514 42.646270 0.046817 0.006686 0.006303 0.006686 0.000909   1   2  -1 
2456054.839916 0.000000 0.000000 42.645007 0.004301 42.605756 0.048729 42.654485 0.039251 0.004301 -0.009478 0.004301 0.000909   1   2  -1 
2456054.839916 0.000000 0.000000 42.645007 0.004301 42.605756 0.048729 42.654485 0.039251 0.004301 -0.009478 0.004301 0.000909   1   2  -1 
2456055.886865 0.000000 0.000000 42.663559 0.004112 42.605756 0.049109 42.654864 0.057803 0.004112 0.008695 0.004112 0.000909   1   2  -1 
2456055.886865 0.000000 0.000000 42.663559 0.004112 42.605756 0.049109 42.654864 0.057803 0.004112 0.008695 0.004112 0.000909   1   2  -1 
2456056.818146 0.000000 0.000000 42.639756 0.007207 42.605756 0.037266 42.643021 0.034000 0.007207 -0.003265 0.007207 0.000909   1   2  -1 
2456056.818146 0.000000 0.000000 42.639756 0.007207 42.605756 0.037266 42.643021 0.034000 0.007207 -0.003265 0.007207 0.000909   1   2  -1 
2456056.823714 0.000000 0.000000 42.635451 0.006567 42.605756 0.037160 42.642915 0.029695 0.006567 -0.007464 0.006567 0.000909   1   2  -1 
2456056.823714 0.000000 0.000000 42.635451 0.006567 42.605756 0.037160 42.642915 0.029695 0.006567 -0.007464 0.006567 0.000909   1   2  -1 
2456078.843392 0.000000 0.000000 42.604491 0.005225 42.605756 0.000755 42.606511 -0.001265 0.005225 -0.002020 0.005225 0.000909   1   2  -1 
2456078.843392 0.000000 0.000000 42.604491 0.005225 42.605756 0.000755 42.606511 -0.001265 0.005225 -0.002020 0.005225 0.000909   1   2  -1 
2456078.849075 0.000000 0.000000 42.605711 0.005107 42.605756 0.000735 42.606491 -0.000045 0.005107 -0.000780 0.005107 0.000909   1   2  -1 
2456078.849075 0.000000 0.000000 42.605711 0.005107 42.605756 0.000735 42.606491 -0.000045 0.005107 -0.000780 0.005107 0.000909   1   2  -1 
2456081.832748 0.000000 0.000000 42.591563 0.006423 42.605756 -0.007995 42.597761 -0.014193 0.006423 -0.006198 0.006423 0.000909   1   2  -1 
2456081.832748 0.000000 0.000000 42.591563 0.006423 42.605756 -0.007995 42.597761 -0.014193 0.006423 -0.006198 0.006423 0.000909   1   2  -1 
2456081.838651 0.000000 0.000000 42.598531 0.005224 42.605756 -0.008016 42.597739 -0.007225 0.005224 0.000792 0.005224 0.000909   1   2  -1 
2456081.838651 0.000000 0.000000 42.598531 0.005224 42.605756 -0.008016 42.597739 -0.007225 0.005224 0.000792 0.005224 0.000909   1   2  -1 
2456085.820521 0.000000 0.000000 42.619245 0.007088 42.605756 0.015354 42.621110 0.013489 0.007088 -0.001865 0.007088 0.000909   1   2  -1 
2456085.820521 0.000000 0.000000 42.619245 0.007088 42.605756 0.015354 42.621110 0.013489 0.007088 -0.001865 0.007088 0.000909   1   2  -1 
2456085.826250 0.000000 0.000000 42.620028 0.007406 42.605756 0.015466 42.621222 0.014272 0.007406 -0.001194 0.007406 0.000909   1   2  -1 
2456085.826250 0.000000 0.000000 42.620028 0.007406 42.605756 0.015466 42.621222 0.014272 0.007406 -0.001194 0.007406 0.000909   1   2  -1 
2456088.742747 0.000000 0.000000 42.633419 0.004433 42.605756 0.026105 42.631860 0.027663 0.004433 0.001559 0.004433 0.000909   1   2  -1 
2456088.742747 0.000000 0.000000 42.633419 0.004433 42.605756 0.026105 42.631860 0.027663 0.004433 0.001559 0.004433 0.000909   1   2  -1 
2456092.900369 0.000000 0.000000 42.637508 0.005074 42.605756 0.030159 42.635914 0.031752 0.005074 0.001594 0.005074 0.000909   1   2  -1 
2456092.900369 0.000000 0.000000 42.637508 0.005074 42.605756 0.030159 42.635914 0.031752 0.005074 0.001594 0.005074 0.000909   1   2  -1 
2456115.815540 0.000000 0.000000 42.578729 0.006263 42.605756 -0.026961 42.578795 -0.027027 0.006263 -0.000066 0.006263 0.000909   1   2  -1 
2456115.815540 0.000000 0.000000 42.578729 0.006263 42.605756 -0.026961 42.578795 -0.027027 0.006263 -0.000066 0.006263 0.000909   1   2  -1 
2456118.809984 0.000000 0.000000 42.584098 0.004138 42.605756 -0.021158 42.584598 -0.021658 0.004138 -0.000500 0.004138 0.000909   1   2  -1 
2456118.809984 0.000000 0.000000 42.584098 0.004138 42.605756 -0.021158 42.584598 -0.021658 0.004138 -0.000500 0.004138 0.000909   1   2  -1 
2456121.820367 0.000000 0.000000 42.591470 0.011391 42.605756 -0.012224 42.593531 -0.014286 0.011391 -0.002061 0.011391 0.000909   1   2  -1 
2456121.820367 0.000000 0.000000 42.591470 0.011391 42.605756 -0.012224 42.593531 -0.014286 0.011391 -0.002061 0.011391 0.000909   1   2  -1 
2456149.686124 0.000000 0.000000 42.638810 0.006818 42.605756 0.036133 42.641888 0.033054 0.006818 -0.003078 0.006818 0.000909   1   2  -1 
2456149.686124 0.000000 0.000000 42.638810 0.006818 42.605756 0.036133 42.641888 0.033054 0.006818 -0.003078 0.006818 0.000909   1   2  -1 
2456154.723489 0.000000 0.000000 42.572315 0.006980 42.605756 -0.037055 42.568701 -0.033441 0.006980 0.003614 0.006980 0.000909   1   2  -1 
2456154.723489 0.000000 0.000000 42.572315 0.006980 42.605756 -0.037055 42.568701 -0.033441 0.006980 0.003614 0.006980 0.000909   1   2  -1 
2456154.728442 0.000000 0.000000 42.559678 0.010341 42.605756 -0.037233 42.568522 -0.046078 0.010341 -0.008844 0.010341 0.000909   1   2  -1 
2456154.728442 0.000000 0.000000 42.559678 0.010341 42.605756 -0.037233 42.568522 -0.046078 0.010341 -0.008844 0.010341 0.000909   1   2  -1 
2456166.527551 0.000000 0.000000 42.573583 0.005208 42.605756 -0.032468 42.573288 -0.032173 0.005208 0.000295 0.005208 0.000909   1   2  -1 
2456166.527551 0.000000 0.000000 42.573583 0.005208 42.605756 -0.032468 42.573288 -0.032173 0.005208 0.000295 0.005208 0.000909   1   2  -1 
2456168.609469 0.000000 0.000000 42.612504 0.007838 42.605756 0.013944 42.619699 0.006748 0.007838 -0.007195 0.007838 0.000909   1   2  -1 
2456168.609469 0.000000 0.000000 42.612504 0.007838 42.605756 0.013944 42.619699 0.006748 0.007838 -0.007195 0.007838 0.000909   1   2  -1 
2456168.615105 0.000000 0.000000 42.622786 0.006922 42.605756 0.014147 42.619903 0.017030 0.006922 0.002883 0.006922 0.000909   1   2  -1 
2456168.615105 0.000000 0.000000 42.622786 0.006922 42.605756 0.014147 42.619903 0.017030 0.006922 0.002883 0.006922 0.000909   1   2  -1 
2456171.510563 0.000000 0.000000 42.630465 0.004227 42.605756 0.025133 42.630889 0.024709 0.004227 -0.000424 0.004227 0.000909   1   2  -1 
2456171.510563 0.000000 0.000000 42.630465 0.004227 42.605756 0.025133 42.630889 0.024709 0.004227 -0.000424 0.004227 0.000909   1   2  -1 
2456173.694840 0.000000 0.000000 42.622631 0.007020 42.605756 0.014116 42.619871 0.016875 0.007020 0.002760 0.007020 0.000909   1   2  -1 
2456173.694840 0.000000 0.000000 42.622631 0.007020 42.605756 0.014116 42.619871 0.016875 0.007020 0.002760 0.007020 0.000909   1   2  -1 
2456181.612869 0.000000 0.000000 42.627530 0.004917 42.605756 0.021053 42.626809 0.021774 0.004917 0.000721 0.004917 0.000909   1   2  -1 
2456181.612869 0.000000 0.000000 42.627530 0.004917 42.605756 0.021053 42.626809 0.021774 0.004917 0.000721 0.004917 0.000909   1   2  -1 
2456186.623747 0.000000 0.000000 42.594316 0.004343 42.605756 -0.012289 42.593466 -0.011440 0.004343 0.000850 0.004343 0.000909   1   2  -1 
2456186.623747 0.000000 0.000000 42.594316 0.004343 42.605756 -0.012289 42.593466 -0.011440 0.004343 0.000850 0.004343 0.000909   1   2  -1 
2456189.666838 0.000000 0.000000 42.601510 0.013795 42.605756 -0.003925 42.601831 -0.004246 0.013795 -0.000321 0.013795 0.000909   1   2  -1 
2456189.666838 0.000000 0.000000 42.601510 0.013795 42.605756 -0.003925 42.601831 -0.004246 0.013795 -0.000321 0.013795 0.000909   1   2  -1 
2456190.592865 0.000000 0.000000 42.579721 0.007046 42.605756 -0.018390 42.587365 -0.026035 0.007046 -0.007644 0.007046 0.000909   1   2  -1 
2456190.592865 0.000000 0.000000 42.579721 0.007046 42.605756 -0.018390 42.587365 -0.026035 0.007046 -0.007644 0.007046 0.000909   1   2  -1 
2456190.598548 0.000000 0.000000 42.593684 0.006619 42.605756 -0.018429 42.587326 -0.012072 0.006619 0.006358 0.006619 0.000909   1   2  -1 
2456190.598548 0.000000 0.000000 42.593684 0.006619 42.605756 -0.018429 42.587326 -0.012072 0.006619 0.006358 0.006619 0.000909   1   2  -1 
2456195.586272 0.000000 0.000000 42.592740 0.007357 42.605756 -0.014691 42.591064 -0.013016 0.007357 0.001676 0.007357 0.000909   1   2  -1 
2456195.586272 0.000000 0.000000 42.592740 0.007357 42.605756 -0.014691 42.591064 -0.013016 0.007357 0.001676 0.007357 0.000909   1   2  -1 
2456195.591793 0.000000 0.000000 42.581765 0.007366 42.605756 -0.014953 42.590802 -0.023991 0.007366 -0.009037 0.007366 0.000909   1   2  -1 
2456195.591793 0.000000 0.000000 42.581765 0.007366 42.605756 -0.014953 42.590802 -0.023991 0.007366 -0.009037 0.007366 0.000909   1   2  -1 
2456198.564091 0.000000 0.000000 42.538874 0.009572 42.605756 -0.060528 42.545228 -0.066882 0.009572 -0.006354 0.009572 0.000909   1   2  -1 
2456198.564091 0.000000 0.000000 42.538874 0.009572 42.605756 -0.060528 42.545228 -0.066882 0.009572 -0.006354 0.009572 0.000909   1   2  -1 
2456198.569866 0.000000 0.000000 42.531034 0.010092 42.605756 -0.060381 42.545375 -0.074722 0.010092 -0.014341 0.010092 0.000909   1   2  -1 
2456198.569866 0.000000 0.000000 42.531034 0.010092 42.605756 -0.060381 42.545375 -0.074722 0.010092 -0.014341 0.010092 0.000909   1   2  -1 
2456204.547188 0.000000 0.000000 42.555310 0.006307 42.605756 -0.045665 42.560090 -0.050446 0.006307 -0.004780 0.006307 0.000909   1   2  -1 
2456204.547188 0.000000 0.000000 42.555310 0.006307 42.605756 -0.045665 42.560090 -0.050446 0.006307 -0.004780 0.006307 0.000909   1   2  -1 
2456205.523197 0.000000 0.000000 42.601869 0.003610 42.605756 -0.005130 42.600626 -0.003887 0.003610 0.001243 0.003610 0.000909   1   2  -1 
2456205.523197 0.000000 0.000000 42.601869 0.003610 42.605756 -0.005130 42.600626 -0.003887 0.003610 0.001243 0.003610 0.000909   1   2  -1 
2456208.615737 0.000000 0.000000 42.597299 0.007601 42.605756 -0.003635 42.602121 -0.008457 0.007601 -0.004822 0.007601 0.000909   1   2  -1 
2456208.615737 0.000000 0.000000 42.597299 0.007601 42.605756 -0.003635 42.602121 -0.008457 0.007601 -0.004822 0.007601 0.000909   1   2  -1 
2456209.540800 0.000000 0.000000 42.585634 0.008502 42.605756 -0.021653 42.584102 -0.020122 0.008502 0.001532 0.008502 0.000909   1   2  -1 
2456209.540800 0.000000 0.000000 42.585634 0.008502 42.605756 -0.021653 42.584102 -0.020122 0.008502 0.001532 0.008502 0.000909   1   2  -1 
2456210.532155 0.000000 0.000000 42.587105 0.006973 42.605756 -0.023522 42.582233 -0.018651 0.006973 0.004872 0.006973 0.000909   1   2  -1 
2456210.532155 0.000000 0.000000 42.587105 0.006973 42.605756 -0.023522 42.582233 -0.018651 0.006973 0.004872 0.006973 0.000909   1   2  -1 
2456212.523498 0.000000 0.000000 42.606114 0.003869 42.605756 -0.001879 42.603877 0.000358 0.003869 0.002237 0.003869 0.000909   1   2  -1 
2456212.523498 0.000000 0.000000 42.606114 0.003869 42.605756 -0.001879 42.603877 0.000358 0.003869 0.002237 0.003869 0.000909   1   2  -1 
2456217.523649 0.000000 0.000000 42.555876 0.005978 42.605756 -0.053889 42.551866 -0.049880 0.005978 0.004010 0.005978 0.000909   1   2  -1 
2456217.523649 0.000000 0.000000 42.555876 0.005978 42.605756 -0.053889 42.551866 -0.049880 0.005978 0.004010 0.005978 0.000909   1   2  -1 
2456217.529482 0.000000 0.000000 42.563235 0.005837 42.605756 -0.053881 42.551874 -0.042521 0.005837 0.011361 0.005837 0.000909   1   2  -1 
2456217.529482 0.000000 0.000000 42.563235 0.005837 42.605756 -0.053881 42.551874 -0.042521 0.005837 0.011361 0.005837 0.000909   1   2  -1 
2456218.587951 0.000000 0.000000 42.530384 0.006320 42.605756 -0.052206 42.553550 -0.075372 0.006320 -0.023166 0.006320 0.000909   1   2  -1 
2456218.587951 0.000000 0.000000 42.530384 0.006320 42.605756 -0.052206 42.553550 -0.075372 0.006320 -0.023166 0.006320 0.000909   1   2  -1 
2456219.500319 0.000000 0.000000 42.560925 0.003999 42.605756 -0.052189 42.553567 -0.044831 0.003999 0.007358 0.003999 0.000909   1   2  -1 
2456219.500319 0.000000 0.000000 42.560925 0.003999 42.605756 -0.052189 42.553567 -0.044831 0.003999 0.007358 0.003999 0.000909   1   2  -1 
2456220.491327 0.000000 0.000000 42.555732 0.006319 42.605756 -0.052612 42.553143 -0.050024 0.006319 0.002589 0.006319 0.000909   1   2  -1 
2456220.491327 0.000000 0.000000 42.555732 0.006319 42.605756 -0.052612 42.553143 -0.050024 0.006319 0.002589 0.006319 0.000909   1   2  -1 
2456220.514069 0.000000 0.000000 42.551119 0.005169 42.605756 -0.052605 42.553150 -0.054637 0.005169 -0.002031 0.005169 0.000909   1   2  -1 
2456220.514069 0.000000 0.000000 42.551119 0.005169 42.605756 -0.052605 42.553150 -0.054637 0.005169 -0.002031 0.005169 0.000909   1   2  -1 
2456409.867093 0.000000 0.000000 42.504921 0.009962 42.605756 -0.105214 42.500541 -0.100835 0.009962 0.004380 0.009962 0.000909   1   2  -1 
2456409.867093 0.000000 0.000000 42.504921 0.009962 42.605756 -0.105214 42.500541 -0.100835 0.009962 0.004380 0.009962 0.000909   1   2  -1 
2456409.872719 0.000000 0.000000 42.501423 0.009605 42.605756 -0.106033 42.499722 -0.104333 0.009605 0.001701 0.009605 0.000909   1   2  -1 
2456409.872719 0.000000 0.000000 42.501423 0.009605 42.605756 -0.106033 42.499722 -0.104333 0.009605 0.001701 0.009605 0.000909   1   2  -1 
2456410.795661 0.000000 0.000000 42.228742 0.052784 42.605756 -0.210555 42.395200 -0.377014 0.052784 -0.166458 0.052784 0.000909   1   2  -1 
2456410.795661 0.000000 0.000000 42.228742 0.052784 42.605756 -0.210555 42.395200 -0.377014 0.052784 -0.166458 0.052784 0.000909   1   2  -1 
2456410.804261 0.000000 0.000000 42.240527 0.039171 42.605756 -0.211151 42.394604 -0.365229 0.039171 -0.154077 0.039171 0.000909   1   2  -1 
2456410.804261 0.000000 0.000000 42.240527 0.039171 42.605756 -0.211151 42.394604 -0.365229 0.039171 -0.154077 0.039171 0.000909   1   2  -1 
2456416.824768 0.000000 0.000000 42.571677 0.008881 42.605756 -0.033380 42.572376 -0.034079 0.008881 -0.000699 0.008881 0.000909   1   2  -1 
2456416.824768 0.000000 0.000000 42.571677 0.008881 42.605756 -0.033380 42.572376 -0.034079 0.008881 -0.000699 0.008881 0.000909   1   2  -1 
2456416.828565 0.000000 0.000000 42.579292 0.008808 42.605756 -0.033648 42.572107 -0.026464 0.008808 0.007185 0.008808 0.000909   1   2  -1 
2456416.828565 0.000000 0.000000 42.579292 0.008808 42.605756 -0.033648 42.572107 -0.026464 0.008808 0.007185 0.008808 0.000909   1   2  -1 
2456416.832443 0.000000 0.000000 42.563730 0.009147 42.605756 -0.033922 42.571833 -0.042026 0.009147 -0.008103 0.009147 0.000909   1   2  -1 
2456416.832443 0.000000 0.000000 42.563730 0.009147 42.605756 -0.033922 42.571833 -0.042026 0.009147 -0.008103 0.009147 0.000909   1   2  -1 
2456432.884915 0.000000 0.000000 42.635039 0.006358 42.605756 0.027521 42.633277 0.029283 0.006358 0.001762 0.006358 0.000909   1   2  -1 
2456432.884915 0.000000 0.000000 42.635039 0.006358 42.605756 0.027521 42.633277 0.029283 0.006358 0.001762 0.006358 0.000909   1   2  -1 
2456432.890124 0.000000 0.000000 42.632258 0.007274 42.605756 0.027537 42.633292 0.026502 0.007274 -0.001034 0.007274 0.000909   1   2  -1 
2456432.890124 0.000000 0.000000 42.632258 0.007274 42.605756 0.027537 42.633292 0.026502 0.007274 -0.001034 0.007274 0.000909   1   2  -1 
2456433.905268 0.000000 0.000000 42.619879 0.011919 42.605756 0.022602 42.628357 0.014123 0.011919 -0.008478 0.011919 0.000909   1   2  -1 
2456433.905268 0.000000 0.000000 42.619879 0.011919 42.605756 0.022602 42.628357 0.014123 0.011919 -0.008478 0.011919 0.000909   1   2  -1 
2456433.910395 0.000000 0.000000 42.618201 0.012934 42.605756 0.022546 42.628302 0.012445 0.012934 -0.010101 0.012934 0.000909   1   2  -1 
2456433.910395 0.000000 0.000000 42.618201 0.012934 42.605756 0.022546 42.628302 0.012445 0.012934 -0.010101 0.012934 0.000909   1   2  -1 
2456434.892458 0.000000 0.000000 42.623067 0.007823 42.605756 0.010618 42.616374 0.017311 0.007823 0.006693 0.007823 0.000909   1   2  -1 
2456434.892458 0.000000 0.000000 42.623067 0.007823 42.605756 0.010618 42.616374 0.017311 0.007823 0.006693 0.007823 0.000909   1   2  -1 
2456434.898129 0.000000 0.000000 42.624313 0.007566 42.605756 0.010553 42.616309 0.018557 0.007566 0.008004 0.007566 0.000909   1   2  -1 
2456434.898129 0.000000 0.000000 42.624313 0.007566 42.605756 0.010553 42.616309 0.018557 0.007566 0.008004 0.007566 0.000909   1   2  -1 
2456437.889188 0.000000 0.000000 42.594218 0.006467 42.605756 -0.003709 42.602047 -0.011538 0.006467 -0.007829 0.006467 0.000909   1   2  -1 
2456437.889188 0.000000 0.000000 42.594218 0.006467 42.605756 -0.003709 42.602047 -0.011538 0.006467 -0.007829 0.006467 0.000909   1   2  -1 
2456437.894720 0.000000 0.000000 42.611013 0.005936 42.605756 -0.003742 42.602014 0.005257 0.005936 0.008999 0.005936 0.000909   1   2  -1 
2456437.894720 0.000000 0.000000 42.611013 0.005936 42.605756 -0.003742 42.602014 0.005257 0.005936 0.008999 0.005936 0.000909   1   2  -1 
2456438.860772 0.000000 0.000000 42.592966 0.005170 42.605756 -0.012226 42.593529 -0.012790 0.005170 -0.000563 0.005170 0.000909   1   2  -1 
2456438.860772 0.000000 0.000000 42.592966 0.005170 42.605756 -0.012226 42.593529 -0.012790 0.005170 -0.000563 0.005170 0.000909   1   2  -1 
2456441.860316 0.000000 0.000000 42.577927 0.006828 42.605756 -0.030936 42.574820 -0.027829 0.006828 0.003107 0.006828 0.000909   1   2  -1 
2456441.860316 0.000000 0.000000 42.577927 0.006828 42.605756 -0.030936 42.574820 -0.027829 0.006828 0.003107 0.006828 0.000909   1   2  -1 
2456454.832361 0.000000 0.000000 42.567912 0.005722 42.605756 -0.030738 42.575018 -0.037844 0.005722 -0.007106 0.005722 0.000909   1   2  -1 
2456454.832361 0.000000 0.000000 42.567912 0.005722 42.605756 -0.030738 42.575018 -0.037844 0.005722 -0.007106 0.005722 0.000909   1   2  -1 
2456454.837894 0.000000 0.000000 42.582769 0.005742 42.605756 -0.030653 42.575103 -0.022987 0.005742 0.007666 0.005742 0.000909   1   2  -1 
2456454.837894 0.000000 0.000000 42.582769 0.005742 42.605756 -0.030653 42.575103 -0.022987 0.005742 0.007666 0.005742 0.000909   1   2  -1 
2456467.823190 0.000000 0.000000 42.613776 0.010131 42.605756 0.010600 42.616356 0.008020 0.010131 -0.002580 0.010131 0.000909   1   2  -1 
2456467.823190 0.000000 0.000000 42.613776 0.010131 42.605756 0.010600 42.616356 0.008020 0.010131 -0.002580 0.010131 0.000909   1   2  -1 
2456467.826929 0.000000 0.000000 42.606351 0.008983 42.605756 0.010633 42.616388 0.000595 0.008983 -0.010037 0.008983 0.000909   1   2  -1 
2456467.826929 0.000000 0.000000 42.606351 0.008983 42.605756 0.010633 42.616388 0.000595 0.008983 -0.010037 0.008983 0.000909   1   2  -1 
2456467.830702 0.000000 0.000000 42.629088 0.009568 42.605756 0.010664 42.616420 0.023332 0.009568 0.012668 0.009568 0.000909   1   2  -1 
2456467.830702 0.000000 0.000000 42.629088 0.009568 42.605756 0.010664 42.616420 0.023332 0.009568 0.012668 0.009568 0.000909   1   2  -1 
2456473.860840 0.000000 0.000000 42.630130 0.008482 42.605756 0.030074 42.635830 0.024374 0.008482 -0.005700 0.008482 0.000909   1   2  -1 
2456473.860840 0.000000 0.000000 42.630130 0.008482 42.605756 0.030074 42.635830 0.024374 0.008482 -0.005700 0.008482 0.000909   1   2  -1 
2456473.864821 0.000000 0.000000 42.654619 0.008205 42.605756 0.030235 42.635991 0.048863 0.008205 0.018628 0.008205 0.000909   1   2  -1 
2456473.864821 0.000000 0.000000 42.654619 0.008205 42.605756 0.030235 42.635991 0.048863 0.008205 0.018628 0.008205 0.000909   1   2  -1 
2456473.868595 0.000000 0.000000 42.621614 0.008866 42.605756 0.030387 42.636143 0.015858 0.008866 -0.014529 0.008866 0.000909   1   2  -1 
2456473.868595 0.000000 0.000000 42.621614 0.008866 42.605756 0.030387 42.636143 0.015858 0.008866 -0.014529 0.008866 0.000909   1   2  -1 
2456480.776552 0.000000 0.000000 42.614321 0.008040 42.605756 0.006200 42.611955 0.008565 0.008040 0.002366 0.008040 0.000909   1   2  -1 
2456480.776552 0.000000 0.000000 42.614321 0.008040 42.605756 0.006200 42.611955 0.008565 0.008040 0.002366 0.008040 0.000909   1   2  -1 
2456480.782281 0.000000 0.000000 42.612593 0.007466 42.605756 0.006268 42.612023 0.006837 0.007466 0.000570 0.007466 0.000909   1   2  -1 
2456480.782281 0.000000 0.000000 42.612593 0.007466 42.605756 0.006268 42.612023 0.006837 0.007466 0.000570 0.007466 0.000909   1   2  -1 
2456481.631506 0.000000 0.000000 42.612326 0.010011 42.605756 0.004254 42.610010 0.006570 0.010011 0.002316 0.010011 0.000909   1   2  -1 
2456481.631506 0.000000 0.000000 42.612326 0.010011 42.605756 0.004254 42.610010 0.006570 0.010011 0.002316 0.010011 0.000909   1   2  -1 
2456481.637189 0.000000 0.000000 42.613472 0.010161 42.605756 0.004169 42.609924 0.007716 0.010161 0.003548 0.010161 0.000909   1   2  -1 
2456481.637189 0.000000 0.000000 42.613472 0.010161 42.605756 0.004169 42.609924 0.007716 0.010161 0.003548 0.010161 0.000909   1   2  -1 
2456501.599929 0.000000 0.000000 42.588201 0.005096 42.605756 -0.017886 42.587869 -0.017555 0.005096 0.000332 0.005096 0.000909   1   2  -1 
2456501.599929 0.000000 0.000000 42.588201 0.005096 42.605756 -0.017886 42.587869 -0.017555 0.005096 0.000332 0.005096 0.000909   1   2  -1 
2456523.744316 0.000000 0.000000 42.602212 0.004579 42.605756 -0.003708 42.602048 -0.003544 0.004579 0.000164 0.004579 0.000909   1   2  -1 
2456523.744316 0.000000 0.000000 42.602212 0.004579 42.605756 -0.003708 42.602048 -0.003544 0.004579 0.000164 0.004579 0.000909   1   2  -1 
2456524.691276 0.000000 0.000000 42.630710 0.005673 42.605756 0.018959 42.624714 0.024954 0.005673 0.005996 0.005673 0.000909   1   2  -1 
2456524.691276 0.000000 0.000000 42.630710 0.005673 42.605756 0.018959 42.624714 0.024954 0.005673 0.005996 0.005673 0.000909   1   2  -1 
2456524.696693 0.000000 0.000000 42.616798 0.005783 42.605756 0.019019 42.624774 0.011042 0.005783 -0.007976 0.005783 0.000909   1   2  -1 
2456524.696693 0.000000 0.000000 42.616798 0.005783 42.605756 0.019019 42.624774 0.011042 0.005783 -0.007976 0.005783 0.000909   1   2  -1 
2456525.743740 0.000000 0.000000 42.620564 0.005145 42.605756 0.014335 42.620090 0.014808 0.005145 0.000474 0.005145 0.000909   1   2  -1 
2456525.743740 0.000000 0.000000 42.620564 0.005145 42.605756 0.014335 42.620090 0.014808 0.005145 0.000474 0.005145 0.000909   1   2  -1 
2456569.534062 0.000000 0.000000 42.607698 0.008689 42.605756 0.001345 42.607100 0.001942 0.008689 0.000598 0.008689 0.000909   1   2  -1 
2456569.534062 0.000000 0.000000 42.607698 0.008689 42.605756 0.001345 42.607100 0.001942 0.008689 0.000598 0.008689 0.000909   1   2  -1 
2456585.564665 0.000000 0.000000 42.624518 0.006904 42.605756 0.024751 42.630507 0.018762 0.006904 -0.005989 0.006904 0.000909   1   2  -1 
2456585.564665 0.000000 0.000000 42.624518 0.006904 42.605756 0.024751 42.630507 0.018762 0.006904 -0.005989 0.006904 0.000909   1   2  -1 
2456585.568473 0.000000 0.000000 42.634146 0.006687 42.605756 0.024807 42.630562 0.028390 0.006687 0.003584 0.006687 0.000909   1   2  -1 
2456585.568473 0.000000 0.000000 42.634146 0.006687 42.605756 0.024807 42.630562 0.028390 0.006687 0.003584 0.006687 0.000909   1   2  -1 
2456585.572350 0.000000 0.000000 42.633798 0.006827 42.605756 0.024863 42.630619 0.028042 0.006827 0.003179 0.006827 0.000909   1   2  -1 
2456585.572350 0.000000 0.000000 42.633798 0.006827 42.605756 0.024863 42.630619 0.028042 0.006827 0.003179 0.006827 0.000909   1   2  -1 
2456586.547688 0.000000 0.000000 42.630664 0.007492 42.605756 0.026857 42.632613 0.024908 0.007492 -0.001949 0.007492 0.000909   1   2  -1 
2456586.547688 0.000000 0.000000 42.630664 0.007492 42.605756 0.026857 42.632613 0.024908 0.007492 -0.001949 0.007492 0.000909   1   2  -1 
2456586.551530 0.000000 0.000000 42.635725 0.008012 42.605756 0.026823 42.632578 0.029969 0.008012 0.003147 0.008012 0.000909   1   2  -1 
2456586.551530 0.000000 0.000000 42.635725 0.008012 42.605756 0.026823 42.632578 0.029969 0.008012 0.003147 0.008012 0.000909   1   2  -1 
2456586.555442 0.000000 0.000000 42.638075 0.008313 42.605756 0.026788 42.632543 0.032319 0.008313 0.005532 0.008313 0.000909   1   2  -1 
2456586.555442 0.000000 0.000000 42.638075 0.008313 42.605756 0.026788 42.632543 0.032319 0.008313 0.005532 0.008313 0.000909   1   2  -1 
2456590.510961 0.000000 0.000000 42.643093 0.011034 42.605756 0.047594 42.653350 0.037337 0.011034 -0.010257 0.011034 0.000909   1   2  -1 
2456590.510961 0.000000 0.000000 42.643093 0.011034 42.605756 0.047594 42.653350 0.037337 0.011034 -0.010257 0.011034 0.000909   1   2  -1 
2456590.514943 0.000000 0.000000 42.655811 0.012286 42.605756 0.047709 42.653465 0.050055 0.012286 0.002346 0.012286 0.000909   1   2  -1 
2456590.514943 0.000000 0.000000 42.655811 0.012286 42.605756 0.047709 42.653465 0.050055 0.012286 0.002346 0.012286 0.000909   1   2  -1 
2456590.518611 0.000000 0.000000 42.663085 0.010390 42.605756 0.047815 42.653571 0.057329 0.010390 0.009514 0.010390 0.000909   1   2  -1 
2456590.518611 0.000000 0.000000 42.663085 0.010390 42.605756 0.047815 42.653571 0.057329 0.010390 0.009514 0.010390 0.000909   1   2  -1 
2456765.917789 0.000000 0.000000 42.624784 0.005746 42.605756 0.017917 42.623672 0.019028 0.005746 0.001112 0.005746 0.000909   1   2  -1 
2456765.917789 0.000000 0.000000 42.624784 0.005746 42.605756 0.017917 42.623672 0.019028 0.005746 0.001112 0.005746 0.000909   1   2  -1 
2456765.923021 0.000000 0.000000 42.622872 0.005799 42.605756 0.017842 42.623597 0.017116 0.005799 -0.000725 0.005799 0.000909   1   2  -1 
2456765.923021 0.000000 0.000000 42.622872 0.005799 42.605756 0.017842 42.623597 0.017116 0.005799 -0.000725 0.005799 0.000909   1   2  -1 
2456789.854143 0.000000 0.000000 42.610975 0.006318 42.605756 0.003483 42.609239 0.005219 0.006318 0.001736 0.006318 0.000909   1   2  -1 
2456789.854143 0.000000 0.000000 42.610975 0.006318 42.605756 0.003483 42.609239 0.005219 0.006318 0.001736 0.006318 0.000909   1   2  -1 
2456789.859722 0.000000 0.000000 42.606341 0.006537 42.605756 0.003413 42.609169 0.000585 0.006537 -0.002828 0.006537 0.000909   1   2  -1 
2456789.859722 0.000000 0.000000 42.606341 0.006537 42.605756 0.003413 42.609169 0.000585 0.006537 -0.002828 0.006537 0.000909   1   2  -1 
2456806.890179 0.000000 0.000000 42.599022 0.006847 42.605756 -0.005785 42.599970 -0.006734 0.006847 -0.000948 0.006847 0.000909   1   2  -1 
2456806.890179 0.000000 0.000000 42.599022 0.006847 42.605756 -0.005785 42.599970 -0.006734 0.006847 -0.000948 0.006847 0.000909   1   2  -1 
2456829.893363 0.000000 0.000000 42.649506 0.004395 42.605756 0.043766 42.649522 0.043750 0.004395 -0.000016 0.004395 0.000909   1   2  -1 
2456829.893363 0.000000 0.000000 42.649506 0.004395 42.605756 0.043766 42.649522 0.043750 0.004395 -0.000016 0.004395 0.000909   1   2  -1 
2456857.748704 0.000000 0.000000 42.610979 0.007398 42.605756 0.004655 42.610410 0.005223 0.007398 0.000569 0.007398 0.000909   1   2  -1 
2456857.748704 0.000000 0.000000 42.610979 0.007398 42.605756 0.004655 42.610410 0.005223 0.007398 0.000569 0.007398 0.000909   1   2  -1 
2456857.754433 0.000000 0.000000 42.609155 0.007229 42.605756 0.004688 42.610443 0.003399 0.007229 -0.001288 0.007229 0.000909   1   2  -1 
2456857.754433 0.000000 0.000000 42.609155 0.007229 42.605756 0.004688 42.610443 0.003399 0.007229 -0.001288 0.007229 0.000909   1   2  -1 
2456866.784629 0.000000 0.000000 42.651260 0.006010 42.605756 0.046224 42.651980 0.045504 0.006010 -0.000720 0.006010 0.000909   1   2  -1 
2456866.784629 0.000000 0.000000 42.651260 0.006010 42.605756 0.046224 42.651980 0.045504 0.006010 -0.000720 0.006010 0.000909   1   2  -1 
2456896.727940 0.000000 0.000000 42.620431 0.008502 42.605756 0.013561 42.619317 0.014675 0.008502 0.001114 0.008502 0.000909   1   2  -1 
2456896.727940 0.000000 0.000000 42.620431 0.008502 42.605756 0.013561 42.619317 0.014675 0.008502 0.001114 0.008502 0.000909   1   2  -1 
2456896.733287 0.000000 0.000000 42.621539 0.010507 42.605756 0.013369 42.619125 0.015783 0.010507 0.002414 0.010507 0.000909   1   2  -1 
2456896.733287 0.000000 0.000000 42.621539 0.010507 42.605756 0.013369 42.619125 0.015783 0.010507 0.002414 0.010507 0.000909   1   2  -1 
2457146.919889 0.000000 0.000000 42.616997 0.004393 42.605756 0.010664 42.616420 0.011241 0.004393 0.000577 0.004393 0.000909   1   2  -1 
2457146.919889 0.000000 0.000000 42.616997 0.004393 42.605756 0.010664 42.616420 0.011241 0.004393 0.000577 0.004393 0.000909   1   2  -1 
2457176.844500 0.000000 0.000000 42.529617 0.003893 42.513860 0.015577 42.529437 0.015757 0.003893 0.000180 0.003893 0.000909   1   3  -1 
2457176.844500 0.000000 0.000000 42.529617 0.003893 42.513860 0.015577 42.529437 0.015757 0.003893 0.000180 0.003893 0.000909   1   3  -1 
2457180.950532 0.000000 0.000000 42.516588 0.004934 42.513860 -0.008237 42.505623 0.002728 0.004934 0.010965 0.004934 0.000909   1   3  -1 
2457180.950532 0.000000 0.000000 42.516588 0.004934 42.513860 -0.008237 42.505623 0.002728 0.004934 0.010965 0.004934 0.000909   1   3  -1 
2457180.956053 0.000000 0.000000 42.493844 0.005182 42.513860 -0.008183 42.505677 -0.020016 0.005182 -0.011833 0.005182 0.000909   1   3  -1 
2457180.956053 0.000000 0.000000 42.493844 0.005182 42.513860 -0.008183 42.505677 -0.020016 0.005182 -0.011833 0.005182 0.000909   1   3  -1 
2457257.708144 0.000000 0.000000 42.460745 0.007722 42.513860 -0.051596 42.462264 -0.053115 0.007722 -0.001519 0.007722 0.000909   1   3  -1 
2457257.708144 0.000000 0.000000 42.460745 0.007722 42.513860 -0.051596 42.462264 -0.053115 0.007722 -0.001519 0.007722 0.000909   1   3  -1 
2457257.713815 0.000000 0.000000 42.467114 0.008324 42.513860 -0.051691 42.462169 -0.046746 0.008324 0.004945 0.008324 0.000909   1   3  -1 
2457257.713815 0.000000 0.000000 42.467114 0.008324 42.513860 -0.051691 42.462169 -0.046746 0.008324 0.004945 0.008324 0.000909   1   3  -1 
2457307.523708 0.000000 0.000000 42.510484 0.004593 42.513860 -0.003613 42.510247 -0.003376 0.004593 0.000237 0.004593 0.000909   1   3  -1 
2457307.523708 0.000000 0.000000 42.510484 0.004593 42.513860 -0.003613 42.510247 -0.003376 0.004593 0.000237 0.004593 0.000909   1   3  -1 
2457307.529113 0.000000 0.000000 42.509373 0.004773 42.513860 -0.003714 42.510146 -0.004487 0.004773 -0.000773 0.004773 0.000909   1   3  -1 
2457307.529113 0.000000 0.000000 42.509373 0.004773 42.513860 -0.003714 42.510146 -0.004487 0.004773 -0.000773 0.004773 0.000909   1   3  -1 
2457675.588735 0.000000 0.000000 42.451033 0.004303 42.513860 -0.062679 42.451181 -0.062827 0.004303 -0.000148 0.004303 0.000909   1   3  -1 
2457675.588735 0.000000 0.000000 42.451033 0.004303 42.513860 -0.062679 42.451181 -0.062827 0.004303 -0.000148 0.004303 0.000909   1   3  -1 
2457879.840329 0.000000 0.000000 42.485788 0.006784 42.513860 -0.027571 42.486289 -0.028072 0.006784 -0.000501 0.006784 0.000909   1   3  -1 
2457879.840329 0.000000 0.000000 42.485788 0.006784 42.513860 -0.027571 42.486289 -0.028072 0.006784 -0.000501 0.006784 0.000909   1   3  -1 
2457943.770578 0.000000 0.000000 42.465247 0.003664 42.513860 -0.048696 42.465164 -0.048613 0.003664 0.000083 0.003664 0.000909   1   3  -1 
2457943.770578 0.000000 0.000000 42.465247 0.003664 42.513860 -0.048696 42.465164 -0.048613 0.003664 0.000083 0.003664 0.000909   1   3  -1 
2457968.637355 0.000000 0.000000 42.450022 0.006181 42.513860 -0.062536 42.451324 -0.063838 0.006181 -0.001302 0.006181 0.000909   1   3  -1 
2457968.637355 0.000000 0.000000 42.450022 0.006181 42.513860 -0.062536 42.451324 -0.063838 0.006181 -0.001302 0.006181 0.000909   1   3  -1 
2460042.883932 0.000000 0.000000 53.561911 0.001568 53.590648 -0.031221 53.559427 -0.028737 0.001568 0.002484 0.001568 0.030775   0   1  -1 
2460042.889532 0.000000 0.000000 53.560403 0.001595 53.590648 -0.031064 53.559583 -0.030245 0.001595 0.000820 0.001595 0.030775   0   1  -1 
2460043.870973 0.000000 0.000000 53.585025 0.001870 53.590648 -0.008341 53.582307 -0.005623 0.001870 0.002718 0.001870 0.030775   0   1  -1 
2460043.876677 0.000000 0.000000 53.583951 0.001740 53.590648 -0.008242 53.582405 -0.006697 0.001740 0.001546 0.001740 0.030775   0   1  -1 
2460044.793251 0.000000 0.000000 53.574231 0.001921 53.590648 0.002076 53.592724 -0.016417 0.001921 -0.018493 0.001921 0.030775   0   1  -1 
2460044.798982 0.000000 0.000000 53.574786 0.001910 53.590648 0.002107 53.592755 -0.015862 0.001910 -0.017969 0.001910 0.030775   0   1  -1 
2460045.773704 0.000000 0.000000 53.693215 0.004268 53.590648 0.002920 53.593568 0.102567 0.004268 0.099647 0.004268 0.030775   0   1  -1 
2460045.779649 0.000000 0.000000 53.636608 0.002882 53.590648 0.002904 53.593552 0.045960 0.002882 0.043056 0.002882 0.030775   0   1  -1 
2460046.786658 0.000000 0.000000 53.569088 0.001749 53.590648 -0.000789 53.589859 -0.021560 0.001749 -0.020771 0.001749 0.030775   0   1  -1 
2460046.792204 0.000000 0.000000 53.558558 0.001622 53.590648 -0.000808 53.589839 -0.032090 0.001622 -0.031281 0.001622 0.030775   0   1  -1 
2460047.789500 0.000000 0.000000 53.576881 0.001743 53.590648 -0.002201 53.588447 -0.013767 0.001743 -0.011566 0.001743 0.030775   0   1  -1 
2460047.795047 0.000000 0.000000 53.576647 0.001680 53.590648 -0.002194 53.588454 -0.014001 0.001680 -0.011807 0.001680 0.030775   0   1  -1 
2460048.783364 0.000000 0.000000 53.613468 0.002096 53.590648 0.001969 53.592616 0.022820 0.002096 0.020852 0.002096 0.030775   0   1  -1 
2460048.789012 0.000000 0.000000 53.608874 0.001954 53.590648 0.002009 53.592656 0.018226 0.001954 0.016218 0.001954 0.030775   0   1  -1 
2460049.801102 0.000000 0.000000 53.603422 0.001810 53.590648 0.011316 53.601963 0.012774 0.001810 0.001459 0.001810 0.030775   0   1  -1 
2460049.806533 0.000000 0.000000 53.611610 0.001919 53.590648 0.011374 53.602022 0.020962 0.001919 0.009588 0.001919 0.030775   0   1  -1 
2460050.776767 0.000000 0.000000 53.612363 0.001787 53.590648 0.021902 53.612550 0.021715 0.001787 -0.000187 0.001787 0.030775   0   1  -1 
2460050.782471 0.000000 0.000000 53.609421 0.001717 53.590648 0.021961 53.612608 0.018773 0.001717 -0.003187 0.001717 0.030775   0   1  -1 
2460068.823617 0.000000 0.000000 53.549841 0.002026 53.590648 -0.023803 53.566845 -0.040807 0.002026 -0.017004 0.002026 0.030775   0   1  -1 
2460068.829253 0.000000 0.000000 53.589686 0.002553 53.590648 -0.023941 53.566706 -0.000962 0.002553 0.022980 0.002553 0.030775   0   1  -1 
2460073.775251 0.000000 0.000000 53.637606 0.002211 53.590648 0.035141 53.625788 0.046958 0.002211 0.011818 0.002211 0.030775   0   1  -1 
2460073.780774 0.000000 0.000000 53.628078 0.002018 53.590648 0.035306 53.625953 0.037430 0.002018 0.002125 0.002018 0.030775   0   1  -1 
2460076.728213 0.000000 0.000000 53.634719 0.002051 53.590648 0.059978 53.650626 0.044071 0.002051 -0.015907 0.002051 0.030775   0   1  -1 
2460076.733797 0.000000 0.000000 53.631871 0.001962 53.590648 0.059967 53.650615 0.041223 0.001962 -0.018744 0.001962 0.030775   0   1  -1 
2460077.755001 0.000000 0.000000 53.666491 0.002532 53.590648 0.056362 53.647010 0.075843 0.002532 0.019481 0.002532 0.030775   0   1  -1 
2460077.760768 0.000000 0.000000 53.661884 0.002439 53.590648 0.056327 53.646974 0.071236 0.002439 0.014910 0.002439 0.030775   0   1  -1 
2460078.818364 0.000000 0.000000 53.599494 0.001909 53.590648 0.044222 53.634869 0.008846 0.001909 -0.035375 0.001909 0.030775   0   1  -1 
2460078.823976 0.000000 0.000000 53.601630 0.001872 53.590648 0.044123 53.634770 0.010982 0.001872 -0.033140 0.001872 0.030775   0   1  -1 
2460079.846559 0.000000 0.000000 53.588245 0.001824 53.590648 0.020872 53.611520 -0.002403 0.001824 -0.023275 0.001824 0.030775   0   1  -1 
2460079.852048 0.000000 0.000000 53.589341 0.001848 53.590648 0.020730 53.611378 -0.001307 0.001848 -0.022037 0.001848 0.030775   0   1  -1 
2460080.730235 0.000000 0.000000 53.589189 0.001968 53.590648 0.000179 53.590827 -0.001459 0.001968 -0.001638 0.001968 0.030775   0   1  -1 
2460080.735864 0.000000 0.000000 53.580294 0.001816 53.590648 0.000078 53.590726 -0.010354 0.001816 -0.010432 0.001816 0.030775   0   1  -1 
2460082.755256 0.000000 0.000000 53.615354 0.002319 53.590648 0.020826 53.611474 0.024706 0.002319 0.003880 0.002319 0.030775   0   1  -1 
2460082.760842 0.000000 0.000000 53.600497 0.002096 53.590648 0.021044 53.611692 0.009849 0.002096 -0.011195 0.002096 0.030775   0   1  -1 
2460085.681985 0.000000 0.000000 53.662842 0.002929 53.590648 0.058109 53.648757 0.072194 0.002929 0.014085 0.002929 0.030775   0   1  -1 
2460085.687655 0.000000 0.000000 53.667495 0.003080 53.590648 0.057788 53.648435 0.076847 0.003080 0.019060 0.003080 0.030775   0   1  -1 
2460086.748603 0.000000 0.000000 53.526570 0.001558 53.590648 -0.027213 53.563435 -0.064078 0.001558 -0.036865 0.001558 0.030775   0   1  -1 
2460086.754324 0.000000 0.000000 53.540113 0.001681 53.590648 -0.027757 53.562890 -0.050535 0.001681 -0.022777 0.001681 0.030775   0   1  -1 
2460199.601214 0.000000 0.000000 53.708158 0.003157 53.590648 0.101869 53.692517 0.117510 0.003157 0.015641 0.003157 0.030775   0   1  -1 
2460199.607025 0.000000 0.000000 53.703656 0.003093 53.590648 0.101795 53.692443 0.113008 0.003093 0.011213 0.003093 0.030775   0   1  -1 
2460201.515076 0.000000 0.000000 53.652461 0.002208 53.590648 0.061939 53.652586 0.061813 0.002208 -0.000125 0.002208 0.030775   0   1  -1 
2460201.520627 0.000000 0.000000 53.659879 0.002383 53.590648 0.061842 53.652489 0.069231 0.002383 0.007390 0.002383 0.030775   0   1  -1 
2460202.533617 0.000000 0.000000 53.628035 0.001883 53.590648 0.050676 53.641324 0.037387 0.001883 -0.013289 0.001883 0.030775   0   1  -1 
2460202.539273 0.000000 0.000000 53.623631 0.001784 53.590648 0.050648 53.641295 0.032983 0.001784 -0.017664 0.001784 0.030775   0   1  -1 
2460203.571018 0.000000 0.000000 53.685663 0.002733 53.590648 0.048654 53.639302 0.095015 0.002733 0.046361 0.002733 0.030775   0   1  -1 
2460203.577196 0.000000 0.000000 53.698088 0.002920 53.590648 0.048650 53.639297 0.107440 0.002920 0.058791 0.002920 0.030775   0   1  -1 
2460204.530857 0.000000 0.000000 53.603639 0.001593 53.590648 0.046229 53.636877 0.012991 0.001593 -0.033238 0.001593 0.030775   0   1  -1 
2460204.536387 0.000000 0.000000 53.620848 0.001687 53.590648 0.046202 53.636849 0.030200 0.001687 -0.016001 0.001687 0.030775   0   1  -1 
2460205.516019 0.000000 0.000000 53.628740 0.001976 53.590648 0.039394 53.630042 0.038092 0.001976 -0.001302 0.001976 0.030775   0   1  -1 
2460205.521490 0.000000 0.000000 53.614308 0.001751 53.590648 0.039352 53.629999 0.023660 0.001751 -0.015691 0.001751 0.030775   0   1  -1 
2460206.534104 0.000000 0.000000 53.633698 0.001999 53.590648 0.034120 53.624768 0.043050 0.001999 0.008930 0.001999 0.030775   0   1  -1 
2460206.539634 0.000000 0.000000 53.618248 0.001827 53.590648 0.034116 53.624763 0.027600 0.001827 -0.006515 0.001827 0.030775   0   1  -1 
2460208.612713 0.000000 0.000000 53.600513 0.001925 53.590648 0.055529 53.646176 0.009865 0.001925 -0.045663 0.001925 0.030775   0   1  -1 
2460208.618030 0.000000 0.000000 53.605634 0.001984 53.590648 0.055609 53.646256 0.014986 0.001984 -0.040622 0.001984 0.030775   0   1  -1 
2460209.504007 0.000000 0.000000 53.713171 0.004012 53.590648 0.064144 53.654792 0.122523 0.004012 0.058379 0.004012 0.030775   0   1  -1 
2460209.509978 0.000000 0.000000 53.689795 0.003573 53.590648 0.064154 53.654802 0.099147 0.003573 0.034993 0.003573 0.030775   0   1  -1 
2460210.587394 0.000000 0.000000 53.609130 0.002227 53.590648 0.050444 53.641091 0.018482 0.002227 -0.031961 0.002227 0.030775   0   1  -1 
2460210.593026 0.000000 0.000000 53.623658 0.002390 53.590648 0.050285 53.640933 0.033010 0.002390 -0.017275 0.002390 0.030775   0   1  -1 
2460211.516295 0.000000 0.000000 53.633760 0.003079 53.590648 0.013629 53.604277 0.043112 0.003079 0.029483 0.003079 0.030775   0   1  -1 
2460211.522268 0.000000 0.000000 53.609746 0.002476 53.590648 0.013337 53.603984 0.019098 0.002476 0.005762 0.002476 0.030775   0   1  -1 
