# time Tc_folded Tref_folded value value_err offset model full_model val_compare val_compare_err residuals residuals_err jitter jitter_flag offset_flag subset_flag 
2455480.529186 0.000000 0.000000 6736.979894 0.971355 6749.254364 -8.341417 6740.912947 -12.274470 0.971355 -3.933053 0.971355 1.982934   1   2  -1 
2455480.529186 0.000000 0.000000 6736.979894 0.971355 6749.254364 -8.341417 6740.912947 -12.274470 0.971355 -3.933053 0.971355 1.982934   1   2  -1 
2455480.532970 0.000000 0.000000 6736.094407 0.880169 6749.254364 -8.335135 6740.919230 -13.159957 0.880169 -4.824823 0.880169 1.982934   1   2  -1 
2455480.532970 0.000000 0.000000 6736.094407 0.880169 6749.254364 -8.335135 6740.919230 -13.159957 0.880169 -4.824823 0.880169 1.982934   1   2  -1 
2455480.536778 0.000000 0.000000 6734.204715 0.930093 6749.254364 -8.328829 6740.925535 -15.049649 0.930093 -6.720820 0.930093 1.982934   1   2  -1 
2455480.536778 0.000000 0.000000 6734.204715 0.930093 6749.254364 -8.328829 6740.925535 -15.049649 0.930093 -6.720820 0.930093 1.982934   1   2  -1 
2455482.554786 0.000000 0.000000 6741.458054 0.707811 6749.254364 -6.827145 6742.427219 -7.796310 0.707811 -0.969165 0.707811 1.982934   1   2  -1 
2455482.554786 0.000000 0.000000 6741.458054 0.707811 6749.254364 -6.827145 6742.427219 -7.796310 0.707811 -0.969165 0.707811 1.982934   1   2  -1 
2455484.542056 0.000000 0.000000 6740.946449 1.028638 6749.254364 -5.521216 6743.733148 -8.307915 1.028638 -2.786699 1.028638 1.982934   1   2  -1 
2455484.542056 0.000000 0.000000 6740.946449 1.028638 6749.254364 -5.521216 6743.733148 -8.307915 1.028638 -2.786699 1.028638 1.982934   1   2  -1 
2455484.545828 0.000000 0.000000 6742.814201 1.065413 6749.254364 -5.517740 6743.736624 -6.440163 1.065413 -0.922423 1.065413 1.982934   1   2  -1 
2455484.545828 0.000000 0.000000 6742.814201 1.065413 6749.254364 -5.517740 6743.736624 -6.440163 1.065413 -0.922423 1.065413 1.982934   1   2  -1 
2455484.549671 0.000000 0.000000 6740.893501 1.016694 6749.254364 -5.514199 6743.740165 -8.360863 1.016694 -2.846664 1.016694 1.982934   1   2  -1 
2455484.549671 0.000000 0.000000 6740.893501 1.016694 6749.254364 -5.514199 6743.740165 -8.360863 1.016694 -2.846664 1.016694 1.982934   1   2  -1 
2455485.527184 0.000000 0.000000 6742.415408 0.864068 6749.254364 -4.768375 6744.485989 -6.838956 0.864068 -2.070581 0.864068 1.982934   1   2  -1 
2455485.527184 0.000000 0.000000 6742.415408 0.864068 6749.254364 -4.768375 6744.485989 -6.838956 0.864068 -2.070581 0.864068 1.982934   1   2  -1 
2455485.532971 0.000000 0.000000 6742.960770 0.891412 6749.254364 -4.765586 6744.488778 -6.293594 0.891412 -1.528008 0.891412 1.982934   1   2  -1 
2455485.532971 0.000000 0.000000 6742.960770 0.891412 6749.254364 -4.765586 6744.488778 -6.293594 0.891412 -1.528008 0.891412 1.982934   1   2  -1 
2455487.543214 0.000000 0.000000 6741.874138 0.808873 6749.254364 -5.594075 6743.660289 -7.380226 0.808873 -1.786151 0.808873 1.982934   1   2  -1 
2455487.543214 0.000000 0.000000 6741.874138 0.808873 6749.254364 -5.594075 6743.660289 -7.380226 0.808873 -1.786151 0.808873 1.982934   1   2  -1 
2455487.548897 0.000000 0.000000 6742.782044 0.803534 6749.254364 -5.600353 6743.654011 -6.472320 0.803534 -0.871967 0.803534 1.982934   1   2  -1 
2455487.548897 0.000000 0.000000 6742.782044 0.803534 6749.254364 -5.600353 6743.654011 -6.472320 0.803534 -0.871967 0.803534 1.982934   1   2  -1 
2455493.544252 0.000000 0.000000 6743.144504 0.793201 6749.254364 -5.252509 6744.001855 -6.109860 0.793201 -0.857351 0.793201 1.982934   1   2  -1 
2455493.544252 0.000000 0.000000 6743.144504 0.793201 6749.254364 -5.252509 6744.001855 -6.109860 0.793201 -0.857351 0.793201 1.982934   1   2  -1 
2455493.550478 0.000000 0.000000 6741.566527 0.810440 6749.254364 -5.255270 6743.999094 -7.687837 0.810440 -2.432567 0.810440 1.982934   1   2  -1 
2455493.550478 0.000000 0.000000 6741.566527 0.810440 6749.254364 -5.255270 6743.999094 -7.687837 0.810440 -2.432567 0.810440 1.982934   1   2  -1 
2455495.535877 0.000000 0.000000 6741.987547 0.802492 6749.254364 -6.270934 6742.983431 -7.266817 0.802492 -0.995884 0.802492 1.982934   1   2  -1 
2455495.535877 0.000000 0.000000 6741.987547 0.802492 6749.254364 -6.270934 6742.983431 -7.266817 0.802492 -0.995884 0.802492 1.982934   1   2  -1 
2455495.541664 0.000000 0.000000 6742.530962 0.850836 6749.254364 -6.272868 6742.981496 -6.723402 0.850836 -0.450534 0.850836 1.982934   1   2  -1 
2455495.541664 0.000000 0.000000 6742.530962 0.850836 6749.254364 -6.272868 6742.981496 -6.723402 0.850836 -0.450534 0.850836 1.982934   1   2  -1 
2455498.517820 0.000000 0.000000 6743.241742 1.327692 6749.254364 -7.900979 6741.353385 -6.012622 1.327692 1.888357 1.327692 1.982934   1   2  -1 
2455498.517820 0.000000 0.000000 6743.241742 1.327692 6749.254364 -7.900979 6741.353385 -6.012622 1.327692 1.888357 1.327692 1.982934   1   2  -1 
2455498.523445 0.000000 0.000000 6742.436859 1.200196 6749.254364 -7.908023 6741.346342 -6.817505 1.200196 1.090517 1.200196 1.982934   1   2  -1 
2455498.523445 0.000000 0.000000 6742.436859 1.200196 6749.254364 -7.908023 6741.346342 -6.817505 1.200196 1.090517 1.200196 1.982934   1   2  -1 
2455500.544007 0.000000 0.000000 6740.389314 0.683673 6749.254364 -10.618708 6738.635657 -8.865050 0.683673 1.753657 0.683673 1.982934   1   2  -1 
2455500.544007 0.000000 0.000000 6740.389314 0.683673 6749.254364 -10.618708 6738.635657 -8.865050 0.683673 1.753657 0.683673 1.982934   1   2  -1 
2455500.549389 0.000000 0.000000 6739.327197 0.744348 6749.254364 -10.624037 6738.630328 -9.927167 0.744348 0.696869 0.744348 1.982934   1   2  -1 
2455500.549389 0.000000 0.000000 6739.327197 0.744348 6749.254364 -10.624037 6738.630328 -9.927167 0.744348 0.696869 0.744348 1.982934   1   2  -1 
2455501.547102 0.000000 0.000000 6738.201800 0.605317 6749.254364 -11.240109 6738.014255 -11.052564 0.605317 0.187545 0.605317 1.982934   1   2  -1 
2455501.547102 0.000000 0.000000 6738.201800 0.605317 6749.254364 -11.240109 6738.014255 -11.052564 0.605317 0.187545 0.605317 1.982934   1   2  -1 
2455501.552738 0.000000 0.000000 6736.954145 0.578445 6749.254364 -11.241560 6738.012804 -12.300219 0.578445 -1.058659 0.578445 1.982934   1   2  -1 
2455501.552738 0.000000 0.000000 6736.954145 0.578445 6749.254364 -11.241560 6738.012804 -12.300219 0.578445 -1.058659 0.578445 1.982934   1   2  -1 
2455505.514789 0.000000 0.000000 6740.070490 0.688526 6749.254364 -12.402520 6736.851844 -9.183874 0.688526 3.218646 0.688526 1.982934   1   2  -1 
2455505.514789 0.000000 0.000000 6740.070490 0.688526 6749.254364 -12.402520 6736.851844 -9.183874 0.688526 3.218646 0.688526 1.982934   1   2  -1 
2455505.520425 0.000000 0.000000 6740.042201 0.681455 6749.254364 -12.406430 6736.847935 -9.212163 0.681455 3.194266 0.681455 1.982934   1   2  -1 
2455505.520425 0.000000 0.000000 6740.042201 0.681455 6749.254364 -12.406430 6736.847935 -9.212163 0.681455 3.194266 0.681455 1.982934   1   2  -1 
2455507.517142 0.000000 0.000000 6737.783175 0.529962 6749.254364 -12.548746 6736.705618 -11.471189 0.529962 1.077557 0.529962 1.982934   1   2  -1 
2455507.517142 0.000000 0.000000 6737.783175 0.529962 6749.254364 -12.548746 6736.705618 -11.471189 0.529962 1.077557 0.529962 1.982934   1   2  -1 
2455507.522824 0.000000 0.000000 6736.008881 0.540417 6749.254364 -12.544814 6736.709550 -13.245483 0.540417 -0.700669 0.540417 1.982934   1   2  -1 
2455507.522824 0.000000 0.000000 6736.008881 0.540417 6749.254364 -12.544814 6736.709550 -13.245483 0.540417 -0.700669 0.540417 1.982934   1   2  -1 
2455509.518050 0.000000 0.000000 6739.147553 0.760523 6749.254364 -10.576829 6738.677535 -10.106811 0.760523 0.470018 0.760523 1.982934   1   2  -1 
2455509.518050 0.000000 0.000000 6739.147553 0.760523 6749.254364 -10.576829 6738.677535 -10.106811 0.760523 0.470018 0.760523 1.982934   1   2  -1 
2455509.523524 0.000000 0.000000 6739.453965 0.709529 6749.254364 -10.571935 6738.682430 -9.800399 0.709529 0.771535 0.709529 1.982934   1   2  -1 
2455509.523524 0.000000 0.000000 6739.453965 0.709529 6749.254364 -10.571935 6738.682430 -9.800399 0.709529 0.771535 0.709529 1.982934   1   2  -1 
2455511.516449 0.000000 0.000000 6736.700627 0.796997 6749.254364 -9.480027 6739.774337 -12.553737 0.796997 -3.073710 0.796997 1.982934   1   2  -1 
2455511.516449 0.000000 0.000000 6736.700627 0.796997 6749.254364 -9.480027 6739.774337 -12.553737 0.796997 -3.073710 0.796997 1.982934   1   2  -1 
2455511.521935 0.000000 0.000000 6737.359679 0.793324 6749.254364 -9.477904 6739.776460 -11.894685 0.793324 -2.416781 0.793324 1.982934   1   2  -1 
2455511.521935 0.000000 0.000000 6737.359679 0.793324 6749.254364 -9.477904 6739.776460 -11.894685 0.793324 -2.416781 0.793324 1.982934   1   2  -1 
2455513.504562 0.000000 0.000000 6739.969627 0.836669 6749.254364 -8.248575 6741.005789 -9.284737 0.836669 -1.036162 0.836669 1.982934   1   2  -1 
2455513.504562 0.000000 0.000000 6739.969627 0.836669 6749.254364 -8.248575 6741.005789 -9.284737 0.836669 -1.036162 0.836669 1.982934   1   2  -1 
2455513.510244 0.000000 0.000000 6739.379536 0.882170 6749.254364 -8.243770 6741.010594 -9.874828 0.882170 -1.631058 0.882170 1.982934   1   2  -1 
2455513.510244 0.000000 0.000000 6739.379536 0.882170 6749.254364 -8.243770 6741.010594 -9.874828 0.882170 -1.631058 0.882170 1.982934   1   2  -1 
2455514.505835 0.000000 0.000000 6740.416095 0.671812 6749.254364 -7.411490 6741.842874 -8.838269 0.671812 -1.426779 0.671812 1.982934   1   2  -1 
2455514.505835 0.000000 0.000000 6740.416095 0.671812 6749.254364 -7.411490 6741.842874 -8.838269 0.671812 -1.426779 0.671812 1.982934   1   2  -1 
2455514.511356 0.000000 0.000000 6741.219400 0.683432 6749.254364 -7.407189 6741.847175 -8.034964 0.683432 -0.627775 0.683432 1.982934   1   2  -1 
2455514.511356 0.000000 0.000000 6741.219400 0.683432 6749.254364 -7.407189 6741.847175 -8.034964 0.683432 -0.627775 0.683432 1.982934   1   2  -1 
2455519.503938 0.000000 0.000000 6751.476274 1.033370 6749.254364 -0.133538 6749.120826 2.221910 1.033370 2.355448 1.033370 1.982934   1   2  -1 
2455519.503938 0.000000 0.000000 6751.476274 1.033370 6749.254364 -0.133538 6749.120826 2.221910 1.033370 2.355448 1.033370 1.982934   1   2  -1 
2455519.508811 0.000000 0.000000 6750.581276 0.996146 6749.254364 -0.122898 6749.131466 1.326912 0.996146 1.449810 0.996146 1.982934   1   2  -1 
2455519.508811 0.000000 0.000000 6750.581276 0.996146 6749.254364 -0.122898 6749.131466 1.326912 0.996146 1.449810 0.996146 1.982934   1   2  -1 
2455523.508036 0.000000 0.000000 6747.670446 0.829835 6749.254364 -1.866370 6747.387994 -1.583918 0.829835 0.282452 0.829835 1.982934   1   2  -1 
2455523.508036 0.000000 0.000000 6747.670446 0.829835 6749.254364 -1.866370 6747.387994 -1.583918 0.829835 0.282452 0.829835 1.982934   1   2  -1 
2455523.513036 0.000000 0.000000 6746.377680 0.865769 6749.254364 -1.870735 6747.383630 -2.876684 0.865769 -1.005950 0.865769 1.982934   1   2  -1 
2455523.513036 0.000000 0.000000 6746.377680 0.865769 6749.254364 -1.870735 6747.383630 -2.876684 0.865769 -1.005950 0.865769 1.982934   1   2  -1 
2455524.521481 0.000000 0.000000 6745.252557 0.667948 6749.254364 -1.888880 6747.365484 -4.001807 0.667948 -2.112927 0.667948 1.982934   1   2  -1 
2455524.521481 0.000000 0.000000 6745.252557 0.667948 6749.254364 -1.888880 6747.365484 -4.001807 0.667948 -2.112927 0.667948 1.982934   1   2  -1 
2455524.526446 0.000000 0.000000 6747.418629 0.678388 6749.254364 -1.884818 6747.369546 -1.835735 0.678388 0.049083 0.678388 1.982934   1   2  -1 
2455524.526446 0.000000 0.000000 6747.418629 0.678388 6749.254364 -1.884818 6747.369546 -1.835735 0.678388 0.049083 0.678388 1.982934   1   2  -1 
2455653.900831 0.000000 0.000000 6744.853956 0.744608 6749.254364 -3.286784 6745.967580 -4.400408 0.744608 -1.113624 0.744608 1.982934   1   2  -1 
2455653.900831 0.000000 0.000000 6744.853956 0.744608 6749.254364 -3.286784 6745.967580 -4.400408 0.744608 -1.113624 0.744608 1.982934   1   2  -1 
2455653.906410 0.000000 0.000000 6744.437562 0.736194 6749.254364 -3.287241 6745.967123 -4.816802 0.736194 -1.529561 0.736194 1.982934   1   2  -1 
2455653.906410 0.000000 0.000000 6744.437562 0.736194 6749.254364 -3.287241 6745.967123 -4.816802 0.736194 -1.529561 0.736194 1.982934   1   2  -1 
2455654.900357 0.000000 0.000000 6743.527057 0.814117 6749.254364 -3.638891 6745.615473 -5.727307 0.814117 -2.088416 0.814117 1.982934   1   2  -1 
2455654.900357 0.000000 0.000000 6743.527057 0.814117 6749.254364 -3.638891 6745.615473 -5.727307 0.814117 -2.088416 0.814117 1.982934   1   2  -1 
2455654.905936 0.000000 0.000000 6743.668193 0.731415 6749.254364 -3.641947 6745.612418 -5.586171 0.731415 -1.944225 0.731415 1.982934   1   2  -1 
2455654.905936 0.000000 0.000000 6743.668193 0.731415 6749.254364 -3.641947 6745.612418 -5.586171 0.731415 -1.944225 0.731415 1.982934   1   2  -1 
2455657.909222 0.000000 0.000000 6743.719643 0.605709 6749.254364 -5.313427 6743.940937 -5.534721 0.605709 -0.221294 0.605709 1.982934   1   2  -1 
2455657.909222 0.000000 0.000000 6743.719643 0.605709 6749.254364 -5.313427 6743.940937 -5.534721 0.605709 -0.221294 0.605709 1.982934   1   2  -1 
2455657.914813 0.000000 0.000000 6741.956807 0.631733 6749.254364 -5.315836 6743.938529 -7.297557 0.631733 -1.981722 0.631733 1.982934   1   2  -1 
2455657.914813 0.000000 0.000000 6741.956807 0.631733 6749.254364 -5.315836 6743.938529 -7.297557 0.631733 -1.981722 0.631733 1.982934   1   2  -1 
2455659.907949 0.000000 0.000000 6742.173855 0.769486 6749.254364 -6.005663 6743.248701 -7.080509 0.769486 -1.074846 0.769486 1.982934   1   2  -1 
2455659.907949 0.000000 0.000000 6742.173855 0.769486 6749.254364 -6.005663 6743.248701 -7.080509 0.769486 -1.074846 0.769486 1.982934   1   2  -1 
2455659.913540 0.000000 0.000000 6744.060561 0.803020 6749.254364 -6.007189 6743.247175 -5.193803 0.803020 0.813386 0.803020 1.982934   1   2  -1 
2455659.913540 0.000000 0.000000 6744.060561 0.803020 6749.254364 -6.007189 6743.247175 -5.193803 0.803020 0.813386 0.803020 1.982934   1   2  -1 
2455660.901884 0.000000 0.000000 6745.219734 0.502349 6749.254364 -6.283236 6742.971129 -4.034630 0.502349 2.248605 0.502349 1.982934   1   2  -1 
2455660.901884 0.000000 0.000000 6745.219734 0.502349 6749.254364 -6.283236 6742.971129 -4.034630 0.502349 2.248605 0.502349 1.982934   1   2  -1 
2455662.902485 0.000000 0.000000 6741.723247 0.948916 6749.254364 -7.559101 6741.695263 -7.531117 0.948916 0.027984 0.948916 1.982934   1   2  -1 
2455662.902485 0.000000 0.000000 6741.723247 0.948916 6749.254364 -7.559101 6741.695263 -7.531117 0.948916 0.027984 0.948916 1.982934   1   2  -1 
2455662.908180 0.000000 0.000000 6743.920904 0.909242 6749.254364 -7.565253 6741.689111 -5.333460 0.909242 2.231793 0.909242 1.982934   1   2  -1 
2455662.908180 0.000000 0.000000 6743.920904 0.909242 6749.254364 -7.565253 6741.689111 -5.333460 0.909242 2.231793 0.909242 1.982934   1   2  -1 
2455663.839263 0.000000 0.000000 6740.006775 1.737212 6749.254364 -8.739261 6740.515103 -9.247589 1.737212 -0.508328 1.737212 1.982934   1   2  -1 
2455663.839263 0.000000 0.000000 6740.006775 1.737212 6749.254364 -8.739261 6740.515103 -9.247589 1.737212 -0.508328 1.737212 1.982934   1   2  -1 
2455672.897729 0.000000 0.000000 6742.158654 0.653920 6749.254364 -9.789932 6739.464432 -7.095710 0.653920 2.694222 0.653920 1.982934   1   2  -1 
2455672.897729 0.000000 0.000000 6742.158654 0.653920 6749.254364 -9.789932 6739.464432 -7.095710 0.653920 2.694222 0.653920 1.982934   1   2  -1 
2455672.902775 0.000000 0.000000 6743.643604 0.601277 6749.254364 -9.801186 6739.453179 -5.610760 0.601277 4.190425 0.601277 1.982934   1   2  -1 
2455672.902775 0.000000 0.000000 6743.643604 0.601277 6749.254364 -9.801186 6739.453179 -5.610760 0.601277 4.190425 0.601277 1.982934   1   2  -1 
2455675.905453 0.000000 0.000000 6741.296177 0.422700 6749.254364 -8.765663 6740.488701 -7.958187 0.422700 0.807476 0.422700 1.982934   1   2  -1 
2455675.905453 0.000000 0.000000 6741.296177 0.422700 6749.254364 -8.765663 6740.488701 -7.958187 0.422700 0.807476 0.422700 1.982934   1   2  -1 
2455679.879903 0.000000 0.000000 6740.439105 0.504578 6749.254364 -7.551793 6741.702572 -8.815259 0.504578 -1.263467 0.504578 1.982934   1   2  -1 
2455679.879903 0.000000 0.000000 6740.439105 0.504578 6749.254364 -7.551793 6741.702572 -8.815259 0.504578 -1.263467 0.504578 1.982934   1   2  -1 
2455679.885123 0.000000 0.000000 6741.251299 0.513702 6749.254364 -7.556050 6741.698314 -8.003065 0.513702 -0.447015 0.513702 1.982934   1   2  -1 
2455679.885123 0.000000 0.000000 6741.251299 0.513702 6749.254364 -7.556050 6741.698314 -8.003065 0.513702 -0.447015 0.513702 1.982934   1   2  -1 
2455712.893679 0.000000 0.000000 6743.439908 0.560355 6749.254364 -6.028616 6743.225748 -5.814456 0.560355 0.214160 0.560355 1.982934   1   2  -1 
2455712.893679 0.000000 0.000000 6743.439908 0.560355 6749.254364 -6.028616 6743.225748 -5.814456 0.560355 0.214160 0.560355 1.982934   1   2  -1 
2455715.864679 0.000000 0.000000 6747.620719 1.363467 6749.254364 -3.756828 6745.497536 -1.633645 1.363467 2.123183 1.363467 1.982934   1   2  -1 
2455715.864679 0.000000 0.000000 6747.620719 1.363467 6749.254364 -3.756828 6745.497536 -1.633645 1.363467 2.123183 1.363467 1.982934   1   2  -1 
2455715.867376 0.000000 0.000000 6744.977745 1.418842 6749.254364 -3.754811 6745.499553 -4.276619 1.418842 -0.521808 1.418842 1.982934   1   2  -1 
2455715.867376 0.000000 0.000000 6744.977745 1.418842 6749.254364 -3.754811 6745.499553 -4.276619 1.418842 -0.521808 1.418842 1.982934   1   2  -1 
2455715.869992 0.000000 0.000000 6742.248056 1.436778 6749.254364 -3.752855 6745.501509 -7.006308 1.436778 -3.253453 1.436778 1.982934   1   2  -1 
2455715.869992 0.000000 0.000000 6742.248056 1.436778 6749.254364 -3.752855 6745.501509 -7.006308 1.436778 -3.253453 1.436778 1.982934   1   2  -1 
2455715.872747 0.000000 0.000000 6746.539265 1.484829 6749.254364 -3.750796 6745.503568 -2.715099 1.484829 1.035697 1.484829 1.982934   1   2  -1 
2455715.872747 0.000000 0.000000 6746.539265 1.484829 6749.254364 -3.750796 6745.503568 -2.715099 1.484829 1.035697 1.484829 1.982934   1   2  -1 
2455727.859452 0.000000 0.000000 6749.048938 1.056398 6749.254364 -1.947241 6747.307123 -0.205426 1.056398 1.741815 1.056398 1.982934   1   2  -1 
2455727.859452 0.000000 0.000000 6749.048938 1.056398 6749.254364 -1.947241 6747.307123 -0.205426 1.056398 1.741815 1.056398 1.982934   1   2  -1 
2455727.863145 0.000000 0.000000 6746.852638 1.033327 6749.254364 -1.946461 6747.307904 -2.401726 1.033327 -0.455266 1.033327 1.982934   1   2  -1 
2455727.863145 0.000000 0.000000 6746.852638 1.033327 6749.254364 -1.946461 6747.307904 -2.401726 1.033327 -0.455266 1.033327 1.982934   1   2  -1 
2455727.866953 0.000000 0.000000 6748.121533 1.119485 6749.254364 -1.945686 6747.308678 -1.132831 1.119485 0.812855 1.119485 1.982934   1   2  -1 
2455727.866953 0.000000 0.000000 6748.121533 1.119485 6749.254364 -1.945686 6747.308678 -1.132831 1.119485 0.812855 1.119485 1.982934   1   2  -1 
2455735.809170 0.000000 0.000000 6744.754804 0.526032 6749.254364 -4.359470 6744.894894 -4.499560 0.526032 -0.140090 0.526032 1.982934   1   2  -1 
2455735.809170 0.000000 0.000000 6744.754804 0.526032 6749.254364 -4.359470 6744.894894 -4.499560 0.526032 -0.140090 0.526032 1.982934   1   2  -1 
2455754.777241 0.000000 0.000000 6746.468927 1.091349 6749.254364 -2.621853 6746.632511 -2.785437 1.091349 -0.163584 1.091349 1.982934   1   2  -1 
2455754.777241 0.000000 0.000000 6746.468927 1.091349 6749.254364 -2.621853 6746.632511 -2.785437 1.091349 -0.163584 1.091349 1.982934   1   2  -1 
2455755.755721 0.000000 0.000000 6744.820061 0.768792 6749.254364 -3.009573 6746.244791 -4.434303 0.768792 -1.424730 0.768792 1.982934   1   2  -1 
2455755.755721 0.000000 0.000000 6744.820061 0.768792 6749.254364 -3.009573 6746.244791 -4.434303 0.768792 -1.424730 0.768792 1.982934   1   2  -1 
2455769.736300 0.000000 0.000000 6741.910452 0.677532 6749.254364 -6.244893 6743.009471 -7.343912 0.677532 -1.099019 0.677532 1.982934   1   2  -1 
2455769.736300 0.000000 0.000000 6741.910452 0.677532 6749.254364 -6.244893 6743.009471 -7.343912 0.677532 -1.099019 0.677532 1.982934   1   2  -1 
2455769.742075 0.000000 0.000000 6742.850451 0.770313 6749.254364 -6.235235 6743.019129 -6.403913 0.770313 -0.168678 0.770313 1.982934   1   2  -1 
2455769.742075 0.000000 0.000000 6742.850451 0.770313 6749.254364 -6.235235 6743.019129 -6.403913 0.770313 -0.168678 0.770313 1.982934   1   2  -1 
2455776.628483 0.000000 0.000000 6750.213357 0.712348 6749.254364 -2.363314 6746.891051 0.958993 0.712348 3.322306 0.712348 1.982934   1   2  -1 
2455776.628483 0.000000 0.000000 6750.213357 0.712348 6749.254364 -2.363314 6746.891051 0.958993 0.712348 3.322306 0.712348 1.982934   1   2  -1 
2455782.624998 0.000000 0.000000 6747.016802 0.761072 6749.254364 -3.521505 6745.732859 -2.237562 0.761072 1.283943 0.761072 1.982934   1   2  -1 
2455782.624998 0.000000 0.000000 6747.016802 0.761072 6749.254364 -3.521505 6745.732859 -2.237562 0.761072 1.283943 0.761072 1.982934   1   2  -1 
2455784.737667 0.000000 0.000000 6741.817184 0.545366 6749.254364 -4.206754 6745.047611 -7.437180 0.545366 -3.230427 0.545366 1.982934   1   2  -1 
2455784.737667 0.000000 0.000000 6741.817184 0.545366 6749.254364 -4.206754 6745.047611 -7.437180 0.545366 -3.230427 0.545366 1.982934   1   2  -1 
2455801.526698 0.000000 0.000000 6751.852184 1.273141 6749.254364 -2.688036 6746.566328 2.597820 1.273141 5.285856 1.273141 1.982934   1   2  -1 
2455801.526698 0.000000 0.000000 6751.852184 1.273141 6749.254364 -2.688036 6746.566328 2.597820 1.273141 5.285856 1.273141 1.982934   1   2  -1 
2455801.531628 0.000000 0.000000 6748.995510 1.177162 6749.254364 -2.684901 6746.569463 -0.258854 1.177162 2.426047 1.177162 1.982934   1   2  -1 
2455801.531628 0.000000 0.000000 6748.995510 1.177162 6749.254364 -2.684901 6746.569463 -0.258854 1.177162 2.426047 1.177162 1.982934   1   2  -1 
2455804.632333 0.000000 0.000000 6745.335970 1.120566 6749.254364 -4.612405 6744.641959 -3.918394 1.120566 0.694011 1.120566 1.982934   1   2  -1 
2455804.632333 0.000000 0.000000 6745.335970 1.120566 6749.254364 -4.612405 6744.641959 -3.918394 1.120566 0.694011 1.120566 1.982934   1   2  -1 
2455804.637669 0.000000 0.000000 6747.868911 1.032150 6749.254364 -4.616666 6744.637699 -1.385453 1.032150 3.231212 1.032150 1.982934   1   2  -1 
2455804.637669 0.000000 0.000000 6747.868911 1.032150 6749.254364 -4.616666 6744.637699 -1.385453 1.032150 3.231212 1.032150 1.982934   1   2  -1 
2455807.626267 0.000000 0.000000 6743.760974 0.965710 6749.254364 -4.635280 6744.619084 -5.493390 0.965710 -0.858110 0.965710 1.982934   1   2  -1 
2455807.626267 0.000000 0.000000 6743.760974 0.965710 6749.254364 -4.635280 6744.619084 -5.493390 0.965710 -0.858110 0.965710 1.982934   1   2  -1 
2455807.631162 0.000000 0.000000 6744.367308 0.886584 6749.254364 -4.633217 6744.621148 -4.887056 0.886584 -0.253840 0.886584 1.982934   1   2  -1 
2455807.631162 0.000000 0.000000 6744.367308 0.886584 6749.254364 -4.633217 6744.621148 -4.887056 0.886584 -0.253840 0.886584 1.982934   1   2  -1 
2455810.581550 0.000000 0.000000 6749.536319 0.754194 6749.254364 -2.071199 6747.183165 0.281955 0.754194 2.353154 0.754194 1.982934   1   2  -1 
2455810.581550 0.000000 0.000000 6749.536319 0.754194 6749.254364 -2.071199 6747.183165 0.281955 0.754194 2.353154 0.754194 1.982934   1   2  -1 
2455810.586723 0.000000 0.000000 6745.341822 0.797392 6749.254364 -2.063429 6747.190936 -3.912542 0.797392 -1.849114 0.797392 1.982934   1   2  -1 
2455810.586723 0.000000 0.000000 6745.341822 0.797392 6749.254364 -2.063429 6747.190936 -3.912542 0.797392 -1.849114 0.797392 1.982934   1   2  -1 
2455816.587002 0.000000 0.000000 6736.994306 0.959785 6749.254364 -9.600339 6739.654025 -12.260058 0.959785 -2.659719 0.959785 1.982934   1   2  -1 
2455816.587002 0.000000 0.000000 6736.994306 0.959785 6749.254364 -9.600339 6739.654025 -12.260058 0.959785 -2.659719 0.959785 1.982934   1   2  -1 
2455816.590578 0.000000 0.000000 6737.632453 0.889883 6749.254364 -9.606736 6739.647629 -11.621911 0.889883 -2.015176 0.889883 1.982934   1   2  -1 
2455816.590578 0.000000 0.000000 6737.632453 0.889883 6749.254364 -9.606736 6739.647629 -11.621911 0.889883 -2.015176 0.889883 1.982934   1   2  -1 
2455816.594154 0.000000 0.000000 6736.813114 0.876464 6749.254364 -9.613104 6739.641260 -12.441250 0.876464 -2.828146 0.876464 1.982934   1   2  -1 
2455816.594154 0.000000 0.000000 6736.813114 0.876464 6749.254364 -9.613104 6739.641260 -12.441250 0.876464 -2.828146 0.876464 1.982934   1   2  -1 
2455834.622073 0.000000 0.000000 6741.622283 0.577372 6749.254364 -6.957228 6742.297136 -7.632081 0.577372 -0.674853 0.577372 1.982934   1   2  -1 
2455834.622073 0.000000 0.000000 6741.622283 0.577372 6749.254364 -6.957228 6742.297136 -7.632081 0.577372 -0.674853 0.577372 1.982934   1   2  -1 
2455834.627593 0.000000 0.000000 6741.694550 0.576524 6749.254364 -6.954124 6742.300241 -7.559814 0.576524 -0.605691 0.576524 1.982934   1   2  -1 
2455834.627593 0.000000 0.000000 6741.694550 0.576524 6749.254364 -6.954124 6742.300241 -7.559814 0.576524 -0.605691 0.576524 1.982934   1   2  -1 
2455836.585712 0.000000 0.000000 6742.623220 0.680522 6749.254364 -5.125565 6744.128800 -6.631144 0.680522 -1.505580 0.680522 1.982934   1   2  -1 
2455836.585712 0.000000 0.000000 6742.623220 0.680522 6749.254364 -5.125565 6744.128800 -6.631144 0.680522 -1.505580 0.680522 1.982934   1   2  -1 
2455836.591440 0.000000 0.000000 6741.147612 0.679136 6749.254364 -5.118354 6744.136010 -8.106752 0.679136 -2.988398 0.679136 1.982934   1   2  -1 
2455836.591440 0.000000 0.000000 6741.147612 0.679136 6749.254364 -5.118354 6744.136010 -8.106752 0.679136 -2.988398 0.679136 1.982934   1   2  -1 
2455839.585007 0.000000 0.000000 6748.405228 0.910132 6749.254364 -1.452475 6747.801889 -0.849136 0.910132 0.603339 0.910132 1.982934   1   2  -1 
2455839.585007 0.000000 0.000000 6748.405228 0.910132 6749.254364 -1.452475 6747.801889 -0.849136 0.910132 0.603339 0.910132 1.982934   1   2  -1 
2455839.590794 0.000000 0.000000 6747.617891 0.919769 6749.254364 -1.447929 6747.806435 -1.636473 0.919769 -0.188544 0.919769 1.982934   1   2  -1 
2455839.590794 0.000000 0.000000 6747.617891 0.919769 6749.254364 -1.447929 6747.806435 -1.636473 0.919769 -0.188544 0.919769 1.982934   1   2  -1 
2455842.549547 0.000000 0.000000 6752.493747 1.066299 6749.254364 -1.283541 6747.970824 3.239383 1.066299 4.522923 1.066299 1.982934   1   2  -1 
2455842.549547 0.000000 0.000000 6752.493747 1.066299 6749.254364 -1.283541 6747.970824 3.239383 1.066299 4.522923 1.066299 1.982934   1   2  -1 
2455842.555033 0.000000 0.000000 6750.073896 0.873203 6749.254364 -1.285867 6747.968498 0.819532 0.873203 2.105398 0.873203 1.982934   1   2  -1 
2455842.555033 0.000000 0.000000 6750.073896 0.873203 6749.254364 -1.285867 6747.968498 0.819532 0.873203 2.105398 0.873203 1.982934   1   2  -1 
2455845.575633 0.000000 0.000000 6749.336050 1.067738 6749.254364 -1.745892 6747.508472 0.081686 1.067738 1.827578 1.067738 1.982934   1   2  -1 
2455845.575633 0.000000 0.000000 6749.336050 1.067738 6749.254364 -1.745892 6747.508472 0.081686 1.067738 1.827578 1.067738 1.982934   1   2  -1 
2455845.581258 0.000000 0.000000 6747.769866 0.922401 6749.254364 -1.744758 6747.509606 -1.484498 0.922401 0.260260 0.922401 1.982934   1   2  -1 
2455845.581258 0.000000 0.000000 6747.769866 0.922401 6749.254364 -1.744758 6747.509606 -1.484498 0.922401 0.260260 0.922401 1.982934   1   2  -1 
2455870.498785 0.000000 0.000000 6742.487318 0.730627 6749.254364 -9.225839 6740.028525 -6.767046 0.730627 2.458793 0.730627 1.982934   1   2  -1 
2455870.498785 0.000000 0.000000 6742.487318 0.730627 6749.254364 -9.225839 6740.028525 -6.767046 0.730627 2.458793 0.730627 1.982934   1   2  -1 
2455870.504422 0.000000 0.000000 6741.521976 0.718479 6749.254364 -9.232142 6740.022222 -7.732388 0.718479 1.499754 0.718479 1.982934   1   2  -1 
2455870.504422 0.000000 0.000000 6741.521976 0.718479 6749.254364 -9.232142 6740.022222 -7.732388 0.718479 1.499754 0.718479 1.982934   1   2  -1 
2455874.532217 0.000000 0.000000 6744.629305 1.027595 6749.254364 -5.760315 6743.494049 -4.625059 1.027595 1.135256 1.027595 1.982934   1   2  -1 
2455874.532217 0.000000 0.000000 6744.629305 1.027595 6749.254364 -5.760315 6743.494049 -4.625059 1.027595 1.135256 1.027595 1.982934   1   2  -1 
2455874.537437 0.000000 0.000000 6744.608219 1.390676 6749.254364 -5.757059 6743.497305 -4.646145 1.390676 1.110914 1.390676 1.982934   1   2  -1 
2455874.537437 0.000000 0.000000 6744.608219 1.390676 6749.254364 -5.757059 6743.497305 -4.646145 1.390676 1.110914 1.390676 1.982934   1   2  -1 
2455878.549549 0.000000 0.000000 6743.133515 1.360956 6749.254364 -4.000538 6745.253826 -6.120849 1.360956 -2.120311 1.360956 1.982934   1   2  -1 
2455878.549549 0.000000 0.000000 6743.133515 1.360956 6749.254364 -4.000538 6745.253826 -6.120849 1.360956 -2.120311 1.360956 1.982934   1   2  -1 
2455878.554965 0.000000 0.000000 6740.135198 1.321422 6749.254364 -3.990989 6745.263375 -9.119166 1.321422 -5.128177 1.321422 1.982934   1   2  -1 
2455878.554965 0.000000 0.000000 6740.135198 1.321422 6749.254364 -3.990989 6745.263375 -9.119166 1.321422 -5.128177 1.321422 1.982934   1   2  -1 
2456020.892743 0.000000 0.000000 6745.146307 0.800504 6749.254364 -3.845254 6745.409111 -4.108057 0.800504 -0.262804 0.800504 1.982934   1   2  -1 
2456020.892743 0.000000 0.000000 6745.146307 0.800504 6749.254364 -3.845254 6745.409111 -4.108057 0.800504 -0.262804 0.800504 1.982934   1   2  -1 
2456020.898160 0.000000 0.000000 6746.202855 0.781449 6749.254364 -3.849312 6745.405052 -3.051509 0.781449 0.797803 0.781449 1.982934   1   2  -1 
2456020.898160 0.000000 0.000000 6746.202855 0.781449 6749.254364 -3.849312 6745.405052 -3.051509 0.781449 0.797803 0.781449 1.982934   1   2  -1 
2456022.889397 0.000000 0.000000 6744.288656 0.994688 6749.254364 -3.776755 6745.477609 -4.965708 0.994688 -1.188953 0.994688 1.982934   1   2  -1 
2456022.889397 0.000000 0.000000 6744.288656 0.994688 6749.254364 -3.776755 6745.477609 -4.965708 0.994688 -1.188953 0.994688 1.982934   1   2  -1 
2456022.894884 0.000000 0.000000 6746.835284 1.113054 6749.254364 -3.775364 6745.479000 -2.419080 1.113054 1.356284 1.113054 1.982934   1   2  -1 
2456022.894884 0.000000 0.000000 6746.835284 1.113054 6749.254364 -3.775364 6745.479000 -2.419080 1.113054 1.356284 1.113054 1.982934   1   2  -1 
2456024.891353 0.000000 0.000000 6742.988987 0.857313 6749.254364 -4.479167 6744.775197 -6.265377 0.857313 -1.786210 0.857313 1.982934   1   2  -1 
2456024.891353 0.000000 0.000000 6742.988987 0.857313 6749.254364 -4.479167 6744.775197 -6.265377 0.857313 -1.786210 0.857313 1.982934   1   2  -1 
2456024.897048 0.000000 0.000000 6744.748045 0.814076 6749.254364 -4.483988 6744.770376 -4.506319 0.814076 -0.022331 0.814076 1.982934   1   2  -1 
2456024.897048 0.000000 0.000000 6744.748045 0.814076 6749.254364 -4.483988 6744.770376 -4.506319 0.814076 -0.022331 0.814076 1.982934   1   2  -1 
2456028.922257 0.000000 0.000000 6746.543190 0.690565 6749.254364 -3.211913 6746.042452 -2.711174 0.690565 0.500738 0.690565 1.982934   1   2  -1 
2456028.922257 0.000000 0.000000 6746.543190 0.690565 6749.254364 -3.211913 6746.042452 -2.711174 0.690565 0.500738 0.690565 1.982934   1   2  -1 
2456029.892891 0.000000 0.000000 6747.320493 1.086998 6749.254364 -2.639120 6746.615244 -1.933871 1.086998 0.705249 1.086998 1.982934   1   2  -1 
2456029.892891 0.000000 0.000000 6747.320493 1.086998 6749.254364 -2.639120 6746.615244 -1.933871 1.086998 0.705249 1.086998 1.982934   1   2  -1 
2456029.898354 0.000000 0.000000 6748.760240 1.038533 6749.254364 -2.638280 6746.616084 -0.494124 1.038533 2.144156 1.038533 1.982934   1   2  -1 
2456029.898354 0.000000 0.000000 6748.760240 1.038533 6749.254364 -2.638280 6746.616084 -0.494124 1.038533 2.144156 1.038533 1.982934   1   2  -1 
2456031.852968 0.000000 0.000000 6747.989211 0.817617 6749.254364 -3.566869 6745.687495 -1.265153 0.817617 2.301716 0.817617 1.982934   1   2  -1 
2456031.852968 0.000000 0.000000 6747.989211 0.817617 6749.254364 -3.566869 6745.687495 -1.265153 0.817617 2.301716 0.817617 1.982934   1   2  -1 
2456052.857065 0.000000 0.000000 6746.249978 0.812636 6749.254364 -4.684284 6744.570081 -3.004386 0.812636 1.679897 0.812636 1.982934   1   2  -1 
2456052.857065 0.000000 0.000000 6746.249978 0.812636 6749.254364 -4.684284 6744.570081 -3.004386 0.812636 1.679897 0.812636 1.982934   1   2  -1 
2456052.862482 0.000000 0.000000 6745.619923 0.787680 6749.254364 -4.687646 6744.566718 -3.634441 0.787680 1.053205 0.787680 1.982934   1   2  -1 
2456052.862482 0.000000 0.000000 6745.619923 0.787680 6749.254364 -4.687646 6744.566718 -3.634441 0.787680 1.053205 0.787680 1.982934   1   2  -1 
2456053.851639 0.000000 0.000000 6743.166273 0.874947 6749.254364 -5.084073 6744.170291 -6.088091 0.874947 -1.004018 0.874947 1.982934   1   2  -1 
2456053.851639 0.000000 0.000000 6743.166273 0.874947 6749.254364 -5.084073 6744.170291 -6.088091 0.874947 -1.004018 0.874947 1.982934   1   2  -1 
2456053.857114 0.000000 0.000000 6741.264696 0.828685 6749.254364 -5.085212 6744.169153 -7.989668 0.828685 -2.904457 0.828685 1.982934   1   2  -1 
2456053.857114 0.000000 0.000000 6741.264696 0.828685 6749.254364 -5.085212 6744.169153 -7.989668 0.828685 -2.904457 0.828685 1.982934   1   2  -1 
2456054.839916 0.000000 0.000000 6746.508998 0.533012 6749.254364 -5.110980 6744.143384 -2.745366 0.533012 2.365614 0.533012 1.982934   1   2  -1 
2456054.839916 0.000000 0.000000 6746.508998 0.533012 6749.254364 -5.110980 6744.143384 -2.745366 0.533012 2.365614 0.533012 1.982934   1   2  -1 
2456055.886865 0.000000 0.000000 6744.080866 0.509706 6749.254364 -4.675987 6744.578377 -5.173498 0.509706 -0.497511 0.509706 1.982934   1   2  -1 
2456055.886865 0.000000 0.000000 6744.080866 0.509706 6749.254364 -4.675987 6744.578377 -5.173498 0.509706 -0.497511 0.509706 1.982934   1   2  -1 
2456056.818146 0.000000 0.000000 6747.963625 0.893302 6749.254364 -3.884651 6745.369713 -1.290739 0.893302 2.593912 0.893302 1.982934   1   2  -1 
2456056.818146 0.000000 0.000000 6747.963625 0.893302 6749.254364 -3.884651 6745.369713 -1.290739 0.893302 2.593912 0.893302 1.982934   1   2  -1 
2456056.823714 0.000000 0.000000 6744.469105 0.813986 6749.254364 -3.879221 6745.375143 -4.785259 0.813986 -0.906038 0.813986 1.982934   1   2  -1 
2456056.823714 0.000000 0.000000 6744.469105 0.813986 6749.254364 -3.879221 6745.375143 -4.785259 0.813986 -0.906038 0.813986 1.982934   1   2  -1 
2456078.843392 0.000000 0.000000 6746.158961 0.647558 6749.254364 0.051246 6749.305610 -3.095403 0.647558 -3.146649 0.647558 1.982934   1   2  -1 
2456078.843392 0.000000 0.000000 6746.158961 0.647558 6749.254364 0.051246 6749.305610 -3.095403 0.647558 -3.146649 0.647558 1.982934   1   2  -1 
2456078.849075 0.000000 0.000000 6745.719595 0.632973 6749.254364 0.052118 6749.306482 -3.534769 0.632973 -3.586887 0.632973 1.982934   1   2  -1 
2456078.849075 0.000000 0.000000 6745.719595 0.632973 6749.254364 0.052118 6749.306482 -3.534769 0.632973 -3.586887 0.632973 1.982934   1   2  -1 
2456081.832748 0.000000 0.000000 6746.860997 0.796018 6749.254364 0.163534 6749.417899 -2.393367 0.796018 -2.556902 0.796018 1.982934   1   2  -1 
2456081.832748 0.000000 0.000000 6746.860997 0.796018 6749.254364 0.163534 6749.417899 -2.393367 0.796018 -2.556902 0.796018 1.982934   1   2  -1 
2456081.838651 0.000000 0.000000 6746.160349 0.647447 6749.254364 0.163302 6749.417666 -3.094015 0.647447 -3.257317 0.647447 1.982934   1   2  -1 
2456081.838651 0.000000 0.000000 6746.160349 0.647447 6749.254364 0.163302 6749.417666 -3.094015 0.647447 -3.257317 0.647447 1.982934   1   2  -1 
2456085.820521 0.000000 0.000000 6748.615188 0.878497 6749.254364 -1.541673 6747.712691 -0.639176 0.878497 0.902497 0.878497 1.982934   1   2  -1 
2456085.820521 0.000000 0.000000 6748.615188 0.878497 6749.254364 -1.541673 6747.712691 -0.639176 0.878497 0.902497 0.878497 1.982934   1   2  -1 
2456085.826250 0.000000 0.000000 6749.360613 0.917873 6749.254364 -1.544977 6747.709387 0.106249 0.917873 1.651226 0.917873 1.982934   1   2  -1 
2456085.826250 0.000000 0.000000 6749.360613 0.917873 6749.254364 -1.544977 6747.709387 0.106249 0.917873 1.651226 0.917873 1.982934   1   2  -1 
2456088.742747 0.000000 0.000000 6753.524666 0.549399 6749.254364 -0.396689 6748.857676 4.270302 0.549399 4.666990 0.549399 1.982934   1   2  -1 
2456088.742747 0.000000 0.000000 6753.524666 0.549399 6749.254364 -0.396689 6748.857676 4.270302 0.549399 4.666990 0.549399 1.982934   1   2  -1 
2456092.900369 0.000000 0.000000 6751.383386 0.628826 6749.254364 1.008453 6750.262817 2.129022 0.628826 1.120569 0.628826 1.982934   1   2  -1 
2456092.900369 0.000000 0.000000 6751.383386 0.628826 6749.254364 1.008453 6750.262817 2.129022 0.628826 1.120569 0.628826 1.982934   1   2  -1 
2456115.815540 0.000000 0.000000 6754.277043 0.776191 6749.254364 3.216191 6752.470555 5.022679 0.776191 1.806488 0.776191 1.982934   1   2  -1 
2456115.815540 0.000000 0.000000 6754.277043 0.776191 6749.254364 3.216191 6752.470555 5.022679 0.776191 1.806488 0.776191 1.982934   1   2  -1 
2456118.809984 0.000000 0.000000 6751.338923 0.512854 6749.254364 1.764956 6751.019320 2.084559 0.512854 0.319603 0.512854 1.982934   1   2  -1 
2456118.809984 0.000000 0.000000 6751.338923 0.512854 6749.254364 1.764956 6751.019320 2.084559 0.512854 0.319603 0.512854 1.982934   1   2  -1 
2456121.820367 0.000000 0.000000 6748.884407 1.411859 6749.254364 1.879407 6751.133771 -0.369957 1.411859 -2.249364 1.411859 1.982934   1   2  -1 
2456121.820367 0.000000 0.000000 6748.884407 1.411859 6749.254364 1.879407 6751.133771 -0.369957 1.411859 -2.249364 1.411859 1.982934   1   2  -1 
2456149.686124 0.000000 0.000000 6745.208573 0.845009 6749.254364 -3.340317 6745.914047 -4.045791 0.845009 -0.705474 0.845009 1.982934   1   2  -1 
2456149.686124 0.000000 0.000000 6745.208573 0.845009 6749.254364 -3.340317 6745.914047 -4.045791 0.845009 -0.705474 0.845009 1.982934   1   2  -1 
2456154.723489 0.000000 0.000000 6753.155186 0.865117 6749.254364 4.503198 6753.757562 3.900822 0.865117 -0.602376 0.865117 1.982934   1   2  -1 
2456154.723489 0.000000 0.000000 6753.155186 0.865117 6749.254364 4.503198 6753.757562 3.900822 0.865117 -0.602376 0.865117 1.982934   1   2  -1 
2456154.728442 0.000000 0.000000 6756.664798 1.281739 6749.254364 4.508751 6753.763115 7.410434 1.281739 2.901683 1.281739 1.982934   1   2  -1 
2456154.728442 0.000000 0.000000 6756.664798 1.281739 6749.254364 4.508751 6753.763115 7.410434 1.281739 2.901683 1.281739 1.982934   1   2  -1 
2456166.527551 0.000000 0.000000 6750.235757 0.645517 6749.254364 0.182597 6749.436961 0.981393 0.645517 0.798796 0.645517 1.982934   1   2  -1 
2456166.527551 0.000000 0.000000 6750.235757 0.645517 6749.254364 0.182597 6749.436961 0.981393 0.645517 0.798796 0.645517 1.982934   1   2  -1 
2456168.609469 0.000000 0.000000 6746.933111 0.971404 6749.254364 -2.751411 6746.502953 -2.321253 0.971404 0.430158 0.971404 1.982934   1   2  -1 
2456168.609469 0.000000 0.000000 6746.933111 0.971404 6749.254364 -2.751411 6746.502953 -2.321253 0.971404 0.430158 0.971404 1.982934   1   2  -1 
2456168.615105 0.000000 0.000000 6744.859936 0.857956 6749.254364 -2.759324 6746.495041 -4.394428 0.857956 -1.635105 0.857956 1.982934   1   2  -1 
2456168.615105 0.000000 0.000000 6744.859936 0.857956 6749.254364 -2.759324 6746.495041 -4.394428 0.857956 -1.635105 0.857956 1.982934   1   2  -1 
2456171.510563 0.000000 0.000000 6746.779196 0.523911 6749.254364 -1.984987 6747.269377 -2.475168 0.523911 -0.490181 0.523911 1.982934   1   2  -1 
2456171.510563 0.000000 0.000000 6746.779196 0.523911 6749.254364 -1.984987 6747.269377 -2.475168 0.523911 -0.490181 0.523911 1.982934   1   2  -1 
2456173.694840 0.000000 0.000000 6745.694408 0.870055 6749.254364 -1.499545 6747.754820 -3.559956 0.870055 -2.060412 0.870055 1.982934   1   2  -1 
2456173.694840 0.000000 0.000000 6745.694408 0.870055 6749.254364 -1.499545 6747.754820 -3.559956 0.870055 -2.060412 0.870055 1.982934   1   2  -1 
2456181.612869 0.000000 0.000000 6746.780093 0.609426 6749.254364 -0.309916 6748.944448 -2.474271 0.609426 -2.164355 0.609426 1.982934   1   2  -1 
2456181.612869 0.000000 0.000000 6746.780093 0.609426 6749.254364 -0.309916 6748.944448 -2.474271 0.609426 -2.164355 0.609426 1.982934   1   2  -1 
2456186.623747 0.000000 0.000000 6750.623304 0.538290 6749.254364 1.188628 6750.442992 1.368940 0.538290 0.180312 0.538290 1.982934   1   2  -1 
2456186.623747 0.000000 0.000000 6750.623304 0.538290 6749.254364 1.188628 6750.442992 1.368940 0.538290 0.180312 0.538290 1.982934   1   2  -1 
2456189.666838 0.000000 0.000000 6748.504253 1.709832 6749.254364 1.857634 6751.111998 -0.750111 1.709832 -2.607745 1.709832 1.982934   1   2  -1 
2456189.666838 0.000000 0.000000 6748.504253 1.709832 6749.254364 1.857634 6751.111998 -0.750111 1.709832 -2.607745 1.709832 1.982934   1   2  -1 
2456190.592865 0.000000 0.000000 6750.871459 0.873280 6749.254364 2.433089 6751.687453 1.617095 0.873280 -0.815994 0.873280 1.982934   1   2  -1 
2456190.592865 0.000000 0.000000 6750.871459 0.873280 6749.254364 2.433089 6751.687453 1.617095 0.873280 -0.815994 0.873280 1.982934   1   2  -1 
2456190.598548 0.000000 0.000000 6750.369171 0.820368 6749.254364 2.434182 6751.688546 1.114807 0.820368 -1.319375 0.820368 1.982934   1   2  -1 
2456190.598548 0.000000 0.000000 6750.369171 0.820368 6749.254364 2.434182 6751.688546 1.114807 0.820368 -1.319375 0.820368 1.982934   1   2  -1 
2456195.586272 0.000000 0.000000 6749.872183 0.911842 6749.254364 5.506435 6754.760799 0.617819 0.911842 -4.888616 0.911842 1.982934   1   2  -1 
2456195.586272 0.000000 0.000000 6749.872183 0.911842 6749.254364 5.506435 6754.760799 0.617819 0.911842 -4.888616 0.911842 1.982934   1   2  -1 
2456195.591793 0.000000 0.000000 6753.010576 0.913007 6749.254364 5.518851 6754.773215 3.756212 0.913007 -1.762639 0.913007 1.982934   1   2  -1 
2456195.591793 0.000000 0.000000 6753.010576 0.913007 6749.254364 5.518851 6754.773215 3.756212 0.913007 -1.762639 0.913007 1.982934   1   2  -1 
2456198.564091 0.000000 0.000000 6752.020828 1.186346 6749.254364 6.167837 6755.422201 2.766464 1.186346 -3.401373 1.186346 1.982934   1   2  -1 
2456198.564091 0.000000 0.000000 6752.020828 1.186346 6749.254364 6.167837 6755.422201 2.766464 1.186346 -3.401373 1.186346 1.982934   1   2  -1 
2456198.569866 0.000000 0.000000 6752.133778 1.250845 6749.254364 6.159704 6755.414069 2.879414 1.250845 -3.280291 1.250845 1.982934   1   2  -1 
2456198.569866 0.000000 0.000000 6752.133778 1.250845 6749.254364 6.159704 6755.414069 2.879414 1.250845 -3.280291 1.250845 1.982934   1   2  -1 
2456204.547188 0.000000 0.000000 6753.568624 0.781661 6749.254364 3.178265 6752.432629 4.314260 0.781661 1.135995 0.781661 1.982934   1   2  -1 
2456204.547188 0.000000 0.000000 6753.568624 0.781661 6749.254364 3.178265 6752.432629 4.314260 0.781661 1.135995 0.781661 1.982934   1   2  -1 
2456205.523197 0.000000 0.000000 6749.089385 0.447471 6749.254364 1.460491 6750.714855 -0.164979 0.447471 -1.625470 0.447471 1.982934   1   2  -1 
2456205.523197 0.000000 0.000000 6749.089385 0.447471 6749.254364 1.460491 6750.714855 -0.164979 0.447471 -1.625470 0.447471 1.982934   1   2  -1 
2456208.615737 0.000000 0.000000 6753.603897 0.942056 6749.254364 3.365156 6752.619520 4.349533 0.942056 0.984377 0.942056 1.982934   1   2  -1 
2456208.615737 0.000000 0.000000 6753.603897 0.942056 6749.254364 3.365156 6752.619520 4.349533 0.942056 0.984377 0.942056 1.982934   1   2  -1 
2456209.540800 0.000000 0.000000 6759.371118 1.053758 6749.254364 4.290067 6753.544431 10.116754 1.053758 5.826687 1.053758 1.982934   1   2  -1 
2456209.540800 0.000000 0.000000 6759.371118 1.053758 6749.254364 4.290067 6753.544431 10.116754 1.053758 5.826687 1.053758 1.982934   1   2  -1 
2456210.532155 0.000000 0.000000 6759.600350 0.864183 6749.254364 4.483407 6753.737772 10.345986 0.864183 5.862578 0.864183 1.982934   1   2  -1 
2456210.532155 0.000000 0.000000 6759.600350 0.864183 6749.254364 4.483407 6753.737772 10.345986 0.864183 5.862578 0.864183 1.982934   1   2  -1 
2456212.523498 0.000000 0.000000 6755.476387 0.479583 6749.254364 4.537539 6753.791903 6.222023 0.479583 1.684484 0.479583 1.982934   1   2  -1 
2456212.523498 0.000000 0.000000 6755.476387 0.479583 6749.254364 4.537539 6753.791903 6.222023 0.479583 1.684484 0.479583 1.982934   1   2  -1 
2456217.523649 0.000000 0.000000 6753.855817 0.740951 6749.254364 8.190562 6757.444926 4.601453 0.740951 -3.589109 0.740951 1.982934   1   2  -1 
2456217.523649 0.000000 0.000000 6753.855817 0.740951 6749.254364 8.190562 6757.444926 4.601453 0.740951 -3.589109 0.740951 1.982934   1   2  -1 
2456217.529482 0.000000 0.000000 6756.209522 0.723468 6749.254364 8.190284 6757.444648 6.955158 0.723468 -1.235126 0.723468 1.982934   1   2  -1 
2456217.529482 0.000000 0.000000 6756.209522 0.723468 6749.254364 8.190284 6757.444648 6.955158 0.723468 -1.235126 0.723468 1.982934   1   2  -1 
2456218.587951 0.000000 0.000000 6761.087306 0.783291 6749.254364 8.153220 6757.407584 11.832942 0.783291 3.679722 0.783291 1.982934   1   2  -1 
2456218.587951 0.000000 0.000000 6761.087306 0.783291 6749.254364 8.153220 6757.407584 11.832942 0.783291 3.679722 0.783291 1.982934   1   2  -1 
2456219.500319 0.000000 0.000000 6756.194158 0.495656 6749.254364 8.193767 6757.448131 6.939794 0.495656 -1.253973 0.495656 1.982934   1   2  -1 
2456219.500319 0.000000 0.000000 6756.194158 0.495656 6749.254364 8.193767 6757.448131 6.939794 0.495656 -1.253973 0.495656 1.982934   1   2  -1 
2456220.491327 0.000000 0.000000 6755.982846 0.783227 6749.254364 8.253152 6757.507516 6.728482 0.783227 -1.524670 0.783227 1.982934   1   2  -1 
2456220.491327 0.000000 0.000000 6755.982846 0.783227 6749.254364 8.253152 6757.507516 6.728482 0.783227 -1.524670 0.783227 1.982934   1   2  -1 
2456220.514069 0.000000 0.000000 6755.832612 0.640640 6749.254364 8.253947 6757.508311 6.578248 0.640640 -1.675699 0.640640 1.982934   1   2  -1 
2456220.514069 0.000000 0.000000 6755.832612 0.640640 6749.254364 8.253947 6757.508311 6.578248 0.640640 -1.675699 0.640640 1.982934   1   2  -1 
2456409.867093 0.000000 0.000000 6759.457368 1.234666 6749.254364 13.225225 6762.479589 10.203004 1.234666 -3.022221 1.234666 1.982934   1   2  -1 
2456409.867093 0.000000 0.000000 6759.457368 1.234666 6749.254364 13.225225 6762.479589 10.203004 1.234666 -3.022221 1.234666 1.982934   1   2  -1 
2456409.872719 0.000000 0.000000 6760.777904 1.190406 6749.254364 13.252276 6762.506641 11.523540 1.190406 -1.728737 1.190406 1.982934   1   2  -1 
2456409.872719 0.000000 0.000000 6760.777904 1.190406 6749.254364 13.252276 6762.506641 11.523540 1.190406 -1.728737 1.190406 1.982934   1   2  -1 
2456410.795661 0.000000 0.000000 6769.842631 6.542149 6749.254364 15.508100 6764.762465 20.588267 6.542149 5.080166 6.542149 1.982934   1   2  -1 
2456410.795661 0.000000 0.000000 6769.842631 6.542149 6749.254364 15.508100 6764.762465 20.588267 6.542149 5.080166 6.542149 1.982934   1   2  -1 
2456410.804261 0.000000 0.000000 6767.393954 4.854859 6749.254364 15.506590 6764.760954 18.139590 4.854859 2.633000 4.854859 1.982934   1   2  -1 
2456410.804261 0.000000 0.000000 6767.393954 4.854859 6749.254364 15.506590 6764.760954 18.139590 4.854859 2.633000 4.854859 1.982934   1   2  -1 
2456416.824768 0.000000 0.000000 6754.823732 1.100783 6749.254364 5.048897 6754.303261 5.569368 1.100783 0.520471 1.100783 1.982934   1   2  -1 
2456416.824768 0.000000 0.000000 6754.823732 1.100783 6749.254364 5.048897 6754.303261 5.569368 1.100783 0.520471 1.100783 1.982934   1   2  -1 
2456416.828565 0.000000 0.000000 6752.557971 1.091725 6749.254364 5.058584 6754.312948 3.303607 1.091725 -1.754977 1.091725 1.982934   1   2  -1 
2456416.828565 0.000000 0.000000 6752.557971 1.091725 6749.254364 5.058584 6754.312948 3.303607 1.091725 -1.754977 1.091725 1.982934   1   2  -1 
2456416.832443 0.000000 0.000000 6755.652557 1.133660 6749.254364 5.068445 6754.322809 6.398193 1.133660 1.329748 1.133660 1.982934   1   2  -1 
2456416.832443 0.000000 0.000000 6755.652557 1.133660 6749.254364 5.068445 6754.322809 6.398193 1.133660 1.329748 1.133660 1.982934   1   2  -1 
2456432.884915 0.000000 0.000000 6750.289458 0.787972 6749.254364 -0.260244 6748.994120 1.035094 0.787972 1.295338 0.787972 1.982934   1   2  -1 
2456432.884915 0.000000 0.000000 6750.289458 0.787972 6749.254364 -0.260244 6748.994120 1.035094 0.787972 1.295338 0.787972 1.982934   1   2  -1 
2456432.890124 0.000000 0.000000 6749.887804 0.901606 6749.254364 -0.257490 6748.996875 0.633440 0.901606 0.890929 0.901606 1.982934   1   2  -1 
2456432.890124 0.000000 0.000000 6749.887804 0.901606 6749.254364 -0.257490 6748.996875 0.633440 0.901606 0.890929 0.901606 1.982934   1   2  -1 
2456433.905268 0.000000 0.000000 6751.123745 1.477288 6749.254364 0.599683 6749.854048 1.869381 1.477288 1.269697 1.477288 1.982934   1   2  -1 
2456433.905268 0.000000 0.000000 6751.123745 1.477288 6749.254364 0.599683 6749.854048 1.869381 1.477288 1.269697 1.477288 1.982934   1   2  -1 
2456433.910395 0.000000 0.000000 6755.515765 1.603077 6749.254364 0.605045 6749.859409 6.261401 1.603077 5.656356 1.603077 1.982934   1   2  -1 
2456433.910395 0.000000 0.000000 6755.515765 1.603077 6749.254364 0.605045 6749.859409 6.261401 1.603077 5.656356 1.603077 1.982934   1   2  -1 
2456434.892458 0.000000 0.000000 6749.944594 0.969582 6749.254364 1.618573 6750.872937 0.690230 0.969582 -0.928343 0.969582 1.982934   1   2  -1 
2456434.892458 0.000000 0.000000 6749.944594 0.969582 6749.254364 1.618573 6750.872937 0.690230 0.969582 -0.928343 0.969582 1.982934   1   2  -1 
2456434.898129 0.000000 0.000000 6750.432478 0.937709 6749.254364 1.623903 6750.878268 1.178114 0.937709 -0.445790 0.937709 1.982934   1   2  -1 
2456434.898129 0.000000 0.000000 6750.432478 0.937709 6749.254364 1.623903 6750.878268 1.178114 0.937709 -0.445790 0.937709 1.982934   1   2  -1 
2456437.889188 0.000000 0.000000 6752.992684 0.801579 6749.254364 3.552518 6752.806882 3.738320 0.801579 0.185802 0.801579 1.982934   1   2  -1 
2456437.889188 0.000000 0.000000 6752.992684 0.801579 6749.254364 3.552518 6752.806882 3.738320 0.801579 0.185802 0.801579 1.982934   1   2  -1 
2456437.894720 0.000000 0.000000 6750.576482 0.735776 6749.254364 3.556409 6752.810773 1.322118 0.735776 -2.234291 0.735776 1.982934   1   2  -1 
2456437.894720 0.000000 0.000000 6750.576482 0.735776 6749.254364 3.556409 6752.810773 1.322118 0.735776 -2.234291 0.735776 1.982934   1   2  -1 
2456438.860772 0.000000 0.000000 6752.460540 0.640814 6749.254364 4.299295 6753.553659 3.206176 0.640814 -1.093119 0.640814 1.982934   1   2  -1 
2456438.860772 0.000000 0.000000 6752.460540 0.640814 6749.254364 4.299295 6753.553659 3.206176 0.640814 -1.093119 0.640814 1.982934   1   2  -1 
2456441.860316 0.000000 0.000000 6756.852144 0.846284 6749.254364 5.637402 6754.891766 7.597780 0.846284 1.960378 0.846284 1.982934   1   2  -1 
2456441.860316 0.000000 0.000000 6756.852144 0.846284 6749.254364 5.637402 6754.891766 7.597780 0.846284 1.960378 0.846284 1.982934   1   2  -1 
2456454.832361 0.000000 0.000000 6752.986609 0.709239 6749.254364 2.510958 6751.765322 3.732245 0.709239 1.221287 0.709239 1.982934   1   2  -1 
2456454.832361 0.000000 0.000000 6752.986609 0.709239 6749.254364 2.510958 6751.765322 3.732245 0.709239 1.221287 0.709239 1.982934   1   2  -1 
2456454.837894 0.000000 0.000000 6750.972291 0.711651 6749.254364 2.505949 6751.760314 1.717927 0.711651 -0.788023 0.711651 1.982934   1   2  -1 
2456454.837894 0.000000 0.000000 6750.972291 0.711651 6749.254364 2.505949 6751.760314 1.717927 0.711651 -0.788023 0.711651 1.982934   1   2  -1 
2456467.823190 0.000000 0.000000 6754.822849 1.255655 6749.254364 3.358482 6752.612846 5.568485 1.255655 2.210003 1.255655 1.982934   1   2  -1 
2456467.823190 0.000000 0.000000 6754.822849 1.255655 6749.254364 3.358482 6752.612846 5.568485 1.255655 2.210003 1.255655 1.982934   1   2  -1 
2456467.826929 0.000000 0.000000 6751.728023 1.113375 6749.254364 3.360339 6752.614703 2.473659 1.113375 -0.886680 1.113375 1.982934   1   2  -1 
2456467.826929 0.000000 0.000000 6751.728023 1.113375 6749.254364 3.360339 6752.614703 2.473659 1.113375 -0.886680 1.113375 1.982934   1   2  -1 
2456467.830702 0.000000 0.000000 6751.044367 1.185837 6749.254364 3.362246 6752.616610 1.790003 1.185837 -1.572243 1.185837 1.982934   1   2  -1 
2456467.830702 0.000000 0.000000 6751.044367 1.185837 6749.254364 3.362246 6752.616610 1.790003 1.185837 -1.572243 1.185837 1.982934   1   2  -1 
2456473.860840 0.000000 0.000000 6750.322340 1.051321 6749.254364 0.825494 6750.079858 1.067976 1.051321 0.242482 1.051321 1.982934   1   2  -1 
2456473.860840 0.000000 0.000000 6750.322340 1.051321 6749.254364 0.825494 6750.079858 1.067976 1.051321 0.242482 1.051321 1.982934   1   2  -1 
2456473.864821 0.000000 0.000000 6751.867851 1.016901 6749.254364 0.823163 6750.077527 2.613487 1.016901 1.790324 1.016901 1.982934   1   2  -1 
2456473.864821 0.000000 0.000000 6751.867851 1.016901 6749.254364 0.823163 6750.077527 2.613487 1.016901 1.790324 1.016901 1.982934   1   2  -1 
2456473.868595 0.000000 0.000000 6753.178042 1.098920 6749.254364 0.820992 6750.075356 3.923678 1.098920 3.102686 1.098920 1.982934   1   2  -1 
2456473.868595 0.000000 0.000000 6753.178042 1.098920 6749.254364 0.820992 6750.075356 3.923678 1.098920 3.102686 1.098920 1.982934   1   2  -1 
2456480.776552 0.000000 0.000000 6754.557282 0.996431 6749.254364 3.066988 6752.321352 5.302918 0.996431 2.235930 0.996431 1.982934   1   2  -1 
2456480.776552 0.000000 0.000000 6754.557282 0.996431 6749.254364 3.066988 6752.321352 5.302918 0.996431 2.235930 0.996431 1.982934   1   2  -1 
2456480.782281 0.000000 0.000000 6755.387313 0.925325 6749.254364 3.068272 6752.322636 6.132949 0.925325 3.064677 0.925325 1.982934   1   2  -1 
2456480.782281 0.000000 0.000000 6755.387313 0.925325 6749.254364 3.068272 6752.322636 6.132949 0.925325 3.064677 0.925325 1.982934   1   2  -1 
2456481.631506 0.000000 0.000000 6756.772221 1.240759 6749.254364 3.753201 6753.007565 7.517857 1.240759 3.764656 1.240759 1.982934   1   2  -1 
2456481.631506 0.000000 0.000000 6756.772221 1.240759 6749.254364 3.753201 6753.007565 7.517857 1.240759 3.764656 1.240759 1.982934   1   2  -1 
2456481.637189 0.000000 0.000000 6753.538508 1.259412 6749.254364 3.760352 6753.014716 4.284144 1.259412 0.523792 1.259412 1.982934   1   2  -1 
2456481.637189 0.000000 0.000000 6753.538508 1.259412 6749.254364 3.760352 6753.014716 4.284144 1.259412 0.523792 1.259412 1.982934   1   2  -1 
2456501.599929 0.000000 0.000000 6754.822030 0.631664 6749.254364 5.321781 6754.576145 5.567666 0.631664 0.245885 0.631664 1.982934   1   2  -1 
2456501.599929 0.000000 0.000000 6754.822030 0.631664 6749.254364 5.321781 6754.576145 5.567666 0.631664 0.245885 0.631664 1.982934   1   2  -1 
2456523.744316 0.000000 0.000000 6751.875856 0.567478 6749.254364 1.755947 6751.010312 2.621492 0.567478 0.865544 0.567478 1.982934   1   2  -1 
2456523.744316 0.000000 0.000000 6751.875856 0.567478 6749.254364 1.755947 6751.010312 2.621492 0.567478 0.865544 0.567478 1.982934   1   2  -1 
2456524.691276 0.000000 0.000000 6747.554595 0.703132 6749.254364 1.383627 6750.637991 -1.699769 0.703132 -3.083396 0.703132 1.982934   1   2  -1 
2456524.691276 0.000000 0.000000 6747.554595 0.703132 6749.254364 1.383627 6750.637991 -1.699769 0.703132 -3.083396 0.703132 1.982934   1   2  -1 
2456524.696693 0.000000 0.000000 6749.458315 0.716695 6749.254364 1.385217 6750.639582 0.203951 0.716695 -1.181267 0.716695 1.982934   1   2  -1 
2456524.696693 0.000000 0.000000 6749.458315 0.716695 6749.254364 1.385217 6750.639582 0.203951 0.716695 -1.181267 0.716695 1.982934   1   2  -1 
2456525.743740 0.000000 0.000000 6754.356749 0.637734 6749.254364 2.354566 6751.608931 5.102385 0.637734 2.747818 0.637734 1.982934   1   2  -1 
2456525.743740 0.000000 0.000000 6754.356749 0.637734 6749.254364 2.354566 6751.608931 5.102385 0.637734 2.747818 0.637734 1.982934   1   2  -1 
2456569.534062 0.000000 0.000000 6756.517428 1.076929 6749.254364 6.072849 6755.327214 7.263064 1.076929 1.190214 1.076929 1.982934   1   2  -1 
2456569.534062 0.000000 0.000000 6756.517428 1.076929 6749.254364 6.072849 6755.327214 7.263064 1.076929 1.190214 1.076929 1.982934   1   2  -1 
2456585.564665 0.000000 0.000000 6750.921123 0.855663 6749.254364 -1.276665 6747.977700 1.666759 0.855663 2.943423 0.855663 1.982934   1   2  -1 
2456585.564665 0.000000 0.000000 6750.921123 0.855663 6749.254364 -1.276665 6747.977700 1.666759 0.855663 2.943423 0.855663 1.982934   1   2  -1 
2456585.568473 0.000000 0.000000 6746.976103 0.828824 6749.254364 -1.277142 6747.977222 -2.278261 0.828824 -1.001119 0.828824 1.982934   1   2  -1 
2456585.568473 0.000000 0.000000 6746.976103 0.828824 6749.254364 -1.277142 6747.977222 -2.278261 0.828824 -1.001119 0.828824 1.982934   1   2  -1 
2456585.572350 0.000000 0.000000 6750.112670 0.846101 6749.254364 -1.277609 6747.976755 0.858306 0.846101 2.135915 0.846101 1.982934   1   2  -1 
2456585.572350 0.000000 0.000000 6750.112670 0.846101 6749.254364 -1.277609 6747.976755 0.858306 0.846101 2.135915 0.846101 1.982934   1   2  -1 
2456586.547688 0.000000 0.000000 6750.875948 0.928572 6749.254364 -0.863068 6748.391296 1.621584 0.928572 2.484652 0.928572 1.982934   1   2  -1 
2456586.547688 0.000000 0.000000 6750.875948 0.928572 6749.254364 -0.863068 6748.391296 1.621584 0.928572 2.484652 0.928572 1.982934   1   2  -1 
2456586.551530 0.000000 0.000000 6750.104421 0.993006 6749.254364 -0.859820 6748.394544 0.850057 0.993006 1.709877 0.993006 1.982934   1   2  -1 
2456586.551530 0.000000 0.000000 6750.104421 0.993006 6749.254364 -0.859820 6748.394544 0.850057 0.993006 1.709877 0.993006 1.982934   1   2  -1 
2456586.555442 0.000000 0.000000 6748.200881 1.030307 6749.254364 -0.856504 6748.397860 -1.053483 1.030307 -0.196979 1.030307 1.982934   1   2  -1 
2456586.555442 0.000000 0.000000 6748.200881 1.030307 6749.254364 -0.856504 6748.397860 -1.053483 1.030307 -0.196979 1.030307 1.982934   1   2  -1 
2456590.510961 0.000000 0.000000 6753.078268 1.367518 6749.254364 0.284297 6749.538661 3.823904 1.367518 3.539607 1.367518 1.982934   1   2  -1 
2456590.510961 0.000000 0.000000 6753.078268 1.367518 6749.254364 0.284297 6749.538661 3.823904 1.367518 3.539607 1.367518 1.982934   1   2  -1 
2456590.514943 0.000000 0.000000 6747.110191 1.522789 6749.254364 0.285003 6749.539368 -2.144173 1.522789 -2.429177 1.522789 1.982934   1   2  -1 
2456590.514943 0.000000 0.000000 6747.110191 1.522789 6749.254364 0.285003 6749.539368 -2.144173 1.522789 -2.429177 1.522789 1.982934   1   2  -1 
2456590.518611 0.000000 0.000000 6747.510946 1.287716 6749.254364 0.285670 6749.540034 -1.743418 1.287716 -2.029088 1.287716 1.982934   1   2  -1 
2456590.518611 0.000000 0.000000 6747.510946 1.287716 6749.254364 0.285670 6749.540034 -1.743418 1.287716 -2.029088 1.287716 1.982934   1   2  -1 
2456765.917789 0.000000 0.000000 6752.196408 0.712210 6749.254364 1.489728 6750.744092 2.942044 0.712210 1.452316 0.712210 1.982934   1   2  -1 
2456765.917789 0.000000 0.000000 6752.196408 0.712210 6749.254364 1.489728 6750.744092 2.942044 0.712210 1.452316 0.712210 1.982934   1   2  -1 
2456765.923021 0.000000 0.000000 6750.137503 0.718686 6749.254364 1.496013 6750.750378 0.883139 0.718686 -0.612875 0.718686 1.982934   1   2  -1 
2456765.923021 0.000000 0.000000 6750.137503 0.718686 6749.254364 1.496013 6750.750378 0.883139 0.718686 -0.612875 0.718686 1.982934   1   2  -1 
2456789.854143 0.000000 0.000000 6754.654993 0.783119 6749.254364 4.236854 6753.491218 5.400629 0.783119 1.163775 0.783119 1.982934   1   2  -1 
2456789.854143 0.000000 0.000000 6754.654993 0.783119 6749.254364 4.236854 6753.491218 5.400629 0.783119 1.163775 0.783119 1.982934   1   2  -1 
2456789.859722 0.000000 0.000000 6754.125832 0.810184 6749.254364 4.243718 6753.498083 4.871468 0.810184 0.627749 0.810184 1.982934   1   2  -1 
2456789.859722 0.000000 0.000000 6754.125832 0.810184 6749.254364 4.243718 6753.498083 4.871468 0.810184 0.627749 0.810184 1.982934   1   2  -1 
2456806.890179 0.000000 0.000000 6753.452377 0.848654 6749.254364 3.659782 6752.914146 4.198013 0.848654 0.538231 0.848654 1.982934   1   2  -1 
2456806.890179 0.000000 0.000000 6753.452377 0.848654 6749.254364 3.659782 6752.914146 4.198013 0.848654 0.538231 0.848654 1.982934   1   2  -1 
2456829.893363 0.000000 0.000000 6751.251499 0.544726 6749.254364 0.060158 6749.314522 1.997135 0.544726 1.936977 0.544726 1.982934   1   2  -1 
2456829.893363 0.000000 0.000000 6751.251499 0.544726 6749.254364 0.060158 6749.314522 1.997135 0.544726 1.936977 0.544726 1.982934   1   2  -1 
2456857.748704 0.000000 0.000000 6749.652990 0.916881 6749.254364 1.022450 6750.276815 0.398626 0.916881 -0.623825 0.916881 1.982934   1   2  -1 
2456857.748704 0.000000 0.000000 6749.652990 0.916881 6749.254364 1.022450 6750.276815 0.398626 0.916881 -0.623825 0.916881 1.982934   1   2  -1 
2456857.754433 0.000000 0.000000 6750.982955 0.896024 6749.254364 1.022874 6750.277238 1.728591 0.896024 0.705717 0.896024 1.982934   1   2  -1 
2456857.754433 0.000000 0.000000 6750.982955 0.896024 6749.254364 1.022874 6750.277238 1.728591 0.896024 0.705717 0.896024 1.982934   1   2  -1 
2456866.784629 0.000000 0.000000 6748.725985 0.744866 6749.254364 -0.510754 6748.743610 -0.528379 0.744866 -0.017625 0.744866 1.982934   1   2  -1 
2456866.784629 0.000000 0.000000 6748.725985 0.744866 6749.254364 -0.510754 6748.743610 -0.528379 0.744866 -0.017625 0.744866 1.982934   1   2  -1 
2456896.727940 0.000000 0.000000 6755.871457 1.053796 6749.254364 5.006050 6754.260414 6.617093 1.053796 1.611043 1.053796 1.982934   1   2  -1 
2456896.727940 0.000000 0.000000 6755.871457 1.053796 6749.254364 5.006050 6754.260414 6.617093 1.053796 1.611043 1.053796 1.982934   1   2  -1 
2456896.733287 0.000000 0.000000 6755.155412 1.302275 6749.254364 5.019144 6754.273508 5.901048 1.302275 0.881904 1.302275 1.982934   1   2  -1 
2456896.733287 0.000000 0.000000 6755.155412 1.302275 6749.254364 5.019144 6754.273508 5.901048 1.302275 0.881904 1.302275 1.982934   1   2  -1 
2457146.919889 0.000000 0.000000 6757.076817 0.544417 6749.254364 4.658307 6753.912671 7.822453 0.544417 3.164146 0.544417 1.982934   1   2  -1 
2457146.919889 0.000000 0.000000 6757.076817 0.544417 6749.254364 4.658307 6753.912671 7.822453 0.544417 3.164146 0.544417 1.982934   1   2  -1 
2457176.844500 0.000000 0.000000 6764.693117 0.482556 6767.606882 -3.702935 6763.903947 -2.913765 0.482556 0.789170 0.482556 1.982934   1   3  -1 
2457176.844500 0.000000 0.000000 6764.693117 0.482556 6767.606882 -3.702935 6763.903947 -2.913765 0.482556 0.789170 0.482556 1.982934   1   3  -1 
2457180.950532 0.000000 0.000000 6764.602498 0.611496 6767.606882 -3.298272 6764.308610 -3.004384 0.611496 0.293888 0.611496 1.982934   1   3  -1 
2457180.950532 0.000000 0.000000 6764.602498 0.611496 6767.606882 -3.298272 6764.308610 -3.004384 0.611496 0.293888 0.611496 1.982934   1   3  -1 
2457180.956053 0.000000 0.000000 6767.474385 0.642310 6767.606882 -3.304313 6764.302569 -0.132497 0.642310 3.171816 0.642310 1.982934   1   3  -1 
2457180.956053 0.000000 0.000000 6767.474385 0.642310 6767.606882 -3.304313 6764.302569 -0.132497 0.642310 3.171816 0.642310 1.982934   1   3  -1 
2457257.708144 0.000000 0.000000 6774.685435 0.957095 6767.606882 5.277297 6772.884179 7.078553 0.957095 1.801256 0.957095 1.982934   1   3  -1 
2457257.708144 0.000000 0.000000 6774.685435 0.957095 6767.606882 5.277297 6772.884179 7.078553 0.957095 1.801256 0.957095 1.982934   1   3  -1 
2457257.713815 0.000000 0.000000 6774.256609 1.031637 6767.606882 5.278388 6772.885270 6.649727 1.031637 1.371339 1.031637 1.982934   1   3  -1 
2457257.713815 0.000000 0.000000 6774.256609 1.031637 6767.606882 5.278388 6772.885270 6.649727 1.031637 1.371339 1.031637 1.982934   1   3  -1 
2457307.523708 0.000000 0.000000 6769.474717 0.569213 6767.606882 2.615051 6770.221933 1.867835 0.569213 -0.747216 0.569213 1.982934   1   3  -1 
2457307.523708 0.000000 0.000000 6769.474717 0.569213 6767.606882 2.615051 6770.221933 1.867835 0.569213 -0.747216 0.569213 1.982934   1   3  -1 
2457307.529113 0.000000 0.000000 6769.180290 0.591603 6767.606882 2.620529 6770.227411 1.573408 0.591603 -1.047121 0.591603 1.982934   1   3  -1 
2457307.529113 0.000000 0.000000 6769.180290 0.591603 6767.606882 2.620529 6770.227411 1.573408 0.591603 -1.047121 0.591603 1.982934   1   3  -1 
2457675.588735 0.000000 0.000000 6771.120424 0.533261 6767.606882 6.363209 6773.970091 3.513542 0.533261 -2.849667 0.533261 1.982934   1   3  -1 
2457675.588735 0.000000 0.000000 6771.120424 0.533261 6767.606882 6.363209 6773.970091 3.513542 0.533261 -2.849667 0.533261 1.982934   1   3  -1 
2457879.840329 0.000000 0.000000 6766.798509 0.840815 6767.606882 0.277365 6767.884247 -0.808373 0.840815 -1.085738 0.840815 1.982934   1   3  -1 
2457879.840329 0.000000 0.000000 6766.798509 0.840815 6767.606882 0.277365 6767.884247 -0.808373 0.840815 -1.085738 0.840815 1.982934   1   3  -1 
2457943.770578 0.000000 0.000000 6775.093006 0.454087 6767.606882 6.932061 6774.538943 7.486124 0.454087 0.554063 0.454087 1.982934   1   3  -1 
2457943.770578 0.000000 0.000000 6775.093006 0.454087 6767.606882 6.932061 6774.538943 7.486124 0.454087 0.554063 0.454087 1.982934   1   3  -1 
2457968.637355 0.000000 0.000000 6769.850407 0.766025 6767.606882 4.378558 6771.985440 2.243525 0.766025 -2.135033 0.766025 1.982934   1   3  -1 
2457968.637355 0.000000 0.000000 6769.850407 0.766025 6767.606882 4.378558 6771.985440 2.243525 0.766025 -2.135033 0.766025 1.982934   1   3  -1 
2460042.883932 0.000000 0.000000 6638.543767 0.194366 6633.362772 1.002613 6634.365385 5.180995 0.194366 4.178382 0.194366 12.079334   0   1  -1 
2460042.889532 0.000000 0.000000 6639.362246 0.197675 6633.362772 0.993561 6634.356333 5.999474 0.197675 5.005913 0.197675 12.079334   0   1  -1 
2460043.870973 0.000000 0.000000 6635.676123 0.231538 6633.362772 -0.232717 6633.130055 2.313351 0.231538 2.546068 0.231538 12.079334   0   1  -1 
2460043.876677 0.000000 0.000000 6635.144250 0.215486 6633.362772 -0.237674 6633.125098 1.781478 0.215486 2.019152 0.215486 12.079334   0   1  -1 
2460044.793251 0.000000 0.000000 6636.194980 0.238014 6633.362772 -0.739564 6632.623208 2.832208 0.238014 3.571772 0.238014 12.079334   0   1  -1 
2460044.798982 0.000000 0.000000 6635.616222 0.236508 6633.362772 -0.741090 6632.621682 2.253450 0.236508 2.994540 0.236508 12.079334   0   1  -1 
2460045.773704 0.000000 0.000000 6630.485958 0.527086 6633.362772 -0.822068 6632.540704 -2.876814 0.527086 -2.054746 0.527086 12.079334   0   1  -1 
2460045.779649 0.000000 0.000000 6631.851550 0.356358 6633.362772 -0.821868 6632.540904 -1.511222 0.356358 -0.689354 0.356358 12.079334   0   1  -1 
2460046.786658 0.000000 0.000000 6633.843874 0.216596 6633.362772 -0.792080 6632.570692 0.481102 0.216596 1.273182 0.216596 12.079334   0   1  -1 
2460046.792204 0.000000 0.000000 6634.866972 0.200898 6633.362772 -0.792213 6632.570559 1.504200 0.200898 2.296413 0.200898 12.079334   0   1  -1 
2460047.789500 0.000000 0.000000 6633.186422 0.215835 6633.362772 -0.925036 6632.437736 -0.176350 0.215835 0.748686 0.215835 12.079334   0   1  -1 
2460047.795047 0.000000 0.000000 6633.209210 0.207999 6633.362772 -0.926420 6632.436352 -0.153562 0.207999 0.772858 0.207999 12.079334   0   1  -1 
2460048.783364 0.000000 0.000000 6629.609690 0.259180 6633.362772 -1.265654 6632.097118 -3.753082 0.259180 -2.487428 0.259180 12.079334   0   1  -1 
2460048.789012 0.000000 0.000000 6629.256972 0.241587 6633.362772 -1.267984 6632.094789 -4.105800 0.241587 -2.837817 0.241587 12.079334   0   1  -1 
2460049.801102 0.000000 0.000000 6631.039854 0.223882 6633.362772 -1.689817 6631.672955 -2.322918 0.223882 -0.633101 0.223882 12.079334   0   1  -1 
2460049.806533 0.000000 0.000000 6630.157588 0.237350 6633.362772 -1.691898 6631.670874 -3.205184 0.237350 -1.513286 0.237350 12.079334   0   1  -1 
2460050.776767 0.000000 0.000000 6629.430013 0.220926 6633.362772 -1.964814 6631.397958 -3.932759 0.220926 -1.967945 0.220926 12.079334   0   1  -1 
2460050.782471 0.000000 0.000000 6629.926843 0.212336 6633.362772 -1.965657 6631.397115 -3.435929 0.212336 -1.470272 0.212336 12.079334   0   1  -1 
2460068.823617 0.000000 0.000000 6631.559544 0.250917 6633.362772 1.381931 6634.744703 -1.803228 0.250917 -3.185159 0.250917 12.079334   0   1  -1 
2460068.829253 0.000000 0.000000 6629.646784 0.315822 6633.362772 1.384869 6634.747641 -3.715988 0.315822 -5.100857 0.315822 12.079334   0   1  -1 
2460073.775251 0.000000 0.000000 6625.088984 0.273036 6633.362772 -4.977356 6628.385416 -8.273788 0.273036 -3.296432 0.273036 12.079334   0   1  -1 
2460073.780774 0.000000 0.000000 6625.286948 0.249282 6633.362772 -4.982999 6628.379773 -8.075824 0.249282 -3.092825 0.249282 12.079334   0   1  -1 
2460076.728213 0.000000 0.000000 6628.562665 0.253446 6633.362772 -4.266598 6629.096174 -4.800107 0.253446 -0.533509 0.253446 12.079334   0   1  -1 
2460076.733797 0.000000 0.000000 6628.366049 0.242470 6633.362772 -4.261803 6629.100969 -4.996723 0.242470 -0.734920 0.242470 12.079334   0   1  -1 
2460077.755001 0.000000 0.000000 6624.903844 0.312506 6633.362772 -3.287598 6630.075174 -8.458928 0.312506 -5.171330 0.312506 12.079334   0   1  -1 
2460077.760768 0.000000 0.000000 6625.020045 0.301092 6633.362772 -3.281385 6630.081387 -8.342727 0.301092 -5.061342 0.301092 12.079334   0   1  -1 
2460078.818364 0.000000 0.000000 6630.516939 0.236131 6633.362772 -1.961227 6631.401545 -2.845833 0.236131 -0.884606 0.236131 12.079334   0   1  -1 
2460078.823976 0.000000 0.000000 6630.804515 0.231515 6633.362772 -1.953318 6631.409454 -2.558257 0.231515 -0.604939 0.231515 12.079334   0   1  -1 
2460079.846559 0.000000 0.000000 6632.273395 0.225727 6633.362772 -0.476448 6632.886324 -1.089377 0.225727 -0.612929 0.225727 12.079334   0   1  -1 
2460079.852048 0.000000 0.000000 6631.927170 0.228638 6633.362772 -0.468926 6632.893846 -1.435602 0.228638 -0.966676 0.228638 12.079334   0   1  -1 
2460080.730235 0.000000 0.000000 6632.645260 0.243529 6633.362772 0.496688 6633.859460 -0.717512 0.243529 -1.214200 0.243529 12.079334   0   1  -1 
2460080.735864 0.000000 0.000000 6633.292553 0.224766 6633.362772 0.500826 6633.863598 -0.070219 0.224766 -0.571045 0.224766 12.079334   0   1  -1 
2460082.755256 0.000000 0.000000 6630.390412 0.286786 6633.362772 -0.066966 6633.295806 -2.972360 0.286786 -2.905394 0.286786 12.079334   0   1  -1 
2460082.760842 0.000000 0.000000 6630.795800 0.259323 6633.362772 -0.072009 6633.290763 -2.566972 0.259323 -2.494963 0.259323 12.079334   0   1  -1 
2460085.681985 0.000000 0.000000 6698.391877 0.365564 6633.362772 3.424271 6636.787043 65.029105 0.365564 61.604834 0.365564 12.079334   0   1  -1 
2460085.687655 0.000000 0.000000 6697.808554 0.384345 6633.362772 3.447162 6636.809934 64.445782 0.384345 60.998620 0.384345 12.079334   0   1  -1 
2460086.748603 0.000000 0.000000 6635.114081 0.193185 6633.362772 7.997971 6641.360743 1.751309 0.193185 -6.246662 0.193185 12.079334   0   1  -1 
2460086.754324 0.000000 0.000000 6634.108130 0.208316 6633.362772 8.021231 6641.384003 0.745358 0.208316 -7.275873 0.208316 12.079334   0   1  -1 
2460199.601214 0.000000 0.000000 6622.205086 0.389251 6633.362772 -8.791526 6624.571246 -11.157686 0.389251 -2.366160 0.389251 12.079334   0   1  -1 
2460199.607025 0.000000 0.000000 6622.574384 0.381438 6633.362772 -8.782566 6624.580206 -10.788388 0.381438 -2.005822 0.381438 12.079334   0   1  -1 
2460201.515076 0.000000 0.000000 6625.332354 0.272613 6633.362772 -5.688329 6627.674443 -8.030418 0.272613 -2.342089 0.272613 12.079334   0   1  -1 
2460201.520627 0.000000 0.000000 6624.542897 0.294212 6633.362772 -5.681490 6627.681282 -8.819875 0.294212 -3.138385 0.294212 12.079334   0   1  -1 
2460202.533617 0.000000 0.000000 6626.906002 0.232737 6633.362772 -4.750271 6628.612501 -6.456770 0.232737 -1.706499 0.232737 12.079334   0   1  -1 
2460202.539273 0.000000 0.000000 6627.020676 0.220468 6633.362772 -4.746538 6628.616234 -6.342096 0.220468 -1.595558 0.220468 12.079334   0   1  -1 
2460203.571018 0.000000 0.000000 6625.203535 0.337253 6633.362772 -4.166651 6629.196121 -8.159237 0.337253 -3.992586 0.337253 12.079334   0   1  -1 
2460203.577196 0.000000 0.000000 6625.477322 0.360328 6633.362772 -4.163248 6629.199524 -7.885450 0.360328 -3.722202 0.360328 12.079334   0   1  -1 
2460204.530857 0.000000 0.000000 6628.752956 0.197030 6633.362772 -3.552511 6629.810261 -4.609816 0.197030 -1.057305 0.197030 12.079334   0   1  -1 
2460204.536387 0.000000 0.000000 6627.522270 0.208547 6633.362772 -3.548406 6629.814366 -5.840502 0.208547 -2.292096 0.208547 12.079334   0   1  -1 
2460205.516019 0.000000 0.000000 6628.249113 0.244280 6633.362772 -2.766239 6630.596533 -5.113659 0.244280 -2.347420 0.244280 12.079334   0   1  -1 
2460205.521490 0.000000 0.000000 6628.705998 0.216530 6633.362772 -2.761850 6630.600922 -4.656774 0.216530 -1.894924 0.216530 12.079334   0   1  -1 
2460206.534104 0.000000 0.000000 6627.482697 0.247014 6633.362772 -2.063351 6631.299421 -5.880075 0.247014 -3.816724 0.247014 12.079334   0   1  -1 
2460206.539634 0.000000 0.000000 6629.267429 0.225863 6633.362772 -2.060389 6631.302383 -4.095343 0.225863 -2.034954 0.225863 12.079334   0   1  -1 
2460208.612713 0.000000 0.000000 6630.363009 0.238171 6633.362772 -1.261759 6632.101013 -2.999763 0.238171 -1.738004 0.238171 12.079334   0   1  -1 
2460208.618030 0.000000 0.000000 6629.924431 0.245322 6633.362772 -1.258447 6632.104325 -3.438341 0.245322 -2.179894 0.245322 12.079334   0   1  -1 
2460209.504007 0.000000 0.000000 6623.939779 0.494812 6633.362772 -0.361508 6633.001264 -9.422993 0.494812 -9.061485 0.494812 12.079334   0   1  -1 
2460209.509978 0.000000 0.000000 6626.528984 0.441044 6633.362772 -0.352763 6633.010009 -6.833788 0.441044 -6.481025 0.441044 12.079334   0   1  -1 
2460210.587394 0.000000 0.000000 6629.731782 0.275366 6633.362772 1.852834 6635.215606 -3.630990 0.275366 -5.483824 0.275366 12.079334   0   1  -1 
2460210.593026 0.000000 0.000000 6627.639495 0.295408 6633.362772 1.867271 6635.230043 -5.723277 0.295408 -7.590548 0.295408 12.079334   0   1  -1 
2460211.516295 0.000000 0.000000 6628.377092 0.380462 6633.362772 4.427375 6637.790147 -4.985680 0.380462 -9.413055 0.380462 12.079334   0   1  -1 
2460211.522268 0.000000 0.000000 6629.418252 0.306169 6633.362772 4.444262 6637.807035 -3.944520 0.306169 -8.388783 0.306169 12.079334   0   1  -1 
