# Tc_folded model 
-1.500000 0.925195 
-1.499000 0.935055 
-1.498000 0.944859 
-1.497000 0.954606 
-1.496000 0.964297 
-1.495000 0.973930 
-1.494000 0.983507 
-1.493000 0.993027 
-1.492000 1.002490 
-1.491000 1.011896 
-1.490000 1.021246 
-1.489000 1.030539 
-1.488000 1.039775 
-1.487000 1.048954 
-1.486000 1.058077 
-1.485000 1.067143 
-1.484000 1.076152 
-1.483000 1.085105 
-1.482000 1.094001 
-1.481000 1.102840 
-1.480000 1.111623 
-1.479000 1.120349 
-1.478000 1.129019 
-1.477000 1.137633 
-1.476000 1.146190 
-1.475000 1.154690 
-1.474000 1.163134 
-1.473000 1.171522 
-1.472000 1.179854 
-1.471000 1.188129 
-1.470000 1.196349 
-1.469000 1.204512 
-1.468000 1.212618 
-1.467000 1.220669 
-1.466000 1.228664 
-1.465000 1.236603 
-1.464000 1.244486 
-1.463000 1.252313 
-1.462000 1.260084 
-1.461000 1.267800 
-1.460000 1.275460 
-1.459000 1.283064 
-1.458000 1.290612 
-1.457000 1.298105 
-1.456000 1.305543 
-1.455000 1.312925 
-1.454000 1.320252 
-1.453000 1.327523 
-1.452000 1.334740 
-1.451000 1.341901 
-1.450000 1.349007 
-1.449000 1.356058 
-1.448000 1.363053 
-1.447000 1.369994 
-1.446000 1.376880 
-1.445000 1.383712 
-1.444000 1.390488 
-1.443000 1.397210 
-1.442000 1.403877 
-1.441000 1.410490 
-1.440000 1.417049 
-1.439000 1.423552 
-1.438000 1.430002 
-1.437000 1.436397 
-1.436000 1.442738 
-1.435000 1.449025 
-1.434000 1.455258 
-1.433000 1.461437 
-1.432000 1.467562 
-1.431000 1.473634 
-1.430000 1.479651 
-1.429000 1.485615 
-1.428000 1.491525 
-1.427000 1.497382 
-1.426000 1.503185 
-1.425000 1.508935 
-1.424000 1.514631 
-1.423000 1.520274 
-1.422000 1.525864 
-1.421000 1.531401 
-1.420000 1.536885 
-1.419000 1.542316 
-1.418000 1.547693 
-1.417000 1.553019 
-1.416000 1.558291 
-1.415000 1.563511 
-1.414000 1.568678 
-1.413000 1.573792 
-1.412000 1.578854 
-1.411000 1.583864 
-1.410000 1.588822 
-1.409000 1.593727 
-1.408000 1.598580 
-1.407000 1.603381 
-1.406000 1.608130 
-1.405000 1.612827 
-1.404000 1.617472 
-1.403000 1.622065 
-1.402000 1.626607 
-1.401000 1.631097 
-1.400000 1.635535 
-1.399000 1.639922 
-1.398000 1.644257 
-1.397000 1.648542 
-1.396000 1.652774 
-1.395000 1.656956 
-1.394000 1.661086 
-1.393000 1.665166 
-1.392000 1.669194 
-1.391000 1.673172 
-1.390000 1.677098 
-1.389000 1.680974 
-1.388000 1.684799 
-1.387000 1.688573 
-1.386000 1.692297 
-1.385000 1.695971 
-1.384000 1.699593 
-1.383000 1.703166 
-1.382000 1.706688 
-1.381000 1.710160 
-1.380000 1.713582 
-1.379000 1.716954 
-1.378000 1.720275 
-1.377000 1.723547 
-1.376000 1.726769 
-1.375000 1.729941 
-1.374000 1.733063 
-1.373000 1.736135 
-1.372000 1.739158 
-1.371000 1.742131 
-1.370000 1.745055 
-1.369000 1.747929 
-1.368000 1.750754 
-1.367000 1.753529 
-1.366000 1.756256 
-1.365000 1.758933 
-1.364000 1.761561 
-1.363000 1.764140 
-1.362000 1.766669 
-1.361000 1.769150 
-1.360000 1.771582 
-1.359000 1.773965 
-1.358000 1.776300 
-1.357000 1.778585 
-1.356000 1.780822 
-1.355000 1.783011 
-1.354000 1.785151 
-1.353000 1.787242 
-1.352000 1.789285 
-1.351000 1.791279 
-1.350000 1.793226 
-1.349000 1.795124 
-1.348000 1.796973 
-1.347000 1.798775 
-1.346000 1.800528 
-1.345000 1.802234 
-1.344000 1.803891 
-1.343000 1.805501 
-1.342000 1.807062 
-1.341000 1.808576 
-1.340000 1.810042 
-1.339000 1.811460 
-1.338000 1.812830 
-1.337000 1.814153 
-1.336000 1.815429 
-1.335000 1.816656 
-1.334000 1.817836 
-1.333000 1.818969 
-1.332000 1.820055 
-1.331000 1.821093 
-1.330000 1.822083 
-1.329000 1.823027 
-1.328000 1.823923 
-1.327000 1.824772 
-1.326000 1.825574 
-1.325000 1.826328 
-1.324000 1.827036 
-1.323000 1.827697 
-1.322000 1.828310 
-1.321000 1.828877 
-1.320000 1.829397 
-1.319000 1.829870 
-1.318000 1.830296 
-1.317000 1.830676 
-1.316000 1.831008 
-1.315000 1.831294 
-1.314000 1.831534 
-1.313000 1.831727 
-1.312000 1.831873 
-1.311000 1.831972 
-1.310000 1.832025 
-1.309000 1.832032 
-1.308000 1.831992 
-1.307000 1.831906 
-1.306000 1.831773 
-1.305000 1.831594 
-1.304000 1.831369 
-1.303000 1.831097 
-1.302000 1.830779 
-1.301000 1.830415 
-1.300000 1.830005 
-1.299000 1.829548 
-1.298000 1.829046 
-1.297000 1.828497 
-1.296000 1.827902 
-1.295000 1.827261 
-1.294000 1.826574 
-1.293000 1.825841 
-1.292000 1.825063 
-1.291000 1.824238 
-1.290000 1.823367 
-1.289000 1.822450 
-1.288000 1.821488 
-1.287000 1.820479 
-1.286000 1.819425 
-1.285000 1.818325 
-1.284000 1.817179 
-1.283000 1.815987 
-1.282000 1.814750 
-1.281000 1.813466 
-1.280000 1.812138 
-1.279000 1.810763 
-1.278000 1.809343 
-1.277000 1.807877 
-1.276000 1.806365 
-1.275000 1.804808 
-1.274000 1.803205 
-1.273000 1.801556 
-1.272000 1.799862 
-1.271000 1.798123 
-1.270000 1.796337 
-1.269000 1.794507 
-1.268000 1.792630 
-1.267000 1.790709 
-1.266000 1.788741 
-1.265000 1.786728 
-1.264000 1.784670 
-1.263000 1.782566 
-1.262000 1.780417 
-1.261000 1.778222 
-1.260000 1.775982 
-1.259000 1.773697 
-1.258000 1.771366 
-1.257000 1.768989 
-1.256000 1.766567 
-1.255000 1.764100 
-1.254000 1.761587 
-1.253000 1.759029 
-1.252000 1.756426 
-1.251000 1.753777 
-1.250000 1.751082 
-1.249000 1.748343 
-1.248000 1.745558 
-1.247000 1.742727 
-1.246000 1.739851 
-1.245000 1.736930 
-1.244000 1.733964 
-1.243000 1.730952 
-1.242000 1.727894 
-1.241000 1.724792 
-1.240000 1.721644 
-1.239000 1.718450 
-1.238000 1.715211 
-1.237000 1.711927 
-1.236000 1.708598 
-1.235000 1.705223 
-1.234000 1.701802 
-1.233000 1.698337 
-1.232000 1.694826 
-1.231000 1.691269 
-1.230000 1.687667 
-1.229000 1.684020 
-1.228000 1.680327 
-1.227000 1.676589 
-1.226000 1.672806 
-1.225000 1.668977 
-1.224000 1.665102 
-1.223000 1.661183 
-1.222000 1.657217 
-1.221000 1.653207 
-1.220000 1.649150 
-1.219000 1.645049 
-1.218000 1.640902 
-1.217000 1.636709 
-1.216000 1.632471 
-1.215000 1.628187 
-1.214000 1.623858 
-1.213000 1.619484 
-1.212000 1.615064 
-1.211000 1.610598 
-1.210000 1.606087 
-1.209000 1.601530 
-1.208000 1.596927 
-1.207000 1.592279 
-1.206000 1.587586 
-1.205000 1.582847 
-1.204000 1.578062 
-1.203000 1.573231 
-1.202000 1.568355 
-1.201000 1.563433 
-1.200000 1.558466 
-1.199000 1.553453 
-1.198000 1.548394 
-1.197000 1.543289 
-1.196000 1.538139 
-1.195000 1.532943 
-1.194000 1.527701 
-1.193000 1.522414 
-1.192000 1.517080 
-1.191000 1.511701 
-1.190000 1.506276 
-1.189000 1.500805 
-1.188000 1.495289 
-1.187000 1.489726 
-1.186000 1.484118 
-1.185000 1.478464 
-1.184000 1.472763 
-1.183000 1.467017 
-1.182000 1.461225 
-1.181000 1.455387 
-1.180000 1.449503 
-1.179000 1.443573 
-1.178000 1.437597 
-1.177000 1.431575 
-1.176000 1.425507 
-1.175000 1.419393 
-1.174000 1.413233 
-1.173000 1.407027 
-1.172000 1.400774 
-1.171000 1.394476 
-1.170000 1.388131 
-1.169000 1.381740 
-1.168000 1.375304 
-1.167000 1.368820 
-1.166000 1.362291 
-1.165000 1.355716 
-1.164000 1.349094 
-1.163000 1.342426 
-1.162000 1.335712 
-1.161000 1.328952 
-1.160000 1.322145 
-1.159000 1.315292 
-1.158000 1.308393 
-1.157000 1.301447 
-1.156000 1.294455 
-1.155000 1.287417 
-1.154000 1.280332 
-1.153000 1.273201 
-1.152000 1.266024 
-1.151000 1.258800 
-1.150000 1.251530 
-1.149000 1.244214 
-1.148000 1.236851 
-1.147000 1.229441 
-1.146000 1.221985 
-1.145000 1.214483 
-1.144000 1.206934 
-1.143000 1.199339 
-1.142000 1.191697 
-1.141000 1.184009 
-1.140000 1.176275 
-1.139000 1.168493 
-1.138000 1.160666 
-1.137000 1.152791 
-1.136000 1.144871 
-1.135000 1.136904 
-1.134000 1.128890 
-1.133000 1.120830 
-1.132000 1.112723 
-1.131000 1.104569 
-1.130000 1.096370 
-1.129000 1.088123 
-1.128000 1.079830 
-1.127000 1.071491 
-1.126000 1.063105 
-1.125000 1.054672 
-1.124000 1.046194 
-1.123000 1.037668 
-1.122000 1.029096 
-1.121000 1.020478 
-1.120000 1.011813 
-1.119000 1.003101 
-1.118000 0.994343 
-1.117000 0.985539 
-1.116000 0.976688 
-1.115000 0.967791 
-1.114000 0.958847 
-1.113000 0.949857 
-1.112000 0.940820 
-1.111000 0.931737 
-1.110000 0.922608 
-1.109000 0.913432 
-1.108000 0.904210 
-1.107000 0.894942 
-1.106000 0.885628 
-1.105000 0.876267 
-1.104000 0.866860 
-1.103000 0.857407 
-1.102000 0.847908 
-1.101000 0.838362 
-1.100000 0.828770 
-1.099000 0.819133 
-1.098000 0.809449 
-1.097000 0.799719 
-1.096000 0.789944 
-1.095000 0.780122 
-1.094000 0.770255 
-1.093000 0.760341 
-1.092000 0.750382 
-1.091000 0.740377 
-1.090000 0.730327 
-1.089000 0.720231 
-1.088000 0.710089 
-1.087000 0.699901 
-1.086000 0.689669 
-1.085000 0.679390 
-1.084000 0.669067 
-1.083000 0.658698 
-1.082000 0.648283 
-1.081000 0.637824 
-1.080000 0.627319 
-1.079000 0.616770 
-1.078000 0.606175 
-1.077000 0.595536 
-1.076000 0.584852 
-1.075000 0.574123 
-1.074000 0.563349 
-1.073000 0.552531 
-1.072000 0.541668 
-1.071000 0.530761 
-1.070000 0.519809 
-1.069000 0.508814 
-1.068000 0.497774 
-1.067000 0.486690 
-1.066000 0.475563 
-1.065000 0.464391 
-1.064000 0.453176 
-1.063000 0.441917 
-1.062000 0.430615 
-1.061000 0.419269 
-1.060000 0.407881 
-1.059000 0.396449 
-1.058000 0.384974 
-1.057000 0.373456 
-1.056000 0.361896 
-1.055000 0.350293 
-1.054000 0.338647 
-1.053000 0.326960 
-1.052000 0.315230 
-1.051000 0.303458 
-1.050000 0.291644 
-1.049000 0.279789 
-1.048000 0.267892 
-1.047000 0.255953 
-1.046000 0.243974 
-1.045000 0.231954 
-1.044000 0.219892 
-1.043000 0.207790 
-1.042000 0.195648 
-1.041000 0.183465 
-1.040000 0.171242 
-1.039000 0.158980 
-1.038000 0.146677 
-1.037000 0.134335 
-1.036000 0.121954 
-1.035000 0.109534 
-1.034000 0.097075 
-1.033000 0.084577 
-1.032000 0.072041 
-1.031000 0.059467 
-1.030000 0.046855 
-1.029000 0.034205 
-1.028000 0.021518 
-1.027000 0.008794 
-1.026000 -0.003967 
-1.025000 -0.016765 
-1.024000 -0.029600 
-1.023000 -0.042470 
-1.022000 -0.055376 
-1.021000 -0.068318 
-1.020000 -0.081295 
-1.019000 -0.094307 
-1.018000 -0.107353 
-1.017000 -0.120434 
-1.016000 -0.133549 
-1.015000 -0.146698 
-1.014000 -0.159880 
-1.013000 -0.173095 
-1.012000 -0.186343 
-1.011000 -0.199624 
-1.010000 -0.212936 
-1.009000 -0.226280 
-1.008000 -0.239655 
-1.007000 -0.253062 
-1.006000 -0.266499 
-1.005000 -0.279966 
-1.004000 -0.293463 
-1.003000 -0.306989 
-1.002000 -0.320544 
-1.001000 -0.334128 
-1.000000 -0.347741 
-0.999000 -0.361381 
-0.998000 -0.375048 
-0.997000 -0.388742 
-0.996000 -0.402463 
-0.995000 -0.416210 
-0.994000 -0.429982 
-0.993000 -0.443780 
-0.992000 -0.457602 
-0.991000 -0.471448 
-0.990000 -0.485318 
-0.989000 -0.499211 
-0.988000 -0.513127 
-0.987000 -0.527065 
-0.986000 -0.541025 
-0.985000 -0.555006 
-0.984000 -0.569008 
-0.983000 -0.583029 
-0.982000 -0.597070 
-0.981000 -0.611130 
-0.980000 -0.625209 
-0.979000 -0.639305 
-0.978000 -0.653419 
-0.977000 -0.667549 
-0.976000 -0.681695 
-0.975000 -0.695857 
-0.974000 -0.710033 
-0.973000 -0.724224 
-0.972000 -0.738428 
-0.971000 -0.752646 
-0.970000 -0.766875 
-0.969000 -0.781116 
-0.968000 -0.795368 
-0.967000 -0.809631 
-0.966000 -0.823903 
-0.965000 -0.838184 
-0.964000 -0.852473 
-0.963000 -0.866770 
-0.962000 -0.881073 
-0.961000 -0.895382 
-0.960000 -0.909697 
-0.959000 -0.924016 
-0.958000 -0.938339 
-0.957000 -0.952665 
-0.956000 -0.966993 
-0.955000 -0.981323 
-0.954000 -0.995653 
-0.953000 -1.009983 
-0.952000 -1.024312 
-0.951000 -1.038640 
-0.950000 -1.052964 
-0.949000 -1.067285 
-0.948000 -1.081602 
-0.947000 -1.095914 
-0.946000 -1.110219 
-0.945000 -1.124517 
-0.944000 -1.138808 
-0.943000 -1.153090 
-0.942000 -1.167362 
-0.941000 -1.181623 
-0.940000 -1.195873 
-0.939000 -1.210110 
-0.938000 -1.224334 
-0.937000 -1.238544 
-0.936000 -1.252738 
-0.935000 -1.266915 
-0.934000 -1.281076 
-0.933000 -1.295218 
-0.932000 -1.309340 
-0.931000 -1.323442 
-0.930000 -1.337523 
-0.929000 -1.351581 
-0.928000 -1.365616 
-0.927000 -1.379626 
-0.926000 -1.393610 
-0.925000 -1.407568 
-0.924000 -1.421497 
-0.923000 -1.435398 
-0.922000 -1.449269 
-0.921000 -1.463109 
-0.920000 -1.476916 
-0.919000 -1.490690 
-0.918000 -1.504429 
-0.917000 -1.518133 
-0.916000 -1.531800 
-0.915000 -1.545428 
-0.914000 -1.559018 
-0.913000 -1.572567 
-0.912000 -1.586074 
-0.911000 -1.599539 
-0.910000 -1.612960 
-0.909000 -1.626335 
-0.908000 -1.639664 
-0.907000 -1.652945 
-0.906000 -1.666178 
-0.905000 -1.679360 
-0.904000 -1.692490 
-0.903000 -1.705568 
-0.902000 -1.718592 
-0.901000 -1.731561 
-0.900000 -1.744473 
-0.899000 -1.757328 
-0.898000 -1.770123 
-0.897000 -1.782858 
-0.896000 -1.795531 
-0.895000 -1.808141 
-0.894000 -1.820687 
-0.893000 -1.833167 
-0.892000 -1.845581 
-0.891000 -1.857925 
-0.890000 -1.870200 
-0.889000 -1.882404 
-0.888000 -1.894536 
-0.887000 -1.906594 
-0.886000 -1.918577 
-0.885000 -1.930484 
-0.884000 -1.942312 
-0.883000 -1.954062 
-0.882000 -1.965731 
-0.881000 -1.977318 
-0.880000 -1.988822 
-0.879000 -2.000242 
-0.878000 -2.011575 
-0.877000 -2.022821 
-0.876000 -2.033979 
-0.875000 -2.045046 
-0.874000 -2.056022 
-0.873000 -2.066904 
-0.872000 -2.077693 
-0.871000 -2.088386 
-0.870000 -2.098982 
-0.869000 -2.109480 
-0.868000 -2.119878 
-0.867000 -2.130176 
-0.866000 -2.140370 
-0.865000 -2.150461 
-0.864000 -2.160447 
-0.863000 -2.170326 
-0.862000 -2.180098 
-0.861000 -2.189760 
-0.860000 -2.199312 
-0.859000 -2.208752 
-0.858000 -2.218078 
-0.857000 -2.227291 
-0.856000 -2.236387 
-0.855000 -2.245367 
-0.854000 -2.254228 
-0.853000 -2.262969 
-0.852000 -2.271589 
-0.851000 -2.280087 
-0.850000 -2.288462 
-0.849000 -2.296711 
-0.848000 -2.304835 
-0.847000 -2.312832 
-0.846000 -2.320699 
-0.845000 -2.328438 
-0.844000 -2.336045 
-0.843000 -2.343520 
-0.842000 -2.350862 
-0.841000 -2.358069 
-0.840000 -2.365141 
-0.839000 -2.372076 
-0.838000 -2.378873 
-0.837000 -2.385531 
-0.836000 -2.392049 
-0.835000 -2.398426 
-0.834000 -2.404660 
-0.833000 -2.410752 
-0.832000 -2.416698 
-0.831000 -2.422500 
-0.830000 -2.428155 
-0.829000 -2.433663 
-0.828000 -2.439022 
-0.827000 -2.444232 
-0.826000 -2.449292 
-0.825000 -2.454200 
-0.824000 -2.458957 
-0.823000 -2.463561 
-0.822000 -2.468011 
-0.821000 -2.472306 
-0.820000 -2.476446 
-0.819000 -2.480430 
-0.818000 -2.484256 
-0.817000 -2.487925 
-0.816000 -2.491436 
-0.815000 -2.494787 
-0.814000 -2.497979 
-0.813000 -2.501010 
-0.812000 -2.503880 
-0.811000 -2.506588 
-0.810000 -2.509134 
-0.809000 -2.511517 
-0.808000 -2.513736 
-0.807000 -2.515791 
-0.806000 -2.517682 
-0.805000 -2.519408 
-0.804000 -2.520969 
-0.803000 -2.522364 
-0.802000 -2.523593 
-0.801000 -2.524655 
-0.800000 -2.525550 
-0.799000 -2.526278 
-0.798000 -2.526839 
-0.797000 -2.527232 
-0.796000 -2.527457 
-0.795000 -2.527514 
-0.794000 -2.527402 
-0.793000 -2.527122 
-0.792000 -2.526673 
-0.791000 -2.526056 
-0.790000 -2.525270 
-0.789000 -2.524315 
-0.788000 -2.523191 
-0.787000 -2.521898 
-0.786000 -2.520437 
-0.785000 -2.518807 
-0.784000 -2.517008 
-0.783000 -2.515041 
-0.782000 -2.512905 
-0.781000 -2.510602 
-0.780000 -2.508130 
-0.779000 -2.505490 
-0.778000 -2.502684 
-0.777000 -2.499710 
-0.776000 -2.496569 
-0.775000 -2.493261 
-0.774000 -2.489788 
-0.773000 -2.486149 
-0.772000 -2.482344 
-0.771000 -2.478375 
-0.770000 -2.474241 
-0.769000 -2.469943 
-0.768000 -2.465482 
-0.767000 -2.460859 
-0.766000 -2.456073 
-0.765000 -2.451125 
-0.764000 -2.446017 
-0.763000 -2.440748 
-0.762000 -2.435320 
-0.761000 -2.429732 
-0.760000 -2.423987 
-0.759000 -2.418084 
-0.758000 -2.412025 
-0.757000 -2.405809 
-0.756000 -2.399439 
-0.755000 -2.392915 
-0.754000 -2.386237 
-0.753000 -2.379407 
-0.752000 -2.372425 
-0.751000 -2.365293 
-0.750000 -2.358012 
-0.749000 -2.350582 
-0.748000 -2.343004 
-0.747000 -2.335280 
-0.746000 -2.327410 
-0.745000 -2.319396 
-0.744000 -2.311239 
-0.743000 -2.302939 
-0.742000 -2.294499 
-0.741000 -2.285918 
-0.740000 -2.277198 
-0.739000 -2.268341 
-0.738000 -2.259348 
-0.737000 -2.250219 
-0.736000 -2.240956 
-0.735000 -2.231560 
-0.734000 -2.222033 
-0.733000 -2.212376 
-0.732000 -2.202589 
-0.731000 -2.192675 
-0.730000 -2.182635 
-0.729000 -2.172469 
-0.728000 -2.162180 
-0.727000 -2.151768 
-0.726000 -2.141236 
-0.725000 -2.130584 
-0.724000 -2.119813 
-0.723000 -2.108926 
-0.722000 -2.097923 
-0.721000 -2.086807 
-0.720000 -2.075577 
-0.719000 -2.064237 
-0.718000 -2.052787 
-0.717000 -2.041228 
-0.716000 -2.029563 
-0.715000 -2.017792 
-0.714000 -2.005917 
-0.713000 -1.993940 
-0.712000 -1.981862 
-0.711000 -1.969684 
-0.710000 -1.957408 
-0.709000 -1.945036 
-0.708000 -1.932569 
-0.707000 -1.920009 
-0.706000 -1.907356 
-0.705000 -1.894613 
-0.704000 -1.881781 
-0.703000 -1.868861 
-0.702000 -1.855855 
-0.701000 -1.842765 
-0.700000 -1.829592 
-0.699000 -1.816338 
-0.698000 -1.803004 
-0.697000 -1.789591 
-0.696000 -1.776101 
-0.695000 -1.762536 
-0.694000 -1.748897 
-0.693000 -1.735186 
-0.692000 -1.721404 
-0.691000 -1.707553 
-0.690000 -1.693634 
-0.689000 -1.679648 
-0.688000 -1.665597 
-0.687000 -1.651484 
-0.686000 -1.637308 
-0.685000 -1.623072 
-0.684000 -1.608777 
-0.683000 -1.594424 
-0.682000 -1.580016 
-0.681000 -1.565553 
-0.680000 -1.551037 
-0.679000 -1.536469 
-0.678000 -1.521851 
-0.677000 -1.507185 
-0.676000 -1.492471 
-0.675000 -1.477711 
-0.674000 -1.462907 
-0.673000 -1.448060 
-0.672000 -1.433171 
-0.671000 -1.418242 
-0.670000 -1.403274 
-0.669000 -1.388269 
-0.668000 -1.373227 
-0.667000 -1.358151 
-0.666000 -1.343041 
-0.665000 -1.327899 
-0.664000 -1.312727 
-0.663000 -1.297525 
-0.662000 -1.282295 
-0.661000 -1.267038 
-0.660000 -1.251755 
-0.659000 -1.236449 
-0.658000 -1.221119 
-0.657000 -1.205768 
-0.656000 -1.190397 
-0.655000 -1.175006 
-0.654000 -1.159597 
-0.653000 -1.144172 
-0.652000 -1.128731 
-0.651000 -1.113276 
-0.650000 -1.097807 
-0.649000 -1.082327 
-0.648000 -1.066836 
-0.647000 -1.051335 
-0.646000 -1.035826 
-0.645000 -1.020310 
-0.644000 -1.004787 
-0.643000 -0.989259 
-0.642000 -0.973727 
-0.641000 -0.958193 
-0.640000 -0.942656 
-0.639000 -0.927119 
-0.638000 -0.911582 
-0.637000 -0.896046 
-0.636000 -0.880513 
-0.635000 -0.864983 
-0.634000 -0.849457 
-0.633000 -0.833937 
-0.632000 -0.818423 
-0.631000 -0.802916 
-0.630000 -0.787418 
-0.629000 -0.771929 
-0.628000 -0.756450 
-0.627000 -0.740982 
-0.626000 -0.725527 
-0.625000 -0.710084 
-0.624000 -0.694655 
-0.623000 -0.679241 
-0.622000 -0.663842 
-0.621000 -0.648460 
-0.620000 -0.633095 
-0.619000 -0.617748 
-0.618000 -0.602420 
-0.617000 -0.587111 
-0.616000 -0.571823 
-0.615000 -0.556557 
-0.614000 -0.541312 
-0.613000 -0.526091 
-0.612000 -0.510893 
-0.611000 -0.495719 
-0.610000 -0.480571 
-0.609000 -0.465448 
-0.608000 -0.450352 
-0.607000 -0.435283 
-0.606000 -0.420242 
-0.605000 -0.405229 
-0.604000 -0.390246 
-0.603000 -0.375292 
-0.602000 -0.360369 
-0.601000 -0.345478 
-0.600000 -0.330618 
-0.599000 -0.315790 
-0.598000 -0.300996 
-0.597000 -0.286235 
-0.596000 -0.271508 
-0.595000 -0.256817 
-0.594000 -0.242160 
-0.593000 -0.227540 
-0.592000 -0.212955 
-0.591000 -0.198408 
-0.590000 -0.183899 
-0.589000 -0.169427 
-0.588000 -0.154994 
-0.587000 -0.140600 
-0.586000 -0.126246 
-0.585000 -0.111931 
-0.584000 -0.097657 
-0.583000 -0.083424 
-0.582000 -0.069232 
-0.581000 -0.055083 
-0.580000 -0.040975 
-0.579000 -0.026910 
-0.578000 -0.012888 
-0.577000 0.001090 
-0.576000 0.015024 
-0.575000 0.028914 
-0.574000 0.042759 
-0.573000 0.056559 
-0.572000 0.070314 
-0.571000 0.084023 
-0.570000 0.097685 
-0.569000 0.111302 
-0.568000 0.124871 
-0.567000 0.138393 
-0.566000 0.151868 
-0.565000 0.165294 
-0.564000 0.178673 
-0.563000 0.192003 
-0.562000 0.205284 
-0.561000 0.218517 
-0.560000 0.231700 
-0.559000 0.244833 
-0.558000 0.257916 
-0.557000 0.270950 
-0.556000 0.283933 
-0.555000 0.296865 
-0.554000 0.309747 
-0.553000 0.322577 
-0.552000 0.335356 
-0.551000 0.348084 
-0.550000 0.360759 
-0.549000 0.373383 
-0.548000 0.385955 
-0.547000 0.398474 
-0.546000 0.410940 
-0.545000 0.423354 
-0.544000 0.435715 
-0.543000 0.448022 
-0.542000 0.460277 
-0.541000 0.472477 
-0.540000 0.484624 
-0.539000 0.496718 
-0.538000 0.508757 
-0.537000 0.520742 
-0.536000 0.532673 
-0.535000 0.544550 
-0.534000 0.556372 
-0.533000 0.568139 
-0.532000 0.579852 
-0.531000 0.591509 
-0.530000 0.603112 
-0.529000 0.614660 
-0.528000 0.626152 
-0.527000 0.637589 
-0.526000 0.648970 
-0.525000 0.660296 
-0.524000 0.671566 
-0.523000 0.682781 
-0.522000 0.693940 
-0.521000 0.705043 
-0.520000 0.716090 
-0.519000 0.727081 
-0.518000 0.738016 
-0.517000 0.748894 
-0.516000 0.759717 
-0.515000 0.770483 
-0.514000 0.781193 
-0.513000 0.791847 
-0.512000 0.802444 
-0.511000 0.812984 
-0.510000 0.823468 
-0.509000 0.833896 
-0.508000 0.844267 
-0.507000 0.854581 
-0.506000 0.864839 
-0.505000 0.875040 
-0.504000 0.885185 
-0.503000 0.895272 
-0.502000 0.905303 
-0.501000 0.915277 
-0.500000 0.925195 
-0.499000 0.935055 
-0.498000 0.944859 
-0.497000 0.954606 
-0.496000 0.964297 
-0.495000 0.973930 
-0.494000 0.983507 
-0.493000 0.993027 
-0.492000 1.002490 
-0.491000 1.011896 
-0.490000 1.021246 
-0.489000 1.030539 
-0.488000 1.039775 
-0.487000 1.048954 
-0.486000 1.058077 
-0.485000 1.067143 
-0.484000 1.076152 
-0.483000 1.085105 
-0.482000 1.094001 
-0.481000 1.102840 
-0.480000 1.111623 
-0.479000 1.120349 
-0.478000 1.129019 
-0.477000 1.137633 
-0.476000 1.146190 
-0.475000 1.154690 
-0.474000 1.163134 
-0.473000 1.171522 
-0.472000 1.179854 
-0.471000 1.188129 
-0.470000 1.196349 
-0.469000 1.204512 
-0.468000 1.212618 
-0.467000 1.220669 
-0.466000 1.228664 
-0.465000 1.236603 
-0.464000 1.244486 
-0.463000 1.252313 
-0.462000 1.260084 
-0.461000 1.267800 
-0.460000 1.275460 
-0.459000 1.283064 
-0.458000 1.290612 
-0.457000 1.298105 
-0.456000 1.305543 
-0.455000 1.312925 
-0.454000 1.320252 
-0.453000 1.327523 
-0.452000 1.334740 
-0.451000 1.341901 
-0.450000 1.349007 
-0.449000 1.356058 
-0.448000 1.363053 
-0.447000 1.369994 
-0.446000 1.376880 
-0.445000 1.383712 
-0.444000 1.390488 
-0.443000 1.397210 
-0.442000 1.403877 
-0.441000 1.410490 
-0.440000 1.417049 
-0.439000 1.423552 
-0.438000 1.430002 
-0.437000 1.436397 
-0.436000 1.442738 
-0.435000 1.449025 
-0.434000 1.455258 
-0.433000 1.461437 
-0.432000 1.467562 
-0.431000 1.473634 
-0.430000 1.479651 
-0.429000 1.485615 
-0.428000 1.491525 
-0.427000 1.497382 
-0.426000 1.503185 
-0.425000 1.508935 
-0.424000 1.514631 
-0.423000 1.520274 
-0.422000 1.525864 
-0.421000 1.531401 
-0.420000 1.536885 
-0.419000 1.542316 
-0.418000 1.547693 
-0.417000 1.553019 
-0.416000 1.558291 
-0.415000 1.563511 
-0.414000 1.568678 
-0.413000 1.573792 
-0.412000 1.578854 
-0.411000 1.583864 
-0.410000 1.588822 
-0.409000 1.593727 
-0.408000 1.598580 
-0.407000 1.603381 
-0.406000 1.608130 
-0.405000 1.612827 
-0.404000 1.617472 
-0.403000 1.622065 
-0.402000 1.626607 
-0.401000 1.631097 
-0.400000 1.635535 
-0.399000 1.639922 
-0.398000 1.644257 
-0.397000 1.648542 
-0.396000 1.652774 
-0.395000 1.656956 
-0.394000 1.661086 
-0.393000 1.665166 
-0.392000 1.669194 
-0.391000 1.673172 
-0.390000 1.677098 
-0.389000 1.680974 
-0.388000 1.684799 
-0.387000 1.688573 
-0.386000 1.692297 
-0.385000 1.695971 
-0.384000 1.699593 
-0.383000 1.703166 
-0.382000 1.706688 
-0.381000 1.710160 
-0.380000 1.713582 
-0.379000 1.716954 
-0.378000 1.720275 
-0.377000 1.723547 
-0.376000 1.726769 
-0.375000 1.729941 
-0.374000 1.733063 
-0.373000 1.736135 
-0.372000 1.739158 
-0.371000 1.742131 
-0.370000 1.745055 
-0.369000 1.747929 
-0.368000 1.750754 
-0.367000 1.753529 
-0.366000 1.756256 
-0.365000 1.758933 
-0.364000 1.761561 
-0.363000 1.764140 
-0.362000 1.766669 
-0.361000 1.769150 
-0.360000 1.771582 
-0.359000 1.773965 
-0.358000 1.776300 
-0.357000 1.778585 
-0.356000 1.780822 
-0.355000 1.783011 
-0.354000 1.785151 
-0.353000 1.787242 
-0.352000 1.789285 
-0.351000 1.791279 
-0.350000 1.793226 
-0.349000 1.795124 
-0.348000 1.796973 
-0.347000 1.798775 
-0.346000 1.800528 
-0.345000 1.802234 
-0.344000 1.803891 
-0.343000 1.805501 
-0.342000 1.807062 
-0.341000 1.808576 
-0.340000 1.810042 
-0.339000 1.811460 
-0.338000 1.812830 
-0.337000 1.814153 
-0.336000 1.815429 
-0.335000 1.816656 
-0.334000 1.817836 
-0.333000 1.818969 
-0.332000 1.820055 
-0.331000 1.821093 
-0.330000 1.822083 
-0.329000 1.823027 
-0.328000 1.823923 
-0.327000 1.824772 
-0.326000 1.825574 
-0.325000 1.826328 
-0.324000 1.827036 
-0.323000 1.827697 
-0.322000 1.828310 
-0.321000 1.828877 
-0.320000 1.829397 
-0.319000 1.829870 
-0.318000 1.830296 
-0.317000 1.830676 
-0.316000 1.831008 
-0.315000 1.831294 
-0.314000 1.831534 
-0.313000 1.831727 
-0.312000 1.831873 
-0.311000 1.831972 
-0.310000 1.832025 
-0.309000 1.832032 
-0.308000 1.831992 
-0.307000 1.831906 
-0.306000 1.831773 
-0.305000 1.831594 
-0.304000 1.831369 
-0.303000 1.831097 
-0.302000 1.830779 
-0.301000 1.830415 
-0.300000 1.830005 
-0.299000 1.829548 
-0.298000 1.829046 
-0.297000 1.828497 
-0.296000 1.827902 
-0.295000 1.827261 
-0.294000 1.826574 
-0.293000 1.825841 
-0.292000 1.825063 
-0.291000 1.824238 
-0.290000 1.823367 
-0.289000 1.822450 
-0.288000 1.821488 
-0.287000 1.820479 
-0.286000 1.819425 
-0.285000 1.818325 
-0.284000 1.817179 
-0.283000 1.815987 
-0.282000 1.814750 
-0.281000 1.813466 
-0.280000 1.812138 
-0.279000 1.810763 
-0.278000 1.809343 
-0.277000 1.807877 
-0.276000 1.806365 
-0.275000 1.804808 
-0.274000 1.803205 
-0.273000 1.801556 
-0.272000 1.799862 
-0.271000 1.798123 
-0.270000 1.796337 
-0.269000 1.794507 
-0.268000 1.792630 
-0.267000 1.790709 
-0.266000 1.788741 
-0.265000 1.786728 
-0.264000 1.784670 
-0.263000 1.782566 
-0.262000 1.780417 
-0.261000 1.778222 
-0.260000 1.775982 
-0.259000 1.773697 
-0.258000 1.771366 
-0.257000 1.768989 
-0.256000 1.766567 
-0.255000 1.764100 
-0.254000 1.761587 
-0.253000 1.759029 
-0.252000 1.756426 
-0.251000 1.753777 
-0.250000 1.751082 
-0.249000 1.748343 
-0.248000 1.745558 
-0.247000 1.742727 
-0.246000 1.739851 
-0.245000 1.736930 
-0.244000 1.733964 
-0.243000 1.730952 
-0.242000 1.727894 
-0.241000 1.724792 
-0.240000 1.721644 
-0.239000 1.718450 
-0.238000 1.715211 
-0.237000 1.711927 
-0.236000 1.708598 
-0.235000 1.705223 
-0.234000 1.701802 
-0.233000 1.698337 
-0.232000 1.694826 
-0.231000 1.691269 
-0.230000 1.687667 
-0.229000 1.684020 
-0.228000 1.680327 
-0.227000 1.676589 
-0.226000 1.672806 
-0.225000 1.668977 
-0.224000 1.665102 
-0.223000 1.661183 
-0.222000 1.657217 
-0.221000 1.653207 
-0.220000 1.649150 
-0.219000 1.645049 
-0.218000 1.640902 
-0.217000 1.636709 
-0.216000 1.632471 
-0.215000 1.628187 
-0.214000 1.623858 
-0.213000 1.619484 
-0.212000 1.615064 
-0.211000 1.610598 
-0.210000 1.606087 
-0.209000 1.601530 
-0.208000 1.596927 
-0.207000 1.592279 
-0.206000 1.587586 
-0.205000 1.582847 
-0.204000 1.578062 
-0.203000 1.573231 
-0.202000 1.568355 
-0.201000 1.563433 
-0.200000 1.558466 
-0.199000 1.553453 
-0.198000 1.548394 
-0.197000 1.543289 
-0.196000 1.538139 
-0.195000 1.532943 
-0.194000 1.527701 
-0.193000 1.522414 
-0.192000 1.517080 
-0.191000 1.511701 
-0.190000 1.506276 
-0.189000 1.500805 
-0.188000 1.495289 
-0.187000 1.489726 
-0.186000 1.484118 
-0.185000 1.478464 
-0.184000 1.472763 
-0.183000 1.467017 
-0.182000 1.461225 
-0.181000 1.455387 
-0.180000 1.449503 
-0.179000 1.443573 
-0.178000 1.437597 
-0.177000 1.431575 
-0.176000 1.425507 
-0.175000 1.419393 
-0.174000 1.413233 
-0.173000 1.407027 
-0.172000 1.400774 
-0.171000 1.394476 
-0.170000 1.388131 
-0.169000 1.381740 
-0.168000 1.375304 
-0.167000 1.368820 
-0.166000 1.362291 
-0.165000 1.355716 
-0.164000 1.349094 
-0.163000 1.342426 
-0.162000 1.335712 
-0.161000 1.328952 
-0.160000 1.322145 
-0.159000 1.315292 
-0.158000 1.308393 
-0.157000 1.301447 
-0.156000 1.294455 
-0.155000 1.287417 
-0.154000 1.280332 
-0.153000 1.273201 
-0.152000 1.266024 
-0.151000 1.258800 
-0.150000 1.251530 
-0.149000 1.244214 
-0.148000 1.236851 
-0.147000 1.229441 
-0.146000 1.221985 
-0.145000 1.214483 
-0.144000 1.206934 
-0.143000 1.199339 
-0.142000 1.191697 
-0.141000 1.184009 
-0.140000 1.176275 
-0.139000 1.168493 
-0.138000 1.160666 
-0.137000 1.152791 
-0.136000 1.144871 
-0.135000 1.136904 
-0.134000 1.128890 
-0.133000 1.120830 
-0.132000 1.112723 
-0.131000 1.104569 
-0.130000 1.096370 
-0.129000 1.088123 
-0.128000 1.079830 
-0.127000 1.071491 
-0.126000 1.063105 
-0.125000 1.054672 
-0.124000 1.046194 
-0.123000 1.037668 
-0.122000 1.029096 
-0.121000 1.020478 
-0.120000 1.011813 
-0.119000 1.003101 
-0.118000 0.994343 
-0.117000 0.985539 
-0.116000 0.976688 
-0.115000 0.967791 
-0.114000 0.958847 
-0.113000 0.949857 
-0.112000 0.940820 
-0.111000 0.931737 
-0.110000 0.922608 
-0.109000 0.913432 
-0.108000 0.904210 
-0.107000 0.894942 
-0.106000 0.885628 
-0.105000 0.876267 
-0.104000 0.866860 
-0.103000 0.857407 
-0.102000 0.847908 
-0.101000 0.838362 
-0.100000 0.828770 
-0.099000 0.819133 
-0.098000 0.809449 
-0.097000 0.799719 
-0.096000 0.789944 
-0.095000 0.780122 
-0.094000 0.770255 
-0.093000 0.760341 
-0.092000 0.750382 
-0.091000 0.740377 
-0.090000 0.730327 
-0.089000 0.720231 
-0.088000 0.710089 
-0.087000 0.699901 
-0.086000 0.689669 
-0.085000 0.679390 
-0.084000 0.669067 
-0.083000 0.658698 
-0.082000 0.648283 
-0.081000 0.637824 
-0.080000 0.627319 
-0.079000 0.616770 
-0.078000 0.606175 
-0.077000 0.595536 
-0.076000 0.584852 
-0.075000 0.574123 
-0.074000 0.563349 
-0.073000 0.552531 
-0.072000 0.541668 
-0.071000 0.530761 
-0.070000 0.519809 
-0.069000 0.508814 
-0.068000 0.497774 
-0.067000 0.486690 
-0.066000 0.475563 
-0.065000 0.464391 
-0.064000 0.453176 
-0.063000 0.441917 
-0.062000 0.430615 
-0.061000 0.419269 
-0.060000 0.407881 
-0.059000 0.396449 
-0.058000 0.384974 
-0.057000 0.373456 
-0.056000 0.361896 
-0.055000 0.350293 
-0.054000 0.338647 
-0.053000 0.326960 
-0.052000 0.315230 
-0.051000 0.303458 
-0.050000 0.291644 
-0.049000 0.279789 
-0.048000 0.267892 
-0.047000 0.255953 
-0.046000 0.243974 
-0.045000 0.231954 
-0.044000 0.219892 
-0.043000 0.207790 
-0.042000 0.195648 
-0.041000 0.183465 
-0.040000 0.171242 
-0.039000 0.158980 
-0.038000 0.146677 
-0.037000 0.134335 
-0.036000 0.121954 
-0.035000 0.109534 
-0.034000 0.097075 
-0.033000 0.084577 
-0.032000 0.072041 
-0.031000 0.059467 
-0.030000 0.046855 
-0.029000 0.034205 
-0.028000 0.021518 
-0.027000 0.008794 
-0.026000 -0.003967 
-0.025000 -0.016765 
-0.024000 -0.029600 
-0.023000 -0.042470 
-0.022000 -0.055376 
-0.021000 -0.068318 
-0.020000 -0.081295 
-0.019000 -0.094307 
-0.018000 -0.107353 
-0.017000 -0.120434 
-0.016000 -0.133549 
-0.015000 -0.146698 
-0.014000 -0.159880 
-0.013000 -0.173095 
-0.012000 -0.186343 
-0.011000 -0.199624 
-0.010000 -0.212936 
-0.009000 -0.226280 
-0.008000 -0.239655 
-0.007000 -0.253062 
-0.006000 -0.266499 
-0.005000 -0.279966 
-0.004000 -0.293463 
-0.003000 -0.306989 
-0.002000 -0.320544 
-0.001000 -0.334128 
-0.000000 -0.347741 
0.001000 -0.361381 
0.002000 -0.375048 
0.003000 -0.388742 
0.004000 -0.402463 
0.005000 -0.416210 
0.006000 -0.429982 
0.007000 -0.443780 
0.008000 -0.457602 
0.009000 -0.471448 
0.010000 -0.485318 
0.011000 -0.499211 
0.012000 -0.513127 
0.013000 -0.527065 
0.014000 -0.541025 
0.015000 -0.555006 
0.016000 -0.569008 
0.017000 -0.583029 
0.018000 -0.597070 
0.019000 -0.611130 
0.020000 -0.625209 
0.021000 -0.639305 
0.022000 -0.653419 
0.023000 -0.667549 
0.024000 -0.681695 
0.025000 -0.695857 
0.026000 -0.710033 
0.027000 -0.724224 
0.028000 -0.738428 
0.029000 -0.752646 
0.030000 -0.766875 
0.031000 -0.781116 
0.032000 -0.795368 
0.033000 -0.809631 
0.034000 -0.823903 
0.035000 -0.838184 
0.036000 -0.852473 
0.037000 -0.866770 
0.038000 -0.881073 
0.039000 -0.895382 
0.040000 -0.909697 
0.041000 -0.924016 
0.042000 -0.938339 
0.043000 -0.952665 
0.044000 -0.966993 
0.045000 -0.981323 
0.046000 -0.995653 
0.047000 -1.009983 
0.048000 -1.024312 
0.049000 -1.038640 
0.050000 -1.052964 
0.051000 -1.067285 
0.052000 -1.081602 
0.053000 -1.095914 
0.054000 -1.110219 
0.055000 -1.124517 
0.056000 -1.138808 
0.057000 -1.153090 
0.058000 -1.167362 
0.059000 -1.181623 
0.060000 -1.195873 
0.061000 -1.210110 
0.062000 -1.224334 
0.063000 -1.238544 
0.064000 -1.252738 
0.065000 -1.266915 
0.066000 -1.281076 
0.067000 -1.295218 
0.068000 -1.309340 
0.069000 -1.323442 
0.070000 -1.337523 
0.071000 -1.351581 
0.072000 -1.365616 
0.073000 -1.379626 
0.074000 -1.393610 
0.075000 -1.407568 
0.076000 -1.421497 
0.077000 -1.435398 
0.078000 -1.449269 
0.079000 -1.463109 
0.080000 -1.476916 
0.081000 -1.490690 
0.082000 -1.504429 
0.083000 -1.518133 
0.084000 -1.531800 
0.085000 -1.545428 
0.086000 -1.559018 
0.087000 -1.572567 
0.088000 -1.586074 
0.089000 -1.599539 
0.090000 -1.612960 
0.091000 -1.626335 
0.092000 -1.639664 
0.093000 -1.652945 
0.094000 -1.666178 
0.095000 -1.679360 
0.096000 -1.692490 
0.097000 -1.705568 
0.098000 -1.718592 
0.099000 -1.731561 
0.100000 -1.744473 
0.101000 -1.757328 
0.102000 -1.770123 
0.103000 -1.782858 
0.104000 -1.795531 
0.105000 -1.808141 
0.106000 -1.820687 
0.107000 -1.833167 
0.108000 -1.845581 
0.109000 -1.857925 
0.110000 -1.870200 
0.111000 -1.882404 
0.112000 -1.894536 
0.113000 -1.906594 
0.114000 -1.918577 
0.115000 -1.930484 
0.116000 -1.942312 
0.117000 -1.954062 
0.118000 -1.965731 
0.119000 -1.977318 
0.120000 -1.988822 
0.121000 -2.000242 
0.122000 -2.011575 
0.123000 -2.022821 
0.124000 -2.033979 
0.125000 -2.045046 
0.126000 -2.056022 
0.127000 -2.066904 
0.128000 -2.077693 
0.129000 -2.088386 
0.130000 -2.098982 
0.131000 -2.109480 
0.132000 -2.119878 
0.133000 -2.130176 
0.134000 -2.140370 
0.135000 -2.150461 
0.136000 -2.160447 
0.137000 -2.170326 
0.138000 -2.180098 
0.139000 -2.189760 
0.140000 -2.199312 
0.141000 -2.208752 
0.142000 -2.218078 
0.143000 -2.227291 
0.144000 -2.236387 
0.145000 -2.245367 
0.146000 -2.254228 
0.147000 -2.262969 
0.148000 -2.271589 
0.149000 -2.280087 
0.150000 -2.288462 
0.151000 -2.296711 
0.152000 -2.304835 
0.153000 -2.312832 
0.154000 -2.320699 
0.155000 -2.328438 
0.156000 -2.336045 
0.157000 -2.343520 
0.158000 -2.350862 
0.159000 -2.358069 
0.160000 -2.365141 
0.161000 -2.372076 
0.162000 -2.378873 
0.163000 -2.385531 
0.164000 -2.392049 
0.165000 -2.398426 
0.166000 -2.404660 
0.167000 -2.410752 
0.168000 -2.416698 
0.169000 -2.422500 
0.170000 -2.428155 
0.171000 -2.433663 
0.172000 -2.439022 
0.173000 -2.444232 
0.174000 -2.449292 
0.175000 -2.454200 
0.176000 -2.458957 
0.177000 -2.463561 
0.178000 -2.468011 
0.179000 -2.472306 
0.180000 -2.476446 
0.181000 -2.480430 
0.182000 -2.484256 
0.183000 -2.487925 
0.184000 -2.491436 
0.185000 -2.494787 
0.186000 -2.497979 
0.187000 -2.501010 
0.188000 -2.503880 
0.189000 -2.506588 
0.190000 -2.509134 
0.191000 -2.511517 
0.192000 -2.513736 
0.193000 -2.515791 
0.194000 -2.517682 
0.195000 -2.519408 
0.196000 -2.520969 
0.197000 -2.522364 
0.198000 -2.523593 
0.199000 -2.524655 
0.200000 -2.525550 
0.201000 -2.526278 
0.202000 -2.526839 
0.203000 -2.527232 
0.204000 -2.527457 
0.205000 -2.527514 
0.206000 -2.527402 
0.207000 -2.527122 
0.208000 -2.526673 
0.209000 -2.526056 
0.210000 -2.525270 
0.211000 -2.524315 
0.212000 -2.523191 
0.213000 -2.521898 
0.214000 -2.520437 
0.215000 -2.518807 
0.216000 -2.517008 
0.217000 -2.515041 
0.218000 -2.512905 
0.219000 -2.510602 
0.220000 -2.508130 
0.221000 -2.505490 
0.222000 -2.502684 
0.223000 -2.499710 
0.224000 -2.496569 
0.225000 -2.493261 
0.226000 -2.489788 
0.227000 -2.486149 
0.228000 -2.482344 
0.229000 -2.478375 
0.230000 -2.474241 
0.231000 -2.469943 
0.232000 -2.465482 
0.233000 -2.460859 
0.234000 -2.456073 
0.235000 -2.451125 
0.236000 -2.446017 
0.237000 -2.440748 
0.238000 -2.435320 
0.239000 -2.429732 
0.240000 -2.423987 
0.241000 -2.418084 
0.242000 -2.412025 
0.243000 -2.405809 
0.244000 -2.399439 
0.245000 -2.392915 
0.246000 -2.386237 
0.247000 -2.379407 
0.248000 -2.372425 
0.249000 -2.365293 
0.250000 -2.358012 
0.251000 -2.350582 
0.252000 -2.343004 
0.253000 -2.335280 
0.254000 -2.327410 
0.255000 -2.319396 
0.256000 -2.311239 
0.257000 -2.302939 
0.258000 -2.294499 
0.259000 -2.285918 
0.260000 -2.277198 
0.261000 -2.268341 
0.262000 -2.259348 
0.263000 -2.250219 
0.264000 -2.240956 
0.265000 -2.231560 
0.266000 -2.222033 
0.267000 -2.212376 
0.268000 -2.202589 
0.269000 -2.192675 
0.270000 -2.182635 
0.271000 -2.172469 
0.272000 -2.162180 
0.273000 -2.151768 
0.274000 -2.141236 
0.275000 -2.130584 
0.276000 -2.119813 
0.277000 -2.108926 
0.278000 -2.097923 
0.279000 -2.086807 
0.280000 -2.075577 
0.281000 -2.064237 
0.282000 -2.052787 
0.283000 -2.041228 
0.284000 -2.029563 
0.285000 -2.017792 
0.286000 -2.005917 
0.287000 -1.993940 
0.288000 -1.981862 
0.289000 -1.969684 
0.290000 -1.957408 
0.291000 -1.945036 
0.292000 -1.932569 
0.293000 -1.920009 
0.294000 -1.907356 
0.295000 -1.894613 
0.296000 -1.881781 
0.297000 -1.868861 
0.298000 -1.855855 
0.299000 -1.842765 
0.300000 -1.829592 
0.301000 -1.816338 
0.302000 -1.803004 
0.303000 -1.789591 
0.304000 -1.776101 
0.305000 -1.762536 
0.306000 -1.748897 
0.307000 -1.735186 
0.308000 -1.721404 
0.309000 -1.707553 
0.310000 -1.693634 
0.311000 -1.679648 
0.312000 -1.665597 
0.313000 -1.651484 
0.314000 -1.637308 
0.315000 -1.623072 
0.316000 -1.608777 
0.317000 -1.594424 
0.318000 -1.580016 
0.319000 -1.565553 
0.320000 -1.551037 
0.321000 -1.536469 
0.322000 -1.521851 
0.323000 -1.507185 
0.324000 -1.492471 
0.325000 -1.477711 
0.326000 -1.462907 
0.327000 -1.448060 
0.328000 -1.433171 
0.329000 -1.418242 
0.330000 -1.403274 
0.331000 -1.388269 
0.332000 -1.373227 
0.333000 -1.358151 
0.334000 -1.343041 
0.335000 -1.327899 
0.336000 -1.312727 
0.337000 -1.297525 
0.338000 -1.282295 
0.339000 -1.267038 
0.340000 -1.251755 
0.341000 -1.236449 
0.342000 -1.221119 
0.343000 -1.205768 
0.344000 -1.190397 
0.345000 -1.175006 
0.346000 -1.159597 
0.347000 -1.144172 
0.348000 -1.128731 
0.349000 -1.113276 
0.350000 -1.097807 
0.351000 -1.082327 
0.352000 -1.066836 
0.353000 -1.051335 
0.354000 -1.035826 
0.355000 -1.020310 
0.356000 -1.004787 
0.357000 -0.989259 
0.358000 -0.973727 
0.359000 -0.958193 
0.360000 -0.942656 
0.361000 -0.927119 
0.362000 -0.911582 
0.363000 -0.896046 
0.364000 -0.880513 
0.365000 -0.864983 
0.366000 -0.849457 
0.367000 -0.833937 
0.368000 -0.818423 
0.369000 -0.802916 
0.370000 -0.787418 
0.371000 -0.771929 
0.372000 -0.756450 
0.373000 -0.740982 
0.374000 -0.725527 
0.375000 -0.710084 
0.376000 -0.694655 
0.377000 -0.679241 
0.378000 -0.663842 
0.379000 -0.648460 
0.380000 -0.633095 
0.381000 -0.617748 
0.382000 -0.602420 
0.383000 -0.587111 
0.384000 -0.571823 
0.385000 -0.556557 
0.386000 -0.541312 
0.387000 -0.526091 
0.388000 -0.510893 
0.389000 -0.495719 
0.390000 -0.480571 
0.391000 -0.465448 
0.392000 -0.450352 
0.393000 -0.435283 
0.394000 -0.420242 
0.395000 -0.405229 
0.396000 -0.390246 
0.397000 -0.375292 
0.398000 -0.360369 
0.399000 -0.345478 
0.400000 -0.330618 
0.401000 -0.315790 
0.402000 -0.300996 
0.403000 -0.286235 
0.404000 -0.271508 
0.405000 -0.256817 
0.406000 -0.242160 
0.407000 -0.227540 
0.408000 -0.212955 
0.409000 -0.198408 
0.410000 -0.183899 
0.411000 -0.169427 
0.412000 -0.154994 
0.413000 -0.140600 
0.414000 -0.126246 
0.415000 -0.111931 
0.416000 -0.097657 
0.417000 -0.083424 
0.418000 -0.069232 
0.419000 -0.055083 
0.420000 -0.040975 
0.421000 -0.026910 
0.422000 -0.012888 
0.423000 0.001090 
0.424000 0.015024 
0.425000 0.028914 
0.426000 0.042759 
0.427000 0.056559 
0.428000 0.070314 
0.429000 0.084023 
0.430000 0.097685 
0.431000 0.111302 
0.432000 0.124871 
0.433000 0.138393 
0.434000 0.151868 
0.435000 0.165294 
0.436000 0.178673 
0.437000 0.192003 
0.438000 0.205284 
0.439000 0.218517 
0.440000 0.231700 
0.441000 0.244833 
0.442000 0.257916 
0.443000 0.270950 
0.444000 0.283933 
0.445000 0.296865 
0.446000 0.309747 
0.447000 0.322577 
0.448000 0.335356 
0.449000 0.348084 
0.450000 0.360759 
0.451000 0.373383 
0.452000 0.385955 
0.453000 0.398474 
0.454000 0.410940 
0.455000 0.423354 
0.456000 0.435715 
0.457000 0.448022 
0.458000 0.460277 
0.459000 0.472477 
0.460000 0.484624 
0.461000 0.496718 
0.462000 0.508757 
0.463000 0.520742 
0.464000 0.532673 
0.465000 0.544550 
0.466000 0.556372 
0.467000 0.568139 
0.468000 0.579852 
0.469000 0.591509 
0.470000 0.603112 
0.471000 0.614660 
0.472000 0.626152 
0.473000 0.637589 
0.474000 0.648970 
0.475000 0.660296 
0.476000 0.671566 
0.477000 0.682781 
0.478000 0.693940 
0.479000 0.705043 
0.480000 0.716090 
0.481000 0.727081 
0.482000 0.738016 
0.483000 0.748894 
0.484000 0.759717 
0.485000 0.770483 
0.486000 0.781193 
0.487000 0.791847 
0.488000 0.802444 
0.489000 0.812984 
0.490000 0.823468 
0.491000 0.833896 
0.492000 0.844267 
0.493000 0.854581 
0.494000 0.864839 
0.495000 0.875040 
0.496000 0.885185 
0.497000 0.895272 
0.498000 0.905303 
0.499000 0.915277 
0.500000 0.925195 
0.501000 0.935055 
0.502000 0.944859 
0.503000 0.954606 
0.504000 0.964297 
0.505000 0.973930 
0.506000 0.983507 
0.507000 0.993027 
0.508000 1.002490 
0.509000 1.011896 
0.510000 1.021246 
0.511000 1.030539 
0.512000 1.039775 
0.513000 1.048954 
0.514000 1.058077 
0.515000 1.067143 
0.516000 1.076152 
0.517000 1.085105 
0.518000 1.094001 
0.519000 1.102840 
0.520000 1.111623 
0.521000 1.120349 
0.522000 1.129019 
0.523000 1.137633 
0.524000 1.146190 
0.525000 1.154690 
0.526000 1.163134 
0.527000 1.171522 
0.528000 1.179854 
0.529000 1.188129 
0.530000 1.196349 
0.531000 1.204512 
0.532000 1.212618 
0.533000 1.220669 
0.534000 1.228664 
0.535000 1.236603 
0.536000 1.244486 
0.537000 1.252313 
0.538000 1.260084 
0.539000 1.267800 
0.540000 1.275460 
0.541000 1.283064 
0.542000 1.290612 
0.543000 1.298105 
0.544000 1.305543 
0.545000 1.312925 
0.546000 1.320252 
0.547000 1.327523 
0.548000 1.334740 
0.549000 1.341901 
0.550000 1.349007 
0.551000 1.356058 
0.552000 1.363053 
0.553000 1.369994 
0.554000 1.376880 
0.555000 1.383712 
0.556000 1.390488 
0.557000 1.397210 
0.558000 1.403877 
0.559000 1.410490 
0.560000 1.417049 
0.561000 1.423552 
0.562000 1.430002 
0.563000 1.436397 
0.564000 1.442738 
0.565000 1.449025 
0.566000 1.455258 
0.567000 1.461437 
0.568000 1.467562 
0.569000 1.473634 
0.570000 1.479651 
0.571000 1.485615 
0.572000 1.491525 
0.573000 1.497382 
0.574000 1.503185 
0.575000 1.508935 
0.576000 1.514631 
0.577000 1.520274 
0.578000 1.525864 
0.579000 1.531401 
0.580000 1.536885 
0.581000 1.542316 
0.582000 1.547693 
0.583000 1.553019 
0.584000 1.558291 
0.585000 1.563511 
0.586000 1.568678 
0.587000 1.573792 
0.588000 1.578854 
0.589000 1.583864 
0.590000 1.588822 
0.591000 1.593727 
0.592000 1.598580 
0.593000 1.603381 
0.594000 1.608130 
0.595000 1.612827 
0.596000 1.617472 
0.597000 1.622065 
0.598000 1.626607 
0.599000 1.631097 
0.600000 1.635535 
0.601000 1.639922 
0.602000 1.644257 
0.603000 1.648542 
0.604000 1.652774 
0.605000 1.656956 
0.606000 1.661086 
0.607000 1.665166 
0.608000 1.669194 
0.609000 1.673172 
0.610000 1.677098 
0.611000 1.680974 
0.612000 1.684799 
0.613000 1.688573 
0.614000 1.692297 
0.615000 1.695971 
0.616000 1.699593 
0.617000 1.703166 
0.618000 1.706688 
0.619000 1.710160 
0.620000 1.713582 
0.621000 1.716954 
0.622000 1.720275 
0.623000 1.723547 
0.624000 1.726769 
0.625000 1.729941 
0.626000 1.733063 
0.627000 1.736135 
0.628000 1.739158 
0.629000 1.742131 
0.630000 1.745055 
0.631000 1.747929 
0.632000 1.750754 
0.633000 1.753529 
0.634000 1.756256 
0.635000 1.758933 
0.636000 1.761561 
0.637000 1.764140 
0.638000 1.766669 
0.639000 1.769150 
0.640000 1.771582 
0.641000 1.773965 
0.642000 1.776300 
0.643000 1.778585 
0.644000 1.780822 
0.645000 1.783011 
0.646000 1.785151 
0.647000 1.787242 
0.648000 1.789285 
0.649000 1.791279 
0.650000 1.793226 
0.651000 1.795124 
0.652000 1.796973 
0.653000 1.798775 
0.654000 1.800528 
0.655000 1.802234 
0.656000 1.803891 
0.657000 1.805501 
0.658000 1.807062 
0.659000 1.808576 
0.660000 1.810042 
0.661000 1.811460 
0.662000 1.812830 
0.663000 1.814153 
0.664000 1.815429 
0.665000 1.816656 
0.666000 1.817836 
0.667000 1.818969 
0.668000 1.820055 
0.669000 1.821093 
0.670000 1.822083 
0.671000 1.823027 
0.672000 1.823923 
0.673000 1.824772 
0.674000 1.825574 
0.675000 1.826328 
0.676000 1.827036 
0.677000 1.827697 
0.678000 1.828310 
0.679000 1.828877 
0.680000 1.829397 
0.681000 1.829870 
0.682000 1.830296 
0.683000 1.830676 
0.684000 1.831008 
0.685000 1.831294 
0.686000 1.831534 
0.687000 1.831727 
0.688000 1.831873 
0.689000 1.831972 
0.690000 1.832025 
0.691000 1.832032 
0.692000 1.831992 
0.693000 1.831906 
0.694000 1.831773 
0.695000 1.831594 
0.696000 1.831369 
0.697000 1.831097 
0.698000 1.830779 
0.699000 1.830415 
0.700000 1.830005 
0.701000 1.829548 
0.702000 1.829046 
0.703000 1.828497 
0.704000 1.827902 
0.705000 1.827261 
0.706000 1.826574 
0.707000 1.825841 
0.708000 1.825063 
0.709000 1.824238 
0.710000 1.823367 
0.711000 1.822450 
0.712000 1.821488 
0.713000 1.820479 
0.714000 1.819425 
0.715000 1.818325 
0.716000 1.817179 
0.717000 1.815987 
0.718000 1.814750 
0.719000 1.813466 
0.720000 1.812138 
0.721000 1.810763 
0.722000 1.809343 
0.723000 1.807877 
0.724000 1.806365 
0.725000 1.804808 
0.726000 1.803205 
0.727000 1.801556 
0.728000 1.799862 
0.729000 1.798123 
0.730000 1.796337 
0.731000 1.794507 
0.732000 1.792630 
0.733000 1.790709 
0.734000 1.788741 
0.735000 1.786728 
0.736000 1.784670 
0.737000 1.782566 
0.738000 1.780417 
0.739000 1.778222 
0.740000 1.775982 
0.741000 1.773697 
0.742000 1.771366 
0.743000 1.768989 
0.744000 1.766567 
0.745000 1.764100 
0.746000 1.761587 
0.747000 1.759029 
0.748000 1.756426 
0.749000 1.753777 
0.750000 1.751082 
0.751000 1.748343 
0.752000 1.745558 
0.753000 1.742727 
0.754000 1.739851 
0.755000 1.736930 
0.756000 1.733964 
0.757000 1.730952 
0.758000 1.727894 
0.759000 1.724792 
0.760000 1.721644 
0.761000 1.718450 
0.762000 1.715211 
0.763000 1.711927 
0.764000 1.708598 
0.765000 1.705223 
0.766000 1.701802 
0.767000 1.698337 
0.768000 1.694826 
0.769000 1.691269 
0.770000 1.687667 
0.771000 1.684020 
0.772000 1.680327 
0.773000 1.676589 
0.774000 1.672806 
0.775000 1.668977 
0.776000 1.665102 
0.777000 1.661183 
0.778000 1.657217 
0.779000 1.653207 
0.780000 1.649150 
0.781000 1.645049 
0.782000 1.640902 
0.783000 1.636709 
0.784000 1.632471 
0.785000 1.628187 
0.786000 1.623858 
0.787000 1.619484 
0.788000 1.615064 
0.789000 1.610598 
0.790000 1.606087 
0.791000 1.601530 
0.792000 1.596927 
0.793000 1.592279 
0.794000 1.587586 
0.795000 1.582847 
0.796000 1.578062 
0.797000 1.573231 
0.798000 1.568355 
0.799000 1.563433 
0.800000 1.558466 
0.801000 1.553453 
0.802000 1.548394 
0.803000 1.543289 
0.804000 1.538139 
0.805000 1.532943 
0.806000 1.527701 
0.807000 1.522414 
0.808000 1.517080 
0.809000 1.511701 
0.810000 1.506276 
0.811000 1.500805 
0.812000 1.495289 
0.813000 1.489726 
0.814000 1.484118 
0.815000 1.478464 
0.816000 1.472763 
0.817000 1.467017 
0.818000 1.461225 
0.819000 1.455387 
0.820000 1.449503 
0.821000 1.443573 
0.822000 1.437597 
0.823000 1.431575 
0.824000 1.425507 
0.825000 1.419393 
0.826000 1.413233 
0.827000 1.407027 
0.828000 1.400774 
0.829000 1.394476 
0.830000 1.388131 
0.831000 1.381740 
0.832000 1.375304 
0.833000 1.368820 
0.834000 1.362291 
0.835000 1.355716 
0.836000 1.349094 
0.837000 1.342426 
0.838000 1.335712 
0.839000 1.328952 
0.840000 1.322145 
0.841000 1.315292 
0.842000 1.308393 
0.843000 1.301447 
0.844000 1.294455 
0.845000 1.287417 
0.846000 1.280332 
0.847000 1.273201 
0.848000 1.266024 
0.849000 1.258800 
0.850000 1.251530 
0.851000 1.244214 
0.852000 1.236851 
0.853000 1.229441 
0.854000 1.221985 
0.855000 1.214483 
0.856000 1.206934 
0.857000 1.199339 
0.858000 1.191697 
0.859000 1.184009 
0.860000 1.176275 
0.861000 1.168493 
0.862000 1.160666 
0.863000 1.152791 
0.864000 1.144871 
0.865000 1.136904 
0.866000 1.128890 
0.867000 1.120830 
0.868000 1.112723 
0.869000 1.104569 
0.870000 1.096370 
0.871000 1.088123 
0.872000 1.079830 
0.873000 1.071491 
0.874000 1.063105 
0.875000 1.054672 
0.876000 1.046194 
0.877000 1.037668 
0.878000 1.029096 
0.879000 1.020478 
0.880000 1.011813 
0.881000 1.003101 
0.882000 0.994343 
0.883000 0.985539 
0.884000 0.976688 
0.885000 0.967791 
0.886000 0.958847 
0.887000 0.949857 
0.888000 0.940820 
0.889000 0.931737 
0.890000 0.922608 
0.891000 0.913432 
0.892000 0.904210 
0.893000 0.894942 
0.894000 0.885628 
0.895000 0.876267 
0.896000 0.866860 
0.897000 0.857407 
0.898000 0.847908 
0.899000 0.838362 
0.900000 0.828770 
0.901000 0.819133 
0.902000 0.809449 
0.903000 0.799719 
0.904000 0.789944 
0.905000 0.780122 
0.906000 0.770255 
0.907000 0.760341 
0.908000 0.750382 
0.909000 0.740377 
0.910000 0.730327 
0.911000 0.720231 
0.912000 0.710089 
0.913000 0.699901 
0.914000 0.689669 
0.915000 0.679390 
0.916000 0.669067 
0.917000 0.658698 
0.918000 0.648283 
0.919000 0.637824 
0.920000 0.627319 
0.921000 0.616770 
0.922000 0.606175 
0.923000 0.595536 
0.924000 0.584852 
0.925000 0.574123 
0.926000 0.563349 
0.927000 0.552531 
0.928000 0.541668 
0.929000 0.530761 
0.930000 0.519809 
0.931000 0.508814 
0.932000 0.497774 
0.933000 0.486690 
0.934000 0.475563 
0.935000 0.464391 
0.936000 0.453176 
0.937000 0.441917 
0.938000 0.430615 
0.939000 0.419269 
0.940000 0.407881 
0.941000 0.396449 
0.942000 0.384974 
0.943000 0.373456 
0.944000 0.361896 
0.945000 0.350293 
0.946000 0.338647 
0.947000 0.326960 
0.948000 0.315230 
0.949000 0.303458 
0.950000 0.291644 
0.951000 0.279789 
0.952000 0.267892 
0.953000 0.255953 
0.954000 0.243974 
0.955000 0.231954 
0.956000 0.219892 
0.957000 0.207790 
0.958000 0.195648 
0.959000 0.183465 
0.960000 0.171242 
0.961000 0.158980 
0.962000 0.146677 
0.963000 0.134335 
0.964000 0.121954 
0.965000 0.109534 
0.966000 0.097075 
0.967000 0.084577 
0.968000 0.072041 
0.969000 0.059467 
0.970000 0.046855 
0.971000 0.034205 
0.972000 0.021518 
0.973000 0.008794 
0.974000 -0.003967 
0.975000 -0.016765 
0.976000 -0.029600 
0.977000 -0.042470 
0.978000 -0.055376 
0.979000 -0.068318 
0.980000 -0.081295 
0.981000 -0.094307 
0.982000 -0.107353 
0.983000 -0.120434 
0.984000 -0.133549 
0.985000 -0.146698 
0.986000 -0.159880 
0.987000 -0.173095 
0.988000 -0.186343 
0.989000 -0.199624 
0.990000 -0.212936 
0.991000 -0.226280 
0.992000 -0.239655 
0.993000 -0.253062 
0.994000 -0.266499 
0.995000 -0.279966 
0.996000 -0.293463 
0.997000 -0.306989 
0.998000 -0.320544 
0.999000 -0.334128 
1.000000 -0.347741 
1.001000 -0.361381 
1.002000 -0.375048 
1.003000 -0.388742 
1.004000 -0.402463 
1.005000 -0.416210 
1.006000 -0.429982 
1.007000 -0.443780 
1.008000 -0.457602 
1.009000 -0.471448 
1.010000 -0.485318 
1.011000 -0.499211 
1.012000 -0.513127 
1.013000 -0.527065 
1.014000 -0.541025 
1.015000 -0.555006 
1.016000 -0.569008 
1.017000 -0.583029 
1.018000 -0.597070 
1.019000 -0.611130 
1.020000 -0.625209 
1.021000 -0.639305 
1.022000 -0.653419 
1.023000 -0.667549 
1.024000 -0.681695 
1.025000 -0.695857 
1.026000 -0.710033 
1.027000 -0.724224 
1.028000 -0.738428 
1.029000 -0.752646 
1.030000 -0.766875 
1.031000 -0.781116 
1.032000 -0.795368 
1.033000 -0.809631 
1.034000 -0.823903 
1.035000 -0.838184 
1.036000 -0.852473 
1.037000 -0.866770 
1.038000 -0.881073 
1.039000 -0.895382 
1.040000 -0.909697 
1.041000 -0.924016 
1.042000 -0.938339 
1.043000 -0.952665 
1.044000 -0.966993 
1.045000 -0.981323 
1.046000 -0.995653 
1.047000 -1.009983 
1.048000 -1.024312 
1.049000 -1.038640 
1.050000 -1.052964 
1.051000 -1.067285 
1.052000 -1.081602 
1.053000 -1.095914 
1.054000 -1.110219 
1.055000 -1.124517 
1.056000 -1.138808 
1.057000 -1.153090 
1.058000 -1.167362 
1.059000 -1.181623 
1.060000 -1.195873 
1.061000 -1.210110 
1.062000 -1.224334 
1.063000 -1.238544 
1.064000 -1.252738 
1.065000 -1.266915 
1.066000 -1.281076 
1.067000 -1.295218 
1.068000 -1.309340 
1.069000 -1.323442 
1.070000 -1.337523 
1.071000 -1.351581 
1.072000 -1.365616 
1.073000 -1.379626 
1.074000 -1.393610 
1.075000 -1.407568 
1.076000 -1.421497 
1.077000 -1.435398 
1.078000 -1.449269 
1.079000 -1.463109 
1.080000 -1.476916 
1.081000 -1.490690 
1.082000 -1.504429 
1.083000 -1.518133 
1.084000 -1.531800 
1.085000 -1.545428 
1.086000 -1.559018 
1.087000 -1.572567 
1.088000 -1.586074 
1.089000 -1.599539 
1.090000 -1.612960 
1.091000 -1.626335 
1.092000 -1.639664 
1.093000 -1.652945 
1.094000 -1.666178 
1.095000 -1.679360 
1.096000 -1.692490 
1.097000 -1.705568 
1.098000 -1.718592 
1.099000 -1.731561 
1.100000 -1.744473 
1.101000 -1.757328 
1.102000 -1.770123 
1.103000 -1.782858 
1.104000 -1.795531 
1.105000 -1.808141 
1.106000 -1.820687 
1.107000 -1.833167 
1.108000 -1.845581 
1.109000 -1.857925 
1.110000 -1.870200 
1.111000 -1.882404 
1.112000 -1.894536 
1.113000 -1.906594 
1.114000 -1.918577 
1.115000 -1.930484 
1.116000 -1.942312 
1.117000 -1.954062 
1.118000 -1.965731 
1.119000 -1.977318 
1.120000 -1.988822 
1.121000 -2.000242 
1.122000 -2.011575 
1.123000 -2.022821 
1.124000 -2.033979 
1.125000 -2.045046 
1.126000 -2.056022 
1.127000 -2.066904 
1.128000 -2.077693 
1.129000 -2.088386 
1.130000 -2.098982 
1.131000 -2.109480 
1.132000 -2.119878 
1.133000 -2.130176 
1.134000 -2.140370 
1.135000 -2.150461 
1.136000 -2.160447 
1.137000 -2.170326 
1.138000 -2.180098 
1.139000 -2.189760 
1.140000 -2.199312 
1.141000 -2.208752 
1.142000 -2.218078 
1.143000 -2.227291 
1.144000 -2.236387 
1.145000 -2.245367 
1.146000 -2.254228 
1.147000 -2.262969 
1.148000 -2.271589 
1.149000 -2.280087 
1.150000 -2.288462 
1.151000 -2.296711 
1.152000 -2.304835 
1.153000 -2.312832 
1.154000 -2.320699 
1.155000 -2.328438 
1.156000 -2.336045 
1.157000 -2.343520 
1.158000 -2.350862 
1.159000 -2.358069 
1.160000 -2.365141 
1.161000 -2.372076 
1.162000 -2.378873 
1.163000 -2.385531 
1.164000 -2.392049 
1.165000 -2.398426 
1.166000 -2.404660 
1.167000 -2.410752 
1.168000 -2.416698 
1.169000 -2.422500 
1.170000 -2.428155 
1.171000 -2.433663 
1.172000 -2.439022 
1.173000 -2.444232 
1.174000 -2.449292 
1.175000 -2.454200 
1.176000 -2.458957 
1.177000 -2.463561 
1.178000 -2.468011 
1.179000 -2.472306 
1.180000 -2.476446 
1.181000 -2.480430 
1.182000 -2.484256 
1.183000 -2.487925 
1.184000 -2.491436 
1.185000 -2.494787 
1.186000 -2.497979 
1.187000 -2.501010 
1.188000 -2.503880 
1.189000 -2.506588 
1.190000 -2.509134 
1.191000 -2.511517 
1.192000 -2.513736 
1.193000 -2.515791 
1.194000 -2.517682 
1.195000 -2.519408 
1.196000 -2.520969 
1.197000 -2.522364 
1.198000 -2.523593 
1.199000 -2.524655 
1.200000 -2.525550 
1.201000 -2.526278 
1.202000 -2.526839 
1.203000 -2.527232 
1.204000 -2.527457 
1.205000 -2.527514 
1.206000 -2.527402 
1.207000 -2.527122 
1.208000 -2.526673 
1.209000 -2.526056 
1.210000 -2.525270 
1.211000 -2.524315 
1.212000 -2.523191 
1.213000 -2.521898 
1.214000 -2.520437 
1.215000 -2.518807 
1.216000 -2.517008 
1.217000 -2.515041 
1.218000 -2.512905 
1.219000 -2.510602 
1.220000 -2.508130 
1.221000 -2.505490 
1.222000 -2.502684 
1.223000 -2.499710 
1.224000 -2.496569 
1.225000 -2.493261 
1.226000 -2.489788 
1.227000 -2.486149 
1.228000 -2.482344 
1.229000 -2.478375 
1.230000 -2.474241 
1.231000 -2.469943 
1.232000 -2.465482 
1.233000 -2.460859 
1.234000 -2.456073 
1.235000 -2.451125 
1.236000 -2.446017 
1.237000 -2.440748 
1.238000 -2.435320 
1.239000 -2.429732 
1.240000 -2.423987 
1.241000 -2.418084 
1.242000 -2.412025 
1.243000 -2.405809 
1.244000 -2.399439 
1.245000 -2.392915 
1.246000 -2.386237 
1.247000 -2.379407 
1.248000 -2.372425 
1.249000 -2.365293 
1.250000 -2.358012 
1.251000 -2.350582 
1.252000 -2.343004 
1.253000 -2.335280 
1.254000 -2.327410 
1.255000 -2.319396 
1.256000 -2.311239 
1.257000 -2.302939 
1.258000 -2.294499 
1.259000 -2.285918 
1.260000 -2.277198 
1.261000 -2.268341 
1.262000 -2.259348 
1.263000 -2.250219 
1.264000 -2.240956 
1.265000 -2.231560 
1.266000 -2.222033 
1.267000 -2.212376 
1.268000 -2.202589 
1.269000 -2.192675 
1.270000 -2.182635 
1.271000 -2.172469 
1.272000 -2.162180 
1.273000 -2.151768 
1.274000 -2.141236 
1.275000 -2.130584 
1.276000 -2.119813 
1.277000 -2.108926 
1.278000 -2.097923 
1.279000 -2.086807 
1.280000 -2.075577 
1.281000 -2.064237 
1.282000 -2.052787 
1.283000 -2.041228 
1.284000 -2.029563 
1.285000 -2.017792 
1.286000 -2.005917 
1.287000 -1.993940 
1.288000 -1.981862 
1.289000 -1.969684 
1.290000 -1.957408 
1.291000 -1.945036 
1.292000 -1.932569 
1.293000 -1.920009 
1.294000 -1.907356 
1.295000 -1.894613 
1.296000 -1.881781 
1.297000 -1.868861 
1.298000 -1.855855 
1.299000 -1.842765 
1.300000 -1.829592 
1.301000 -1.816338 
1.302000 -1.803004 
1.303000 -1.789591 
1.304000 -1.776101 
1.305000 -1.762536 
1.306000 -1.748897 
1.307000 -1.735186 
1.308000 -1.721404 
1.309000 -1.707553 
1.310000 -1.693634 
1.311000 -1.679648 
1.312000 -1.665597 
1.313000 -1.651484 
1.314000 -1.637308 
1.315000 -1.623072 
1.316000 -1.608777 
1.317000 -1.594424 
1.318000 -1.580016 
1.319000 -1.565553 
1.320000 -1.551037 
1.321000 -1.536469 
1.322000 -1.521851 
1.323000 -1.507185 
1.324000 -1.492471 
1.325000 -1.477711 
1.326000 -1.462907 
1.327000 -1.448060 
1.328000 -1.433171 
1.329000 -1.418242 
1.330000 -1.403274 
1.331000 -1.388269 
1.332000 -1.373227 
1.333000 -1.358151 
1.334000 -1.343041 
1.335000 -1.327899 
1.336000 -1.312727 
1.337000 -1.297525 
1.338000 -1.282295 
1.339000 -1.267038 
1.340000 -1.251755 
1.341000 -1.236449 
1.342000 -1.221119 
1.343000 -1.205768 
1.344000 -1.190397 
1.345000 -1.175006 
1.346000 -1.159597 
1.347000 -1.144172 
1.348000 -1.128731 
1.349000 -1.113276 
1.350000 -1.097807 
1.351000 -1.082327 
1.352000 -1.066836 
1.353000 -1.051335 
1.354000 -1.035826 
1.355000 -1.020310 
1.356000 -1.004787 
1.357000 -0.989259 
1.358000 -0.973727 
1.359000 -0.958193 
1.360000 -0.942656 
1.361000 -0.927119 
1.362000 -0.911582 
1.363000 -0.896046 
1.364000 -0.880513 
1.365000 -0.864983 
1.366000 -0.849457 
1.367000 -0.833937 
1.368000 -0.818423 
1.369000 -0.802916 
1.370000 -0.787418 
1.371000 -0.771929 
1.372000 -0.756450 
1.373000 -0.740982 
1.374000 -0.725527 
1.375000 -0.710084 
1.376000 -0.694655 
1.377000 -0.679241 
1.378000 -0.663842 
1.379000 -0.648460 
1.380000 -0.633095 
1.381000 -0.617748 
1.382000 -0.602420 
1.383000 -0.587111 
1.384000 -0.571823 
1.385000 -0.556557 
1.386000 -0.541312 
1.387000 -0.526091 
1.388000 -0.510893 
1.389000 -0.495719 
1.390000 -0.480571 
1.391000 -0.465448 
1.392000 -0.450352 
1.393000 -0.435283 
1.394000 -0.420242 
1.395000 -0.405229 
1.396000 -0.390246 
1.397000 -0.375292 
1.398000 -0.360369 
1.399000 -0.345478 
1.400000 -0.330618 
1.401000 -0.315790 
1.402000 -0.300996 
1.403000 -0.286235 
1.404000 -0.271508 
1.405000 -0.256817 
1.406000 -0.242160 
1.407000 -0.227540 
1.408000 -0.212955 
1.409000 -0.198408 
1.410000 -0.183899 
1.411000 -0.169427 
1.412000 -0.154994 
1.413000 -0.140600 
1.414000 -0.126246 
1.415000 -0.111931 
1.416000 -0.097657 
1.417000 -0.083424 
1.418000 -0.069232 
1.419000 -0.055083 
1.420000 -0.040975 
1.421000 -0.026910 
1.422000 -0.012888 
1.423000 0.001090 
1.424000 0.015024 
1.425000 0.028914 
1.426000 0.042759 
1.427000 0.056559 
1.428000 0.070314 
1.429000 0.084023 
1.430000 0.097685 
1.431000 0.111302 
1.432000 0.124871 
1.433000 0.138393 
1.434000 0.151868 
1.435000 0.165294 
1.436000 0.178673 
1.437000 0.192003 
1.438000 0.205284 
1.439000 0.218517 
1.440000 0.231700 
1.441000 0.244833 
1.442000 0.257916 
1.443000 0.270950 
1.444000 0.283933 
1.445000 0.296865 
1.446000 0.309747 
1.447000 0.322577 
1.448000 0.335356 
1.449000 0.348084 
1.450000 0.360759 
1.451000 0.373383 
1.452000 0.385955 
1.453000 0.398474 
1.454000 0.410940 
1.455000 0.423354 
1.456000 0.435715 
1.457000 0.448022 
1.458000 0.460277 
1.459000 0.472477 
1.460000 0.484624 
1.461000 0.496718 
1.462000 0.508757 
1.463000 0.520742 
1.464000 0.532673 
1.465000 0.544550 
1.466000 0.556372 
1.467000 0.568139 
1.468000 0.579852 
1.469000 0.591509 
1.470000 0.603112 
1.471000 0.614660 
1.472000 0.626152 
1.473000 0.637589 
1.474000 0.648970 
1.475000 0.660296 
1.476000 0.671566 
1.477000 0.682781 
1.478000 0.693940 
1.479000 0.705043 
1.480000 0.716090 
1.481000 0.727081 
1.482000 0.738016 
1.483000 0.748894 
1.484000 0.759717 
1.485000 0.770483 
1.486000 0.781193 
1.487000 0.791847 
1.488000 0.802444 
1.489000 0.812984 
1.490000 0.823468 
1.491000 0.833896 
1.492000 0.844267 
1.493000 0.854581 
1.494000 0.864839 
1.495000 0.875040 
1.496000 0.885185 
1.497000 0.895272 
1.498000 0.905303 
1.499000 0.915277 
