# time Tc_folded Tref_folded value value_err offset model full_model val_compare val_compare_err residuals residuals_err jitter jitter_flag offset_flag subset_flag 
2455480.529186 0.000000 0.000000 -10482.960657 0.485677 -10476.269695 -2.622097 -10480.389428 -5.193325 0.485677 -2.571229 0.485677 1.647448   1   2  -1 
2455480.529186 0.000000 0.000000 -10482.960657 0.485677 -10476.269695 -2.622097 -10480.389428 -5.193325 0.485677 -2.571229 0.485677 1.647448   1   2  -1 
2455480.532970 0.000000 0.000000 -10481.678693 0.440084 -10476.269695 -2.621010 -10480.388334 -3.911368 0.440084 -1.290359 0.440084 1.647448   1   2  -1 
2455480.532970 0.000000 0.000000 -10481.678693 0.440084 -10476.269695 -2.621010 -10480.388334 -3.911368 0.440084 -1.290359 0.440084 1.647448   1   2  -1 
2455480.536778 0.000000 0.000000 -10480.431449 0.465046 -10476.269695 -2.619919 -10480.387225 -2.664142 0.465046 -0.044224 0.465046 1.647448   1   2  -1 
2455480.536778 0.000000 0.000000 -10480.431449 0.465046 -10476.269695 -2.619919 -10480.387225 -2.664142 0.465046 -0.044224 0.465046 1.647448   1   2  -1 
2455482.554786 0.000000 0.000000 -10476.128743 0.353905 -10476.269695 -2.239987 -10478.593447 0.224717 0.353905 2.464704 0.353905 1.647448   1   2  -1 
2455482.554786 0.000000 0.000000 -10476.128743 0.353905 -10476.269695 -2.239987 -10478.593447 0.224717 0.353905 2.464704 0.353905 1.647448   1   2  -1 
2455484.542056 0.000000 0.000000 -10475.755433 0.514319 -10476.269695 -1.900283 -10476.104195 -1.551521 0.514319 0.348762 0.514319 1.647448   1   2  -1 
2455484.542056 0.000000 0.000000 -10475.755433 0.514319 -10476.269695 -1.900283 -10476.104195 -1.551521 0.514319 0.348762 0.514319 1.647448   1   2  -1 
2455484.545828 0.000000 0.000000 -10473.332240 0.532707 -10476.269695 -1.899984 -10476.100758 0.868534 0.532707 2.768518 0.532707 1.647448   1   2  -1 
2455484.545828 0.000000 0.000000 -10473.332240 0.532707 -10476.269695 -1.899984 -10476.100758 0.868534 0.532707 2.768518 0.532707 1.647448   1   2  -1 
2455484.549671 0.000000 0.000000 -10474.438386 0.508347 -10476.269695 -1.899681 -10476.097264 -0.240803 0.508347 1.658878 0.508347 1.647448   1   2  -1 
2455484.549671 0.000000 0.000000 -10474.438386 0.508347 -10476.269695 -1.899681 -10476.097264 -0.240803 0.508347 1.658878 0.508347 1.647448   1   2  -1 
2455485.527184 0.000000 0.000000 -10473.605978 0.432034 -10476.269695 -1.916929 -10475.466942 -0.055965 0.432034 1.860964 0.432034 1.647448   1   2  -1 
2455485.527184 0.000000 0.000000 -10473.605978 0.432034 -10476.269695 -1.916929 -10475.466942 -0.055965 0.432034 1.860964 0.432034 1.647448   1   2  -1 
2455485.532971 0.000000 0.000000 -10471.997247 0.445706 -10476.269695 -1.917605 -10475.464759 1.549907 0.445706 3.467512 0.445706 1.647448   1   2  -1 
2455485.532971 0.000000 0.000000 -10471.997247 0.445706 -10476.269695 -1.917605 -10475.464759 1.549907 0.445706 3.467512 0.445706 1.647448   1   2  -1 
2455487.543214 0.000000 0.000000 -10473.844627 0.404437 -10476.269695 -2.347709 -10475.543813 -0.648524 0.404437 1.699186 0.404437 1.647448   1   2  -1 
2455487.543214 0.000000 0.000000 -10473.844627 0.404437 -10476.269695 -2.347709 -10475.543813 -0.648524 0.404437 1.699186 0.404437 1.647448   1   2  -1 
2455487.548897 0.000000 0.000000 -10473.904015 0.401767 -10476.269695 -2.348768 -10475.545565 -0.707218 0.401767 1.641550 0.401767 1.647448   1   2  -1 
2455487.548897 0.000000 0.000000 -10473.904015 0.401767 -10476.269695 -2.348768 -10475.545565 -0.707218 0.401767 1.641550 0.401767 1.647448   1   2  -1 
2455493.544252 0.000000 0.000000 -10479.814585 0.396600 -10476.269695 -2.218398 -10480.321103 -1.711880 0.396600 0.506518 0.396600 1.647448   1   2  -1 
2455493.544252 0.000000 0.000000 -10479.814585 0.396600 -10476.269695 -2.218398 -10480.321103 -1.711880 0.396600 0.506518 0.396600 1.647448   1   2  -1 
2455493.550478 0.000000 0.000000 -10480.900282 0.405220 -10476.269695 -2.219588 -10480.329513 -2.790357 0.405220 -0.570769 0.405220 1.647448   1   2  -1 
2455493.550478 0.000000 0.000000 -10480.900282 0.405220 -10476.269695 -2.219588 -10480.329513 -2.790357 0.405220 -0.570769 0.405220 1.647448   1   2  -1 
2455495.535877 0.000000 0.000000 -10480.826331 0.401246 -10476.269695 -2.579754 -10481.907300 -1.498786 0.401246 1.080969 0.401246 1.647448   1   2  -1 
2455495.535877 0.000000 0.000000 -10480.826331 0.401246 -10476.269695 -2.579754 -10481.907300 -1.498786 0.401246 1.080969 0.401246 1.647448   1   2  -1 
2455495.541664 0.000000 0.000000 -10480.647538 0.425418 -10476.269695 -2.580815 -10481.907551 -1.320802 0.425418 1.260013 0.425418 1.647448   1   2  -1 
2455495.541664 0.000000 0.000000 -10480.647538 0.425418 -10476.269695 -2.580815 -10481.907551 -1.320802 0.425418 1.260013 0.425418 1.647448   1   2  -1 
2455498.517820 0.000000 0.000000 -10479.650410 0.663846 -10476.269695 -3.525760 -10480.616410 -2.559760 0.663846 0.966000 0.663846 1.647448   1   2  -1 
2455498.517820 0.000000 0.000000 -10479.650410 0.663846 -10476.269695 -3.525760 -10480.616410 -2.559760 0.663846 0.966000 0.663846 1.647448   1   2  -1 
2455498.523445 0.000000 0.000000 -10478.978096 0.600098 -10476.269695 -3.528068 -10480.614266 -1.891898 0.600098 1.636170 0.600098 1.647448   1   2  -1 
2455498.523445 0.000000 0.000000 -10478.978096 0.600098 -10476.269695 -3.528068 -10480.614266 -1.891898 0.600098 1.636170 0.600098 1.647448   1   2  -1 
2455500.544007 0.000000 0.000000 -10479.588979 0.341836 -10476.269695 -4.119693 -10480.092679 -3.615993 0.341836 0.503700 0.341836 1.647448   1   2  -1 
2455500.544007 0.000000 0.000000 -10479.588979 0.341836 -10476.269695 -4.119693 -10480.092679 -3.615993 0.341836 0.503700 0.341836 1.647448   1   2  -1 
2455500.549389 0.000000 0.000000 -10479.646223 0.372174 -10476.269695 -4.120422 -10480.091732 -3.674913 0.372174 0.445509 0.372174 1.647448   1   2  -1 
2455500.549389 0.000000 0.000000 -10479.646223 0.372174 -10476.269695 -4.120422 -10480.091732 -3.674913 0.372174 0.445509 0.372174 1.647448   1   2  -1 
2455501.547102 0.000000 0.000000 -10479.228913 0.302659 -10476.269695 -4.198179 -10479.966287 -3.460805 0.302659 0.737374 0.302659 1.647448   1   2  -1 
2455501.547102 0.000000 0.000000 -10479.228913 0.302659 -10476.269695 -4.198179 -10479.966287 -3.460805 0.302659 0.737374 0.302659 1.647448   1   2  -1 
2455501.552738 0.000000 0.000000 -10480.110772 0.289222 -10476.269695 -4.198409 -10479.965953 -4.343228 0.289222 -0.144819 0.289222 1.647448   1   2  -1 
2455501.552738 0.000000 0.000000 -10480.110772 0.289222 -10476.269695 -4.198409 -10479.965953 -4.343228 0.289222 -0.144819 0.289222 1.647448   1   2  -1 
2455505.514789 0.000000 0.000000 -10479.788974 0.344263 -10476.269695 -4.535337 -10481.386258 -2.938053 0.344263 1.597284 0.344263 1.647448   1   2  -1 
2455505.514789 0.000000 0.000000 -10479.788974 0.344263 -10476.269695 -4.535337 -10481.386258 -2.938053 0.344263 1.597284 0.344263 1.647448   1   2  -1 
2455505.520425 0.000000 0.000000 -10479.398339 0.340728 -10476.269695 -4.535191 -10481.389730 -2.543800 0.340728 1.991391 0.340728 1.647448   1   2  -1 
2455505.520425 0.000000 0.000000 -10479.398339 0.340728 -10476.269695 -4.535191 -10481.389730 -2.543800 0.340728 1.991391 0.340728 1.647448   1   2  -1 
2455507.517142 0.000000 0.000000 -10482.165859 0.264981 -10476.269695 -4.132808 -10482.506334 -3.792333 0.264981 0.340475 0.264981 1.647448   1   2  -1 
2455507.517142 0.000000 0.000000 -10482.165859 0.264981 -10476.269695 -4.132808 -10482.506334 -3.792333 0.264981 0.340475 0.264981 1.647448   1   2  -1 
2455507.522824 0.000000 0.000000 -10483.868821 0.270208 -10476.269695 -4.130973 -10482.508886 -5.490907 0.270208 -1.359935 0.270208 1.647448   1   2  -1 
2455507.522824 0.000000 0.000000 -10483.868821 0.270208 -10476.269695 -4.130973 -10482.508886 -5.490907 0.270208 -1.359935 0.270208 1.647448   1   2  -1 
2455509.518050 0.000000 0.000000 -10482.136940 0.380261 -10476.269695 -3.547022 -10482.594240 -3.089722 0.380261 0.457300 0.380261 1.647448   1   2  -1 
2455509.518050 0.000000 0.000000 -10482.136940 0.380261 -10476.269695 -3.547022 -10482.594240 -3.089722 0.380261 0.457300 0.380261 1.647448   1   2  -1 
2455509.523524 0.000000 0.000000 -10481.842165 0.354765 -10476.269695 -3.545789 -10482.591049 -2.796905 0.354765 0.748884 0.354765 1.647448   1   2  -1 
2455509.523524 0.000000 0.000000 -10481.842165 0.354765 -10476.269695 -3.545789 -10482.591049 -2.796905 0.354765 0.748884 0.354765 1.647448   1   2  -1 
2455511.516449 0.000000 0.000000 -10481.051242 0.398498 -10476.269695 -3.131005 -10480.153024 -4.029223 0.398498 -0.898218 0.398498 1.647448   1   2  -1 
2455511.516449 0.000000 0.000000 -10481.051242 0.398498 -10476.269695 -3.131005 -10480.153024 -4.029223 0.398498 -0.898218 0.398498 1.647448   1   2  -1 
2455511.521935 0.000000 0.000000 -10481.318563 0.396662 -10476.269695 -3.129691 -10480.144156 -4.304098 0.396662 -1.174407 0.396662 1.647448   1   2  -1 
2455511.521935 0.000000 0.000000 -10481.318563 0.396662 -10476.269695 -3.129691 -10480.144156 -4.304098 0.396662 -1.174407 0.396662 1.647448   1   2  -1 
2455513.504562 0.000000 0.000000 -10476.804338 0.418335 -10476.269695 -2.549249 -10477.108726 -2.244860 0.418335 0.304388 0.418335 1.647448   1   2  -1 
2455513.504562 0.000000 0.000000 -10476.804338 0.418335 -10476.269695 -2.549249 -10477.108726 -2.244860 0.418335 0.304388 0.418335 1.647448   1   2  -1 
2455513.510244 0.000000 0.000000 -10476.668251 0.441085 -10476.269695 -2.547416 -10477.101283 -2.114384 0.441085 0.433032 0.441085 1.647448   1   2  -1 
2455513.510244 0.000000 0.000000 -10476.668251 0.441085 -10476.269695 -2.547416 -10477.101283 -2.114384 0.441085 0.433032 0.441085 1.647448   1   2  -1 
2455514.505835 0.000000 0.000000 -10478.206203 0.335906 -10476.269695 -2.221669 -10475.948658 -4.479213 0.335906 -2.257545 0.335906 1.647448   1   2  -1 
2455514.505835 0.000000 0.000000 -10478.206203 0.335906 -10476.269695 -2.221669 -10475.948658 -4.479213 0.335906 -2.257545 0.335906 1.647448   1   2  -1 
2455514.511356 0.000000 0.000000 -10477.524806 0.341716 -10476.269695 -2.219809 -10475.943083 -3.801533 0.341716 -1.581723 0.341716 1.647448   1   2  -1 
2455514.511356 0.000000 0.000000 -10477.524806 0.341716 -10476.269695 -2.219809 -10475.943083 -3.801533 0.341716 -1.581723 0.341716 1.647448   1   2  -1 
2455519.503938 0.000000 0.000000 -10474.517329 0.516685 -10476.269695 0.219873 -10473.877737 -0.419719 0.516685 -0.639592 0.516685 1.647448   1   2  -1 
2455519.503938 0.000000 0.000000 -10474.517329 0.516685 -10476.269695 0.219873 -10473.877737 -0.419719 0.516685 -0.639592 0.516685 1.647448   1   2  -1 
2455519.508811 0.000000 0.000000 -10473.971305 0.498073 -10476.269695 0.220654 -10473.880888 0.130237 0.498073 -0.090417 0.498073 1.647448   1   2  -1 
2455519.508811 0.000000 0.000000 -10473.971305 0.498073 -10476.269695 0.220654 -10473.880888 0.130237 0.498073 -0.090417 0.498073 1.647448   1   2  -1 
2455523.508036 0.000000 0.000000 -10476.567096 0.414917 -10476.269695 -0.623175 -10478.700902 1.510631 0.414917 2.133806 0.414917 1.647448   1   2  -1 
2455523.508036 0.000000 0.000000 -10476.567096 0.414917 -10476.269695 -0.623175 -10478.700902 1.510631 0.414917 2.133806 0.414917 1.647448   1   2  -1 
2455523.513036 0.000000 0.000000 -10476.426565 0.432885 -10476.269695 -0.622910 -10478.702639 1.653163 0.432885 2.276074 0.432885 1.647448   1   2  -1 
2455523.513036 0.000000 0.000000 -10476.426565 0.432885 -10476.269695 -0.622910 -10478.702639 1.653163 0.432885 2.276074 0.432885 1.647448   1   2  -1 
2455524.521481 0.000000 0.000000 -10476.409103 0.333974 -10476.269695 -0.501344 -10478.577218 1.666771 0.333974 2.168115 0.333974 1.647448   1   2  -1 
2455524.521481 0.000000 0.000000 -10476.409103 0.333974 -10476.269695 -0.501344 -10478.577218 1.666771 0.333974 2.168115 0.333974 1.647448   1   2  -1 
2455524.526446 0.000000 0.000000 -10475.818731 0.339194 -10476.269695 -0.500731 -10478.574694 2.255232 0.339194 2.755963 0.339194 1.647448   1   2  -1 
2455524.526446 0.000000 0.000000 -10475.818731 0.339194 -10476.269695 -0.500731 -10478.574694 2.255232 0.339194 2.755963 0.339194 1.647448   1   2  -1 
2455653.900831 0.000000 0.000000 -10479.122782 0.372304 -10476.269695 -1.454061 -10477.951041 -2.625803 0.372304 -1.171741 0.372304 1.647448   1   2  -1 
2455653.900831 0.000000 0.000000 -10479.122782 0.372304 -10476.269695 -1.454061 -10477.951041 -2.625803 0.372304 -1.171741 0.372304 1.647448   1   2  -1 
2455653.906410 0.000000 0.000000 -10477.502514 0.368097 -10476.269695 -1.454992 -10477.947116 -1.010390 0.368097 0.444602 0.368097 1.647448   1   2  -1 
2455653.906410 0.000000 0.000000 -10477.502514 0.368097 -10476.269695 -1.454992 -10477.947116 -1.010390 0.368097 0.444602 0.368097 1.647448   1   2  -1 
2455654.900357 0.000000 0.000000 -10477.529507 0.407058 -10476.269695 -1.647109 -10477.234998 -1.941618 0.407058 -0.294509 0.407058 1.647448   1   2  -1 
2455654.900357 0.000000 0.000000 -10477.529507 0.407058 -10476.269695 -1.647109 -10477.234998 -1.941618 0.407058 -0.294509 0.407058 1.647448   1   2  -1 
2455654.905936 0.000000 0.000000 -10476.951630 0.365708 -10476.269695 -1.648254 -10477.231205 -1.368680 0.365708 0.279575 0.365708 1.647448   1   2  -1 
2455654.905936 0.000000 0.000000 -10476.951630 0.365708 -10476.269695 -1.648254 -10477.231205 -1.368680 0.365708 0.279575 0.365708 1.647448   1   2  -1 
2455657.909222 0.000000 0.000000 -10477.608535 0.302855 -10476.269695 -2.169686 -10476.271194 -3.507027 0.302855 -1.337341 0.302855 1.647448   1   2  -1 
2455657.909222 0.000000 0.000000 -10477.608535 0.302855 -10476.269695 -2.169686 -10476.271194 -3.507027 0.302855 -1.337341 0.302855 1.647448   1   2  -1 
2455657.914813 0.000000 0.000000 -10478.050098 0.315866 -10476.269695 -2.170483 -10476.271602 -3.948979 0.315866 -1.778496 0.315866 1.647448   1   2  -1 
2455657.914813 0.000000 0.000000 -10478.050098 0.315866 -10476.269695 -2.170483 -10476.271602 -3.948979 0.315866 -1.778496 0.315866 1.647448   1   2  -1 
2455659.907949 0.000000 0.000000 -10477.046490 0.384743 -10476.269695 -2.463613 -10476.904859 -2.605244 0.384743 -0.141631 0.384743 1.647448   1   2  -1 
2455659.907949 0.000000 0.000000 -10477.046490 0.384743 -10476.269695 -2.463613 -10476.904859 -2.605244 0.384743 -0.141631 0.384743 1.647448   1   2  -1 
2455659.913540 0.000000 0.000000 -10478.198534 0.401510 -10476.269695 -2.464571 -10476.908027 -3.755078 0.401510 -1.290507 0.401510 1.647448   1   2  -1 
2455659.913540 0.000000 0.000000 -10478.198534 0.401510 -10476.269695 -2.464571 -10476.908027 -3.755078 0.401510 -1.290507 0.401510 1.647448   1   2  -1 
2455660.901884 0.000000 0.000000 -10478.330760 0.251174 -10476.269695 -2.664096 -10477.602069 -3.392787 0.251174 -0.728691 0.251174 1.647448   1   2  -1 
2455660.901884 0.000000 0.000000 -10478.330760 0.251174 -10476.269695 -2.664096 -10477.602069 -3.392787 0.251174 -0.728691 0.251174 1.647448   1   2  -1 
2455662.902485 0.000000 0.000000 -10478.461597 0.474458 -10476.269695 -3.271313 -10479.834171 -1.898739 0.474458 1.372574 0.474458 1.647448   1   2  -1 
2455662.902485 0.000000 0.000000 -10478.461597 0.474458 -10476.269695 -3.271313 -10479.834171 -1.898739 0.474458 1.372574 0.474458 1.647448   1   2  -1 
2455662.908180 0.000000 0.000000 -10479.019990 0.454621 -10476.269695 -3.273158 -10479.841792 -2.451357 0.454621 0.821802 0.454621 1.647448   1   2  -1 
2455662.908180 0.000000 0.000000 -10479.019990 0.454621 -10476.269695 -3.273158 -10479.841792 -2.451357 0.454621 0.821802 0.454621 1.647448   1   2  -1 
2455663.839263 0.000000 0.000000 -10481.021871 0.868606 -10476.269695 -3.528624 -10481.111150 -3.439346 0.868606 0.089279 0.868606 1.647448   1   2  -1 
2455663.839263 0.000000 0.000000 -10481.021871 0.868606 -10476.269695 -3.528624 -10481.111150 -3.439346 0.868606 0.089279 0.868606 1.647448   1   2  -1 
2455672.897729 0.000000 0.000000 -10477.289791 0.326960 -10476.269695 -3.753072 -10479.293430 -1.749433 0.326960 2.003639 0.326960 1.647448   1   2  -1 
2455672.897729 0.000000 0.000000 -10477.289791 0.326960 -10476.269695 -3.753072 -10479.293430 -1.749433 0.326960 2.003639 0.326960 1.647448   1   2  -1 
2455672.902775 0.000000 0.000000 -10477.128218 0.300639 -10476.269695 -3.753474 -10479.292374 -1.589317 0.300639 2.164156 0.300639 1.647448   1   2  -1 
2455672.902775 0.000000 0.000000 -10477.128218 0.300639 -10476.269695 -3.753474 -10479.292374 -1.589317 0.300639 2.164156 0.300639 1.647448   1   2  -1 
2455675.905453 0.000000 0.000000 -10479.983143 0.211350 -10476.269695 -2.613814 -10478.143869 -4.453088 0.211350 -1.839274 0.211350 1.647448   1   2  -1 
2455675.905453 0.000000 0.000000 -10479.983143 0.211350 -10476.269695 -2.613814 -10478.143869 -4.453088 0.211350 -1.839274 0.211350 1.647448   1   2  -1 
2455679.879903 0.000000 0.000000 -10481.249420 0.252289 -10476.269695 -2.591671 -10480.357498 -3.483594 0.252289 -0.891922 0.252289 1.647448   1   2  -1 
2455679.879903 0.000000 0.000000 -10481.249420 0.252289 -10476.269695 -2.591671 -10480.357498 -3.483594 0.252289 -0.891922 0.252289 1.647448   1   2  -1 
2455679.885123 0.000000 0.000000 -10482.070814 0.256851 -10476.269695 -2.590959 -10480.359006 -4.302767 0.256851 -1.711808 0.256851 1.647448   1   2  -1 
2455679.885123 0.000000 0.000000 -10482.070814 0.256851 -10476.269695 -2.590959 -10480.359006 -4.302767 0.256851 -1.711808 0.256851 1.647448   1   2  -1 
2455712.893679 0.000000 0.000000 -10477.596372 0.280177 -10476.269695 -1.853239 -10477.310428 -2.139182 0.280177 -0.285944 0.280177 1.647448   1   2  -1 
2455712.893679 0.000000 0.000000 -10477.596372 0.280177 -10476.269695 -1.853239 -10477.310428 -2.139182 0.280177 -0.285944 0.280177 1.647448   1   2  -1 
2455715.864679 0.000000 0.000000 -10473.715742 0.681733 -10476.269695 -1.031266 -10474.242538 -0.504469 0.681733 0.526796 0.681733 1.647448   1   2  -1 
2455715.864679 0.000000 0.000000 -10473.715742 0.681733 -10476.269695 -1.031266 -10474.242538 -0.504469 0.681733 0.526796 0.681733 1.647448   1   2  -1 
2455715.867376 0.000000 0.000000 -10473.898980 0.709421 -10476.269695 -1.030640 -10474.241073 -0.688548 0.709421 0.342093 0.709421 1.647448   1   2  -1 
2455715.867376 0.000000 0.000000 -10473.898980 0.709421 -10476.269695 -1.030640 -10474.241073 -0.688548 0.709421 0.342093 0.709421 1.647448   1   2  -1 
2455715.869992 0.000000 0.000000 -10473.445162 0.718389 -10476.269695 -1.030034 -10474.239653 -0.235543 0.718389 0.794491 0.718389 1.647448   1   2  -1 
2455715.869992 0.000000 0.000000 -10473.445162 0.718389 -10476.269695 -1.030034 -10474.239653 -0.235543 0.718389 0.794491 0.718389 1.647448   1   2  -1 
2455715.872747 0.000000 0.000000 -10473.903696 0.742414 -10476.269695 -1.029396 -10474.238161 -0.694931 0.742414 0.334465 0.742414 1.647448   1   2  -1 
2455715.872747 0.000000 0.000000 -10473.903696 0.742414 -10476.269695 -1.029396 -10474.238161 -0.694931 0.742414 0.334465 0.742414 1.647448   1   2  -1 
2455727.859452 0.000000 0.000000 -10475.357665 0.528199 -10476.269695 -1.013758 -10476.654745 0.283322 0.528199 1.297080 0.528199 1.647448   1   2  -1 
2455727.859452 0.000000 0.000000 -10475.357665 0.528199 -10476.269695 -1.013758 -10476.654745 0.283322 0.528199 1.297080 0.528199 1.647448   1   2  -1 
2455727.863145 0.000000 0.000000 -10476.960737 0.516663 -10476.269695 -1.014518 -10476.653695 -1.321560 0.516663 -0.307042 0.516663 1.647448   1   2  -1 
2455727.863145 0.000000 0.000000 -10476.960737 0.516663 -10476.269695 -1.014518 -10476.653695 -1.321560 0.516663 -0.307042 0.516663 1.647448   1   2  -1 
2455727.866953 0.000000 0.000000 -10477.060026 0.559742 -10476.269695 -1.015304 -10476.652620 -1.422710 0.559742 -0.407406 0.559742 1.647448   1   2  -1 
2455727.866953 0.000000 0.000000 -10477.060026 0.559742 -10476.269695 -1.015304 -10476.652620 -1.422710 0.559742 -0.407406 0.559742 1.647448   1   2  -1 
2455735.809170 0.000000 0.000000 -10480.718295 0.263016 -10476.269695 -1.480882 -10480.077836 -2.121341 0.263016 -0.640459 0.263016 1.647448   1   2  -1 
2455735.809170 0.000000 0.000000 -10480.718295 0.263016 -10476.269695 -1.480882 -10480.077836 -2.121341 0.263016 -0.640459 0.263016 1.647448   1   2  -1 
2455754.777241 0.000000 0.000000 -10475.455016 0.545675 -10476.269695 -1.098507 -10476.772637 0.219114 0.545675 1.317621 0.545675 1.647448   1   2  -1 
2455754.777241 0.000000 0.000000 -10475.455016 0.545675 -10476.269695 -1.098507 -10476.772637 0.219114 0.545675 1.317621 0.545675 1.647448   1   2  -1 
2455755.755721 0.000000 0.000000 -10477.021535 0.384396 -10476.269695 -1.134601 -10476.000085 -2.156051 0.384396 -1.021450 0.384396 1.647448   1   2  -1 
2455755.755721 0.000000 0.000000 -10477.021535 0.384396 -10476.269695 -1.134601 -10476.000085 -2.156051 0.384396 -1.021450 0.384396 1.647448   1   2  -1 
2455769.736300 0.000000 0.000000 -10478.718338 0.338766 -10476.269695 -2.376512 -10479.959811 -1.135040 0.338766 1.241473 0.338766 1.647448   1   2  -1 
2455769.736300 0.000000 0.000000 -10478.718338 0.338766 -10476.269695 -2.376512 -10479.959811 -1.135040 0.338766 1.241473 0.338766 1.647448   1   2  -1 
2455769.742075 0.000000 0.000000 -10479.209949 0.385157 -10476.269695 -2.376933 -10479.954554 -1.632329 0.385157 0.744605 0.385157 1.647448   1   2  -1 
2455769.742075 0.000000 0.000000 -10479.209949 0.385157 -10476.269695 -2.376933 -10479.954554 -1.632329 0.385157 0.744605 0.385157 1.647448   1   2  -1 
2455776.628483 0.000000 0.000000 -10477.854877 0.356174 -10476.269695 -0.669095 -10476.522211 -2.001760 0.356174 -1.332666 0.356174 1.647448   1   2  -1 
2455776.628483 0.000000 0.000000 -10477.854877 0.356174 -10476.269695 -0.669095 -10476.522211 -2.001760 0.356174 -1.332666 0.356174 1.647448   1   2  -1 
2455782.624998 0.000000 0.000000 -10477.234320 0.380536 -10476.269695 -1.308413 -10477.830310 -0.712424 0.380536 0.595990 0.380536 1.647448   1   2  -1 
2455782.624998 0.000000 0.000000 -10477.234320 0.380536 -10476.269695 -1.308413 -10477.830310 -0.712424 0.380536 0.595990 0.380536 1.647448   1   2  -1 
2455784.737667 0.000000 0.000000 -10473.119634 0.272683 -10476.269695 -0.793505 -10474.931011 1.017872 0.272683 1.811377 0.272683 1.647448   1   2  -1 
2455784.737667 0.000000 0.000000 -10473.119634 0.272683 -10476.269695 -0.793505 -10474.931011 1.017872 0.272683 1.811377 0.272683 1.647448   1   2  -1 
2455801.526698 0.000000 0.000000 -10477.714254 0.636570 -10476.269695 -1.153446 -10476.898830 -1.968869 0.636570 -0.815424 0.636570 1.647448   1   2  -1 
2455801.526698 0.000000 0.000000 -10477.714254 0.636570 -10476.269695 -1.153446 -10476.898830 -1.968869 0.636570 -0.815424 0.636570 1.647448   1   2  -1 
2455801.531628 0.000000 0.000000 -10478.348482 0.588581 -10476.269695 -1.154036 -10476.898977 -2.603541 0.588581 -1.449505 0.588581 1.647448   1   2  -1 
2455801.531628 0.000000 0.000000 -10478.348482 0.588581 -10476.269695 -1.154036 -10476.898977 -2.603541 0.588581 -1.449505 0.588581 1.647448   1   2  -1 
2455804.632333 0.000000 0.000000 -10479.889141 0.560283 -10476.269695 -1.755918 -10478.140540 -3.504519 0.560283 -1.748601 0.560283 1.647448   1   2  -1 
2455804.632333 0.000000 0.000000 -10479.889141 0.560283 -10476.269695 -1.755918 -10478.140540 -3.504519 0.560283 -1.748601 0.560283 1.647448   1   2  -1 
2455804.637669 0.000000 0.000000 -10479.356651 0.516075 -10476.269695 -1.756088 -10478.143364 -2.969375 0.516075 -1.213287 0.516075 1.647448   1   2  -1 
2455804.637669 0.000000 0.000000 -10479.356651 0.516075 -10476.269695 -1.756088 -10478.143364 -2.969375 0.516075 -1.213287 0.516075 1.647448   1   2  -1 
2455807.626267 0.000000 0.000000 -10477.952953 0.482855 -10476.269695 -1.336399 -10479.900136 0.610784 0.482855 1.947183 0.482855 1.647448   1   2  -1 
2455807.626267 0.000000 0.000000 -10477.952953 0.482855 -10476.269695 -1.336399 -10479.900136 0.610784 0.482855 1.947183 0.482855 1.647448   1   2  -1 
2455807.631162 0.000000 0.000000 -10477.762393 0.443292 -10476.269695 -1.335187 -10479.902846 0.805266 0.443292 2.140453 0.443292 1.647448   1   2  -1 
2455807.631162 0.000000 0.000000 -10477.762393 0.443292 -10476.269695 -1.335187 -10479.902846 0.805266 0.443292 2.140453 0.443292 1.647448   1   2  -1 
2455810.581550 0.000000 0.000000 -10481.002505 0.377097 -10476.269695 -0.465610 -10479.037261 -2.430854 0.377097 -1.965244 0.377097 1.647448   1   2  -1 
2455810.581550 0.000000 0.000000 -10481.002505 0.377097 -10476.269695 -0.465610 -10479.037261 -2.430854 0.377097 -1.965244 0.377097 1.647448   1   2  -1 
2455810.586723 0.000000 0.000000 -10480.282556 0.398696 -10476.269695 -0.464646 -10479.030785 -1.716417 0.398696 -1.251771 0.398696 1.647448   1   2  -1 
2455810.586723 0.000000 0.000000 -10480.282556 0.398696 -10476.269695 -0.464646 -10479.030785 -1.716417 0.398696 -1.251771 0.398696 1.647448   1   2  -1 
2455816.587002 0.000000 0.000000 -10476.284284 0.479893 -10476.269695 -3.223013 -10476.333625 -3.173672 0.479893 0.049341 0.479893 1.647448   1   2  -1 
2455816.587002 0.000000 0.000000 -10476.284284 0.479893 -10476.269695 -3.223013 -10476.333625 -3.173672 0.479893 0.049341 0.479893 1.647448   1   2  -1 
2455816.590578 0.000000 0.000000 -10475.380232 0.444942 -10476.269695 -3.222190 -10476.332341 -2.270080 0.444942 0.952109 0.444942 1.647448   1   2  -1 
2455816.590578 0.000000 0.000000 -10475.380232 0.444942 -10476.269695 -3.222190 -10476.332341 -2.270080 0.444942 0.952109 0.444942 1.647448   1   2  -1 
2455816.594154 0.000000 0.000000 -10476.257023 0.438232 -10476.269695 -3.221359 -10476.331054 -3.147328 0.438232 0.074031 0.438232 1.647448   1   2  -1 
2455816.594154 0.000000 0.000000 -10476.257023 0.438232 -10476.269695 -3.221359 -10476.331054 -3.147328 0.438232 0.074031 0.438232 1.647448   1   2  -1 
2455834.622073 0.000000 0.000000 -10480.909706 0.288686 -10476.269695 -2.043587 -10479.420199 -3.533094 0.288686 -1.489507 0.288686 1.647448   1   2  -1 
2455834.622073 0.000000 0.000000 -10480.909706 0.288686 -10476.269695 -2.043587 -10479.420199 -3.533094 0.288686 -1.489507 0.288686 1.647448   1   2  -1 
2455834.627593 0.000000 0.000000 -10481.704100 0.288262 -10476.269695 -2.041674 -10479.423427 -4.322346 0.288262 -2.280673 0.288262 1.647448   1   2  -1 
2455834.627593 0.000000 0.000000 -10481.704100 0.288262 -10476.269695 -2.041674 -10479.423427 -4.322346 0.288262 -2.280673 0.288262 1.647448   1   2  -1 
2455836.585712 0.000000 0.000000 -10482.497452 0.340261 -10476.269695 -1.249789 -10480.573091 -3.174150 0.340261 -1.924361 0.340261 1.647448   1   2  -1 
2455836.585712 0.000000 0.000000 -10482.497452 0.340261 -10476.269695 -1.249789 -10480.573091 -3.174150 0.340261 -1.924361 0.340261 1.647448   1   2  -1 
2455836.591440 0.000000 0.000000 -10483.216344 0.339568 -10476.269695 -1.247377 -10480.575810 -3.887911 0.339568 -2.640534 0.339568 1.647448   1   2  -1 
2455836.591440 0.000000 0.000000 -10483.216344 0.339568 -10476.269695 -1.247377 -10480.575810 -3.887911 0.339568 -2.640534 0.339568 1.647448   1   2  -1 
2455839.585007 0.000000 0.000000 -10480.984122 0.455066 -10476.269695 -0.423181 -10479.505713 -1.901590 0.455066 -1.478409 0.455066 1.647448   1   2  -1 
2455839.585007 0.000000 0.000000 -10480.984122 0.455066 -10476.269695 -0.423181 -10479.505713 -1.901590 0.455066 -1.478409 0.455066 1.647448   1   2  -1 
2455839.590794 0.000000 0.000000 -10480.862232 0.459884 -10476.269695 -0.422791 -10479.498972 -1.786052 0.459884 -1.363260 0.459884 1.647448   1   2  -1 
2455839.590794 0.000000 0.000000 -10480.862232 0.459884 -10476.269695 -0.422791 -10479.498972 -1.786052 0.459884 -1.363260 0.459884 1.647448   1   2  -1 
2455842.549547 0.000000 0.000000 -10475.984718 0.533150 -10476.269695 -0.608483 -10476.389316 -0.203885 0.533150 0.404598 0.533150 1.647448   1   2  -1 
2455842.549547 0.000000 0.000000 -10475.984718 0.533150 -10476.269695 -0.608483 -10476.389316 -0.203885 0.533150 0.404598 0.533150 1.647448   1   2  -1 
2455842.555033 0.000000 0.000000 -10475.769563 0.436601 -10476.269695 -0.608969 -10476.385140 0.006608 0.436601 0.615577 0.436601 1.647448   1   2  -1 
2455842.555033 0.000000 0.000000 -10475.769563 0.436601 -10476.269695 -0.608969 -10476.385140 0.006608 0.436601 0.615577 0.436601 1.647448   1   2  -1 
2455845.575633 0.000000 0.000000 -10472.970844 0.533869 -10476.269695 -0.692796 -10474.959378 1.295738 0.533869 1.988534 0.533869 1.647448   1   2  -1 
2455845.575633 0.000000 0.000000 -10472.970844 0.533869 -10476.269695 -0.692796 -10474.959378 1.295738 0.533869 1.988534 0.533869 1.647448   1   2  -1 
2455845.581258 0.000000 0.000000 -10473.156417 0.461200 -10476.269695 -0.693003 -10474.958651 1.109230 0.461200 1.802234 0.461200 1.647448   1   2  -1 
2455845.581258 0.000000 0.000000 -10473.156417 0.461200 -10476.269695 -0.693003 -10474.958651 1.109230 0.461200 1.802234 0.461200 1.647448   1   2  -1 
2455870.498785 0.000000 0.000000 -10481.818484 0.365314 -10476.269695 -3.169004 -10480.093089 -4.894400 0.365314 -1.725395 0.365314 1.647448   1   2  -1 
2455870.498785 0.000000 0.000000 -10481.818484 0.365314 -10476.269695 -3.169004 -10480.093089 -4.894400 0.365314 -1.725395 0.365314 1.647448   1   2  -1 
2455870.504422 0.000000 0.000000 -10481.151885 0.359240 -10476.269695 -3.168068 -10480.087550 -4.232403 0.359240 -1.064335 0.359240 1.647448   1   2  -1 
2455870.504422 0.000000 0.000000 -10481.151885 0.359240 -10476.269695 -3.168068 -10480.087550 -4.232403 0.359240 -1.064335 0.359240 1.647448   1   2  -1 
2455874.532217 0.000000 0.000000 -10477.728868 0.513797 -10476.269695 -1.914327 -10477.349347 -2.293848 0.513797 -0.379521 0.513797 1.647448   1   2  -1 
2455874.532217 0.000000 0.000000 -10477.728868 0.513797 -10476.269695 -1.914327 -10477.349347 -2.293848 0.513797 -0.379521 0.513797 1.647448   1   2  -1 
2455874.537437 0.000000 0.000000 -10475.674380 0.695338 -10476.269695 -1.913632 -10477.348820 -0.239192 0.695338 1.674440 0.695338 1.647448   1   2  -1 
2455874.537437 0.000000 0.000000 -10475.674380 0.695338 -10476.269695 -1.913632 -10477.348820 -0.239192 0.695338 1.674440 0.695338 1.647448   1   2  -1 
2455878.549549 0.000000 0.000000 -10474.975638 0.680478 -10476.269695 -0.473666 -10477.539975 2.090672 0.680478 2.564337 0.680478 1.647448   1   2  -1 
2455878.549549 0.000000 0.000000 -10474.975638 0.680478 -10476.269695 -0.473666 -10477.539975 2.090672 0.680478 2.564337 0.680478 1.647448   1   2  -1 
2455878.554965 0.000000 0.000000 -10473.200640 0.660711 -10476.269695 -0.470071 -10477.540242 3.869530 0.660711 4.339602 0.660711 1.647448   1   2  -1 
2455878.554965 0.000000 0.000000 -10473.200640 0.660711 -10476.269695 -0.470071 -10477.540242 3.869530 0.660711 4.339602 0.660711 1.647448   1   2  -1 
2456020.892743 0.000000 0.000000 -10474.892081 0.400252 -10476.269695 -1.482084 -10476.598957 0.224792 0.400252 1.706876 0.400252 1.647448   1   2  -1 
2456020.892743 0.000000 0.000000 -10474.892081 0.400252 -10476.269695 -1.482084 -10476.598957 0.224792 0.400252 1.706876 0.400252 1.647448   1   2  -1 
2456020.898160 0.000000 0.000000 -10474.995167 0.390725 -10476.269695 -1.482290 -10476.604760 0.127303 0.390725 1.609593 0.390725 1.647448   1   2  -1 
2456020.898160 0.000000 0.000000 -10474.995167 0.390725 -10476.269695 -1.482290 -10476.604760 0.127303 0.390725 1.609593 0.390725 1.647448   1   2  -1 
2456022.889397 0.000000 0.000000 -10478.871489 0.497344 -10476.269695 -1.507584 -10478.755767 -1.623306 0.497344 -0.115722 0.497344 1.647448   1   2  -1 
2456022.889397 0.000000 0.000000 -10478.871489 0.497344 -10476.269695 -1.507584 -10478.755767 -1.623306 0.497344 -0.115722 0.497344 1.647448   1   2  -1 
2456022.894884 0.000000 0.000000 -10479.815426 0.556527 -10476.269695 -1.508044 -10478.760973 -2.562497 0.556527 -1.054453 0.556527 1.647448   1   2  -1 
2456022.894884 0.000000 0.000000 -10479.815426 0.556527 -10476.269695 -1.508044 -10478.760973 -2.562497 0.556527 -1.054453 0.556527 1.647448   1   2  -1 
2456024.891353 0.000000 0.000000 -10480.979281 0.428656 -10476.269695 -1.766190 -10479.368254 -3.377217 0.428656 -1.611027 0.428656 1.647448   1   2  -1 
2456024.891353 0.000000 0.000000 -10480.979281 0.428656 -10476.269695 -1.766190 -10479.368254 -3.377217 0.428656 -1.611027 0.428656 1.647448   1   2  -1 
2456024.897048 0.000000 0.000000 -10480.604419 0.407038 -10476.269695 -1.766599 -10479.365619 -3.005400 0.407038 -1.238800 0.407038 1.647448   1   2  -1 
2456024.897048 0.000000 0.000000 -10480.604419 0.407038 -10476.269695 -1.766599 -10479.365619 -3.005400 0.407038 -1.238800 0.407038 1.647448   1   2  -1 
2456028.922257 0.000000 0.000000 -10477.908590 0.345283 -10476.269695 -1.123884 -10476.207580 -2.824895 0.345283 -1.701010 0.345283 1.647448   1   2  -1 
2456028.922257 0.000000 0.000000 -10477.908590 0.345283 -10476.269695 -1.123884 -10476.207580 -2.824895 0.345283 -1.701010 0.345283 1.647448   1   2  -1 
2456029.892891 0.000000 0.000000 -10478.166891 0.543499 -10476.269695 -1.190022 -10476.170304 -3.186610 0.543499 -1.996587 0.543499 1.647448   1   2  -1 
2456029.892891 0.000000 0.000000 -10478.166891 0.543499 -10476.269695 -1.190022 -10476.170304 -3.186610 0.543499 -1.996587 0.543499 1.647448   1   2  -1 
2456029.898354 0.000000 0.000000 -10478.569496 0.519266 -10476.269695 -1.190852 -10476.171169 -3.589178 0.519266 -2.398327 0.519266 1.647448   1   2  -1 
2456029.898354 0.000000 0.000000 -10478.569496 0.519266 -10476.269695 -1.190852 -10476.171169 -3.589178 0.519266 -2.398327 0.519266 1.647448   1   2  -1 
2456031.852968 0.000000 0.000000 -10477.024746 0.408809 -10476.269695 -1.570485 -10476.965460 -1.629771 0.408809 -0.059286 0.408809 1.647448   1   2  -1 
2456031.852968 0.000000 0.000000 -10477.024746 0.408809 -10476.269695 -1.570485 -10476.965460 -1.629771 0.408809 -0.059286 0.408809 1.647448   1   2  -1 
2456052.857065 0.000000 0.000000 -10480.793021 0.406318 -10476.269695 -1.776204 -10478.970879 -3.598346 0.406318 -1.822142 0.406318 1.647448   1   2  -1 
2456052.857065 0.000000 0.000000 -10480.793021 0.406318 -10476.269695 -1.776204 -10478.970879 -3.598346 0.406318 -1.822142 0.406318 1.647448   1   2  -1 
2456052.862482 0.000000 0.000000 -10480.156970 0.393840 -10476.269695 -1.776364 -10478.969039 -2.964295 0.393840 -1.187931 0.393840 1.647448   1   2  -1 
2456052.862482 0.000000 0.000000 -10480.156970 0.393840 -10476.269695 -1.776364 -10478.969039 -2.964295 0.393840 -1.187931 0.393840 1.647448   1   2  -1 
2456053.851639 0.000000 0.000000 -10480.816786 0.437473 -10476.269695 -1.746105 -10478.276262 -4.286629 0.437473 -2.540524 0.437473 1.647448   1   2  -1 
2456053.851639 0.000000 0.000000 -10480.816786 0.437473 -10476.269695 -1.746105 -10478.276262 -4.286629 0.437473 -2.540524 0.437473 1.647448   1   2  -1 
2456053.857114 0.000000 0.000000 -10476.986852 0.414343 -10476.269695 -1.745628 -10478.270866 -0.461614 0.414343 1.284014 0.414343 1.647448   1   2  -1 
2456053.857114 0.000000 0.000000 -10476.986852 0.414343 -10476.269695 -1.745628 -10478.270866 -0.461614 0.414343 1.284014 0.414343 1.647448   1   2  -1 
2456054.839916 0.000000 0.000000 -10479.578072 0.266506 -10476.269695 -1.610750 -10477.184341 -4.004481 0.266506 -2.393731 0.266506 1.647448   1   2  -1 
2456054.839916 0.000000 0.000000 -10479.578072 0.266506 -10476.269695 -1.610750 -10477.184341 -4.004481 0.266506 -2.393731 0.266506 1.647448   1   2  -1 
2456055.886865 0.000000 0.000000 -10478.308216 0.254853 -10476.269695 -1.392442 -10476.060999 -3.639659 0.254853 -2.247217 0.254853 1.647448   1   2  -1 
2456055.886865 0.000000 0.000000 -10478.308216 0.254853 -10476.269695 -1.392442 -10476.060999 -3.639659 0.254853 -2.247217 0.254853 1.647448   1   2  -1 
2456056.818146 0.000000 0.000000 -10476.145121 0.446651 -10476.269695 -1.220169 -10475.342780 -2.022510 0.446651 -0.802341 0.446651 1.647448   1   2  -1 
2456056.818146 0.000000 0.000000 -10476.145121 0.446651 -10476.269695 -1.220169 -10475.342780 -2.022510 0.446651 -0.802341 0.446651 1.647448   1   2  -1 
2456056.823714 0.000000 0.000000 -10476.399813 0.406993 -10476.269695 -1.219433 -10475.339596 -2.279650 0.406993 -1.060217 0.406993 1.647448   1   2  -1 
2456056.823714 0.000000 0.000000 -10476.399813 0.406993 -10476.269695 -1.219433 -10475.339596 -2.279650 0.406993 -1.060217 0.406993 1.647448   1   2  -1 
2456078.843392 0.000000 0.000000 -10475.070920 0.323779 -10476.269695 0.038470 -10477.367766 2.335316 0.323779 2.296846 0.323779 1.647448   1   2  -1 
2456078.843392 0.000000 0.000000 -10475.070920 0.323779 -10476.269695 0.038470 -10477.367766 2.335316 0.323779 2.296846 0.323779 1.647448   1   2  -1 
2456078.849075 0.000000 0.000000 -10475.406297 0.316487 -10476.269695 0.038537 -10477.371778 2.004017 0.316487 1.965481 0.316487 1.647448   1   2  -1 
2456078.849075 0.000000 0.000000 -10475.406297 0.316487 -10476.269695 0.038537 -10477.371778 2.004017 0.316487 1.965481 0.316487 1.647448   1   2  -1 
2456081.832748 0.000000 0.000000 -10477.091748 0.398009 -10476.269695 -0.063936 -10477.764563 0.608879 0.398009 0.672815 0.398009 1.647448   1   2  -1 
2456081.832748 0.000000 0.000000 -10477.091748 0.398009 -10476.269695 -0.063936 -10477.764563 0.608879 0.398009 0.672815 0.398009 1.647448   1   2  -1 
2456081.838651 0.000000 0.000000 -10477.350415 0.323723 -10476.269695 -0.064435 -10477.759691 0.344841 0.323723 0.409276 0.323723 1.647448   1   2  -1 
2456081.838651 0.000000 0.000000 -10477.350415 0.323723 -10476.269695 -0.064435 -10477.759691 0.344841 0.323723 0.409276 0.323723 1.647448   1   2  -1 
2456085.820521 0.000000 0.000000 -10474.269371 0.439249 -10476.269695 -0.474107 -10473.944318 -0.799159 0.439249 -0.325053 0.439249 1.647448   1   2  -1 
2456085.820521 0.000000 0.000000 -10474.269371 0.439249 -10476.269695 -0.474107 -10473.944318 -0.799159 0.439249 -0.325053 0.439249 1.647448   1   2  -1 
2456085.826250 0.000000 0.000000 -10473.694203 0.458936 -10476.269695 -0.473706 -10473.940620 -0.227288 0.458936 0.246417 0.458936 1.647448   1   2  -1 
2456085.826250 0.000000 0.000000 -10473.694203 0.458936 -10476.269695 -0.473706 -10473.940620 -0.227288 0.458936 0.246417 0.458936 1.647448   1   2  -1 
2456088.742747 0.000000 0.000000 -10472.336592 0.274700 -10476.269695 0.275510 -10472.865346 0.804264 0.274700 0.528754 0.274700 1.647448   1   2  -1 
2456088.742747 0.000000 0.000000 -10472.336592 0.274700 -10476.269695 0.275510 -10472.865346 0.804264 0.274700 0.528754 0.274700 1.647448   1   2  -1 
2456092.900369 0.000000 0.000000 -10477.981567 0.314413 -10476.269695 1.031463 -10475.619631 -1.330474 0.314413 -2.361936 0.314413 1.647448   1   2  -1 
2456092.900369 0.000000 0.000000 -10477.981567 0.314413 -10476.269695 1.031463 -10475.619631 -1.330474 0.314413 -2.361936 0.314413 1.647448   1   2  -1 
2456115.815540 0.000000 0.000000 -10474.774807 0.388096 -10476.269695 1.080039 -10472.454233 -1.240534 0.388096 -2.320574 0.388096 1.647448   1   2  -1 
2456115.815540 0.000000 0.000000 -10474.774807 0.388096 -10476.269695 1.080039 -10472.454233 -1.240534 0.388096 -2.320574 0.388096 1.647448   1   2  -1 
2456118.809984 0.000000 0.000000 -10471.978956 0.256427 -10476.269695 0.478543 -10473.060969 1.560556 0.256427 1.082013 0.256427 1.647448   1   2  -1 
2456118.809984 0.000000 0.000000 -10471.978956 0.256427 -10476.269695 0.478543 -10473.060969 1.560556 0.256427 1.082013 0.256427 1.647448   1   2  -1 
2456121.820367 0.000000 0.000000 -10475.055286 0.705930 -10476.269695 0.694480 -10475.370922 1.010116 0.705930 0.315636 0.705930 1.647448   1   2  -1 
2456121.820367 0.000000 0.000000 -10475.055286 0.705930 -10476.269695 0.694480 -10475.370922 1.010116 0.705930 0.315636 0.705930 1.647448   1   2  -1 
2456149.686124 0.000000 0.000000 -10478.886301 0.422505 -10476.269695 -0.975830 -10476.680369 -3.181762 0.422505 -2.205932 0.422505 1.647448   1   2  -1 
2456149.686124 0.000000 0.000000 -10478.886301 0.422505 -10476.269695 -0.975830 -10476.680369 -3.181762 0.422505 -2.205932 0.422505 1.647448   1   2  -1 
2456154.723489 0.000000 0.000000 -10473.222066 0.432559 -10476.269695 1.524707 -10474.162215 2.464856 0.432559 0.940149 0.432559 1.647448   1   2  -1 
2456154.723489 0.000000 0.000000 -10473.222066 0.432559 -10476.269695 1.524707 -10474.162215 2.464856 0.432559 0.940149 0.432559 1.647448   1   2  -1 
2456154.728442 0.000000 0.000000 -10472.383548 0.640869 -10476.269695 1.524200 -10474.157767 3.298419 0.640869 1.774219 0.640869 1.647448   1   2  -1 
2456154.728442 0.000000 0.000000 -10472.383548 0.640869 -10476.269695 1.524200 -10474.157767 3.298419 0.640869 1.774219 0.640869 1.647448   1   2  -1 
2456166.527551 0.000000 0.000000 -10482.638275 0.322758 -10476.269695 -0.493773 -10480.244453 -2.887595 0.322758 -2.393822 0.322758 1.647448   1   2  -1 
2456166.527551 0.000000 0.000000 -10482.638275 0.322758 -10476.269695 -0.493773 -10480.244453 -2.887595 0.322758 -2.393822 0.322758 1.647448   1   2  -1 
2456168.609469 0.000000 0.000000 -10483.235121 0.485702 -10476.269695 -1.087613 -10479.890188 -4.432546 0.485702 -3.344933 0.485702 1.647448   1   2  -1 
2456168.609469 0.000000 0.000000 -10483.235121 0.485702 -10476.269695 -1.087613 -10479.890188 -4.432546 0.485702 -3.344933 0.485702 1.647448   1   2  -1 
2456168.615105 0.000000 0.000000 -10482.078140 0.428978 -10476.269695 -1.087817 -10479.884862 -3.281095 0.428978 -2.193278 0.428978 1.647448   1   2  -1 
2456168.615105 0.000000 0.000000 -10482.078140 0.428978 -10476.269695 -1.087817 -10479.884862 -3.281095 0.428978 -2.193278 0.428978 1.647448   1   2  -1 
2456171.510563 0.000000 0.000000 -10477.310953 0.261955 -10476.269695 -0.514193 -10476.819405 -1.005742 0.261955 -0.491548 0.261955 1.647448   1   2  -1 
2456171.510563 0.000000 0.000000 -10477.310953 0.261955 -10476.269695 -0.514193 -10476.819405 -1.005742 0.261955 -0.491548 0.261955 1.647448   1   2  -1 
2456173.694840 0.000000 0.000000 -10472.314153 0.435027 -10476.269695 -0.475842 -10476.071905 3.281910 0.435027 3.757752 0.435027 1.647448   1   2  -1 
2456173.694840 0.000000 0.000000 -10472.314153 0.435027 -10476.269695 -0.475842 -10476.071905 3.281910 0.435027 3.757752 0.435027 1.647448   1   2  -1 
2456181.612869 0.000000 0.000000 -10475.571527 0.304713 -10476.269695 0.227060 -10477.761805 2.417338 0.304713 2.190278 0.304713 1.647448   1   2  -1 
2456181.612869 0.000000 0.000000 -10475.571527 0.304713 -10476.269695 0.227060 -10477.761805 2.417338 0.304713 2.190278 0.304713 1.647448   1   2  -1 
2456186.623747 0.000000 0.000000 -10470.871523 0.269145 -10476.269695 0.357438 -10472.768873 2.254789 0.269145 1.897350 0.269145 1.647448   1   2  -1 
2456186.623747 0.000000 0.000000 -10470.871523 0.269145 -10476.269695 0.357438 -10472.768873 2.254789 0.269145 1.897350 0.269145 1.647448   1   2  -1 
2456189.666838 0.000000 0.000000 -10471.752751 0.854916 -10476.269695 0.832804 -10472.647731 1.727783 0.854916 0.894980 0.854916 1.647448   1   2  -1 
2456189.666838 0.000000 0.000000 -10471.752751 0.854916 -10476.269695 0.832804 -10472.647731 1.727783 0.854916 0.894980 0.854916 1.647448   1   2  -1 
2456190.592865 0.000000 0.000000 -10474.982002 0.436640 -10476.269695 0.853061 -10473.246189 -0.882752 0.436640 -1.735813 0.436640 1.647448   1   2  -1 
2456190.592865 0.000000 0.000000 -10474.982002 0.436640 -10476.269695 0.853061 -10473.246189 -0.882752 0.436640 -1.735813 0.436640 1.647448   1   2  -1 
2456190.598548 0.000000 0.000000 -10475.915820 0.410184 -10476.269695 0.852886 -10473.250862 -1.812073 0.410184 -2.664958 0.410184 1.647448   1   2  -1 
2456190.598548 0.000000 0.000000 -10475.915820 0.410184 -10476.269695 0.852886 -10473.250862 -1.812073 0.410184 -2.664958 0.410184 1.647448   1   2  -1 
2456195.586272 0.000000 0.000000 -10476.324229 0.455921 -10476.269695 2.413765 -10476.456173 2.545709 0.455921 0.131944 0.455921 1.647448   1   2  -1 
2456195.586272 0.000000 0.000000 -10476.324229 0.455921 -10476.269695 2.413765 -10476.456173 2.545709 0.455921 0.131944 0.455921 1.647448   1   2  -1 
2456195.591793 0.000000 0.000000 -10476.833989 0.456503 -10476.269695 2.415096 -10476.454970 2.036077 0.456503 -0.379019 0.456503 1.647448   1   2  -1 
2456195.591793 0.000000 0.000000 -10476.833989 0.456503 -10476.269695 2.415096 -10476.454970 2.036077 0.456503 -0.379019 0.456503 1.647448   1   2  -1 
2456198.564091 0.000000 0.000000 -10469.851121 0.593173 -10476.269695 1.912930 -10474.979752 7.041561 0.593173 5.128631 0.593173 1.647448   1   2  -1 
2456198.564091 0.000000 0.000000 -10469.851121 0.593173 -10476.269695 1.912930 -10474.979752 7.041561 0.593173 5.128631 0.593173 1.647448   1   2  -1 
2456198.569866 0.000000 0.000000 -10469.520142 0.625422 -10476.269695 1.911614 -10474.976646 7.368117 0.625422 5.456504 0.625422 1.647448   1   2  -1 
2456198.569866 0.000000 0.000000 -10469.520142 0.625422 -10476.269695 1.911614 -10474.976646 7.368117 0.625422 5.456504 0.625422 1.647448   1   2  -1 
2456204.547188 0.000000 0.000000 -10474.005151 0.390830 -10476.269695 0.725994 -10475.597760 2.318603 0.390830 1.592609 0.390830 1.647448   1   2  -1 
2456204.547188 0.000000 0.000000 -10474.005151 0.390830 -10476.269695 0.725994 -10475.597760 2.318603 0.390830 1.592609 0.390830 1.647448   1   2  -1 
2456205.523197 0.000000 0.000000 -10476.331744 0.223735 -10476.269695 0.618084 -10476.288173 0.574513 0.223735 -0.043571 0.223735 1.647448   1   2  -1 
2456205.523197 0.000000 0.000000 -10476.331744 0.223735 -10476.269695 0.618084 -10476.288173 0.574513 0.223735 -0.043571 0.223735 1.647448   1   2  -1 
2456208.615737 0.000000 0.000000 -10479.274458 0.471028 -10476.269695 1.571002 -10477.806719 0.103263 0.471028 -1.467739 0.471028 1.647448   1   2  -1 
2456208.615737 0.000000 0.000000 -10479.274458 0.471028 -10476.269695 1.571002 -10477.806719 0.103263 0.471028 -1.467739 0.471028 1.647448   1   2  -1 
2456209.540800 0.000000 0.000000 -10475.726000 0.526879 -10476.269695 1.697422 -10477.887853 3.859275 0.526879 2.161853 0.526879 1.647448   1   2  -1 
2456209.540800 0.000000 0.000000 -10475.726000 0.526879 -10476.269695 1.697422 -10477.887853 3.859275 0.526879 2.161853 0.526879 1.647448   1   2  -1 
2456210.532155 0.000000 0.000000 -10475.727704 0.432092 -10476.269695 1.757890 -10477.280349 3.310535 0.432092 1.552645 0.432092 1.647448   1   2  -1 
2456210.532155 0.000000 0.000000 -10475.727704 0.432092 -10476.269695 1.757890 -10477.280349 3.310535 0.432092 1.552645 0.432092 1.647448   1   2  -1 
2456212.523498 0.000000 0.000000 -10470.032065 0.239792 -10476.269695 2.172554 -10474.363298 6.503788 0.239792 4.331233 0.239792 1.647448   1   2  -1 
2456212.523498 0.000000 0.000000 -10470.032065 0.239792 -10476.269695 2.172554 -10474.363298 6.503788 0.239792 4.331233 0.239792 1.647448   1   2  -1 
2456217.523649 0.000000 0.000000 -10469.768240 0.370476 -10476.269695 3.015533 -10470.262749 3.510043 0.370476 0.494509 0.370476 1.647448   1   2  -1 
2456217.523649 0.000000 0.000000 -10469.768240 0.370476 -10476.269695 3.015533 -10470.262749 3.510043 0.370476 0.494509 0.370476 1.647448   1   2  -1 
2456217.529482 0.000000 0.000000 -10468.041405 0.361734 -10476.269695 3.015548 -10470.262928 5.237071 0.361734 2.221523 0.361734 1.647448   1   2  -1 
2456217.529482 0.000000 0.000000 -10468.041405 0.361734 -10476.269695 3.015548 -10470.262928 5.237071 0.361734 2.221523 0.361734 1.647448   1   2  -1 
2456218.587951 0.000000 0.000000 -10468.491163 0.391645 -10476.269695 3.027591 -10470.445513 4.981941 0.391645 1.954350 0.391645 1.647448   1   2  -1 
2456218.587951 0.000000 0.000000 -10468.491163 0.391645 -10476.269695 3.027591 -10470.445513 4.981941 0.391645 1.954350 0.391645 1.647448   1   2  -1 
2456219.500319 0.000000 0.000000 -10469.245686 0.247828 -10476.269695 3.047602 -10470.855295 4.657212 0.247828 1.609609 0.247828 1.647448   1   2  -1 
2456219.500319 0.000000 0.000000 -10469.245686 0.247828 -10476.269695 3.047602 -10470.855295 4.657212 0.247828 1.609609 0.247828 1.647448   1   2  -1 
2456220.491327 0.000000 0.000000 -10472.137625 0.391613 -10476.269695 3.068885 -10471.576923 2.508183 0.391613 -0.560702 0.391613 1.647448   1   2  -1 
2456220.491327 0.000000 0.000000 -10472.137625 0.391613 -10476.269695 3.068885 -10471.576923 2.508183 0.391613 -0.560702 0.391613 1.647448   1   2  -1 
2456220.514069 0.000000 0.000000 -10472.572915 0.320320 -10476.269695 3.069393 -10471.596648 2.093126 0.320320 -0.976267 0.320320 1.647448   1   2  -1 
2456220.514069 0.000000 0.000000 -10472.572915 0.320320 -10476.269695 3.069393 -10471.596648 2.093126 0.320320 -0.976267 0.320320 1.647448   1   2  -1 
2456409.867093 0.000000 0.000000 -10475.673600 0.617333 -10476.269695 4.542608 -10475.092701 3.961709 0.617333 -0.580899 0.617333 1.647448   1   2  -1 
2456409.867093 0.000000 0.000000 -10475.673600 0.617333 -10476.269695 4.542608 -10475.092701 3.961709 0.617333 -0.580899 0.617333 1.647448   1   2  -1 
2456409.872719 0.000000 0.000000 -10476.137178 0.595203 -10476.269695 4.541068 -10475.092273 3.496164 0.595203 -1.044905 0.595203 1.647448   1   2  -1 
2456409.872719 0.000000 0.000000 -10476.137178 0.595203 -10476.269695 4.541068 -10475.092273 3.496164 0.595203 -1.044905 0.595203 1.647448   1   2  -1 
2456410.795661 0.000000 0.000000 -10473.625918 3.271074 -10476.269695 3.762507 -10475.208289 5.344878 3.271074 1.582371 3.271074 1.647448   1   2  -1 
2456410.795661 0.000000 0.000000 -10473.625918 3.271074 -10476.269695 3.762507 -10475.208289 5.344878 3.271074 1.582371 3.271074 1.647448   1   2  -1 
2456410.804261 0.000000 0.000000 -10469.468381 2.427430 -10476.269695 3.751080 -10475.210791 9.493490 2.427430 5.742410 2.427430 1.647448   1   2  -1 
2456410.804261 0.000000 0.000000 -10469.468381 2.427430 -10476.269695 3.751080 -10475.210791 9.493490 2.427430 5.742410 2.427430 1.647448   1   2  -1 
2456416.824768 0.000000 0.000000 -10472.302186 0.550392 -10476.269695 1.855974 -10471.618383 1.172171 0.550392 -0.683803 0.550392 1.647448   1   2  -1 
2456416.824768 0.000000 0.000000 -10472.302186 0.550392 -10476.269695 1.855974 -10471.618383 1.172171 0.550392 -0.683803 0.550392 1.647448   1   2  -1 
2456416.828565 0.000000 0.000000 -10470.986675 0.545862 -10476.269695 1.855867 -10471.617729 2.486921 0.545862 0.631054 0.545862 1.647448   1   2  -1 
2456416.828565 0.000000 0.000000 -10470.986675 0.545862 -10476.269695 1.855867 -10471.617729 2.486921 0.545862 0.631054 0.545862 1.647448   1   2  -1 
2456416.832443 0.000000 0.000000 -10471.882453 0.566830 -10476.269695 1.855747 -10471.617075 1.590369 0.566830 -0.265378 0.566830 1.647448   1   2  -1 
2456416.832443 0.000000 0.000000 -10471.882453 0.566830 -10476.269695 1.855747 -10471.617075 1.590369 0.566830 -0.265378 0.566830 1.647448   1   2  -1 
2456432.884915 0.000000 0.000000 -10474.962361 0.393986 -10476.269695 0.367264 -10475.290994 0.695897 0.393986 0.328633 0.393986 1.647448   1   2  -1 
2456432.884915 0.000000 0.000000 -10474.962361 0.393986 -10476.269695 0.367264 -10475.290994 0.695897 0.393986 0.328633 0.393986 1.647448   1   2  -1 
2456432.890124 0.000000 0.000000 -10475.372110 0.450803 -10476.269695 0.368884 -10475.292609 0.289383 0.450803 -0.079501 0.450803 1.647448   1   2  -1 
2456432.890124 0.000000 0.000000 -10475.372110 0.450803 -10476.269695 0.368884 -10475.292609 0.289383 0.450803 -0.079501 0.450803 1.647448   1   2  -1 
2456433.905268 0.000000 0.000000 -10472.852948 0.738644 -10476.269695 0.697115 -10475.698742 3.542909 0.738644 2.845794 0.738644 1.647448   1   2  -1 
2456433.905268 0.000000 0.000000 -10472.852948 0.738644 -10476.269695 0.697115 -10475.698742 3.542909 0.738644 2.845794 0.738644 1.647448   1   2  -1 
2456433.910395 0.000000 0.000000 -10474.512391 0.801539 -10476.269695 0.698728 -10475.701360 1.887698 0.801539 1.188969 0.801539 1.647448   1   2  -1 
2456433.910395 0.000000 0.000000 -10474.512391 0.801539 -10476.269695 0.698728 -10475.701360 1.887698 0.801539 1.188969 0.801539 1.647448   1   2  -1 
2456434.892458 0.000000 0.000000 -10475.434897 0.484791 -10476.269695 0.977513 -10476.324399 1.867015 0.484791 0.889502 0.484791 1.647448   1   2  -1 
2456434.892458 0.000000 0.000000 -10475.434897 0.484791 -10476.269695 0.977513 -10476.324399 1.867015 0.484791 0.889502 0.484791 1.647448   1   2  -1 
2456434.898129 0.000000 0.000000 -10474.106533 0.468854 -10476.269695 0.978937 -10476.328671 3.201075 0.468854 2.222138 0.468854 1.647448   1   2  -1 
2456434.898129 0.000000 0.000000 -10474.106533 0.468854 -10476.269695 0.978937 -10476.328671 3.201075 0.468854 2.222138 0.468854 1.647448   1   2  -1 
2456437.889188 0.000000 0.000000 -10477.501611 0.400790 -10476.269695 1.660773 -10478.381743 2.540905 0.400790 0.880132 0.400790 1.647448   1   2  -1 
2456437.889188 0.000000 0.000000 -10477.501611 0.400790 -10476.269695 1.660773 -10478.381743 2.540905 0.400790 0.880132 0.400790 1.647448   1   2  -1 
2456437.894720 0.000000 0.000000 -10477.202903 0.367888 -10476.269695 1.662071 -10478.382154 2.841322 0.367888 1.179251 0.367888 1.647448   1   2  -1 
2456437.894720 0.000000 0.000000 -10477.202903 0.367888 -10476.269695 1.662071 -10478.382154 2.841322 0.367888 1.179251 0.367888 1.647448   1   2  -1 
2456438.860772 0.000000 0.000000 -10477.416873 0.320407 -10476.269695 1.871053 -10478.076705 2.530886 0.320407 0.659832 0.320407 1.647448   1   2  -1 
2456438.860772 0.000000 0.000000 -10477.416873 0.320407 -10476.269695 1.871053 -10478.076705 2.530886 0.320407 0.659832 0.320407 1.647448   1   2  -1 
2456441.860316 0.000000 0.000000 -10477.889690 0.423142 -10476.269695 2.185977 -10474.715789 -0.987924 0.423142 -3.173901 0.423142 1.647448   1   2  -1 
2456441.860316 0.000000 0.000000 -10477.889690 0.423142 -10476.269695 2.185977 -10474.715789 -0.987924 0.423142 -3.173901 0.423142 1.647448   1   2  -1 
2456454.832361 0.000000 0.000000 -10475.281861 0.354619 -10476.269695 0.669370 -10474.942122 0.329631 0.354619 -0.339739 0.354619 1.647448   1   2  -1 
2456454.832361 0.000000 0.000000 -10475.281861 0.354619 -10476.269695 0.669370 -10474.942122 0.329631 0.354619 -0.339739 0.354619 1.647448   1   2  -1 
2456454.837894 0.000000 0.000000 -10474.118452 0.355826 -10476.269695 0.668462 -10474.937185 1.487195 0.355826 0.818733 0.355826 1.647448   1   2  -1 
2456454.837894 0.000000 0.000000 -10474.118452 0.355826 -10476.269695 0.668462 -10474.937185 1.487195 0.355826 0.818733 0.355826 1.647448   1   2  -1 
2456467.823190 0.000000 0.000000 -10478.702475 0.627828 -10476.269695 1.823170 -10477.602220 0.722915 0.627828 -1.100255 0.627828 1.647448   1   2  -1 
2456467.823190 0.000000 0.000000 -10478.702475 0.627828 -10476.269695 1.823170 -10477.602220 0.722915 0.627828 -1.100255 0.627828 1.647448   1   2  -1 
2456467.826929 0.000000 0.000000 -10477.017285 0.556688 -10476.269695 1.824653 -10477.598463 2.405831 0.556688 0.581178 0.556688 1.647448   1   2  -1 
2456467.826929 0.000000 0.000000 -10477.017285 0.556688 -10476.269695 1.824653 -10477.598463 2.405831 0.556688 0.581178 0.556688 1.647448   1   2  -1 
2456467.830702 0.000000 0.000000 -10477.517838 0.592918 -10476.269695 1.826152 -10477.594662 1.902975 0.592918 0.076824 0.592918 1.647448   1   2  -1 
2456467.830702 0.000000 0.000000 -10477.517838 0.592918 -10476.269695 1.826152 -10477.594662 1.902975 0.592918 0.076824 0.592918 1.647448   1   2  -1 
2456473.860840 0.000000 0.000000 -10476.447652 0.525661 -10476.269695 0.940979 -10474.729904 -0.776769 0.525661 -1.717748 0.525661 1.647448   1   2  -1 
2456473.860840 0.000000 0.000000 -10476.447652 0.525661 -10476.269695 0.940979 -10474.729904 -0.776769 0.525661 -1.717748 0.525661 1.647448   1   2  -1 
2456473.864821 0.000000 0.000000 -10476.577531 0.508451 -10476.269695 0.942740 -10474.727926 -0.906864 0.508451 -1.849605 0.508451 1.647448   1   2  -1 
2456473.864821 0.000000 0.000000 -10476.577531 0.508451 -10476.269695 0.942740 -10474.727926 -0.906864 0.508451 -1.849605 0.508451 1.647448   1   2  -1 
2456473.868595 0.000000 0.000000 -10477.152422 0.549460 -10476.269695 0.944416 -10474.726048 -1.481958 0.549460 -2.426374 0.549460 1.647448   1   2  -1 
2456473.868595 0.000000 0.000000 -10477.152422 0.549460 -10476.269695 0.944416 -10474.726048 -1.481958 0.549460 -2.426374 0.549460 1.647448   1   2  -1 
2456480.776552 0.000000 0.000000 -10477.791088 0.498216 -10476.269695 1.602483 -10477.001363 0.812757 0.498216 -0.789725 0.498216 1.647448   1   2  -1 
2456480.776552 0.000000 0.000000 -10477.791088 0.498216 -10476.269695 1.602483 -10477.001363 0.812757 0.498216 -0.789725 0.498216 1.647448   1   2  -1 
2456480.782281 0.000000 0.000000 -10479.026503 0.462663 -10476.269695 1.604329 -10476.999426 -0.422748 0.462663 -2.027077 0.462663 1.647448   1   2  -1 
2456480.782281 0.000000 0.000000 -10479.026503 0.462663 -10476.269695 1.604329 -10476.999426 -0.422748 0.462663 -2.027077 0.462663 1.647448   1   2  -1 
2456481.631506 0.000000 0.000000 -10479.243238 0.620379 -10476.269695 1.901226 -10476.394816 -0.947197 0.620379 -2.848422 0.620379 1.647448   1   2  -1 
2456481.631506 0.000000 0.000000 -10479.243238 0.620379 -10476.269695 1.901226 -10476.394816 -0.947197 0.620379 -2.848422 0.620379 1.647448   1   2  -1 
2456481.637189 0.000000 0.000000 -10479.719427 0.629706 -10476.269695 1.903172 -10476.388850 -1.427405 0.629706 -3.330577 0.629706 1.647448   1   2  -1 
2456481.637189 0.000000 0.000000 -10479.719427 0.629706 -10476.269695 1.903172 -10476.388850 -1.427405 0.629706 -3.330577 0.629706 1.647448   1   2  -1 
2456501.599929 0.000000 0.000000 -10471.824389 0.315832 -10476.269695 2.266649 -10473.297174 3.739435 0.315832 1.472785 0.315832 1.647448   1   2  -1 
2456501.599929 0.000000 0.000000 -10471.824389 0.315832 -10476.269695 2.266649 -10473.297174 3.739435 0.315832 1.472785 0.315832 1.647448   1   2  -1 
2456523.744316 0.000000 0.000000 -10476.503679 0.283739 -10476.269695 0.787253 -10476.652852 0.936426 0.283739 0.149173 0.283739 1.647448   1   2  -1 
2456523.744316 0.000000 0.000000 -10476.503679 0.283739 -10476.269695 0.787253 -10476.652852 0.936426 0.283739 0.149173 0.283739 1.647448   1   2  -1 
2456524.691276 0.000000 0.000000 -10475.914483 0.351566 -10476.269695 1.012920 -10476.416006 1.514444 0.351566 0.501523 0.351566 1.647448   1   2  -1 
2456524.691276 0.000000 0.000000 -10475.914483 0.351566 -10476.269695 1.012920 -10476.416006 1.514444 0.351566 0.501523 0.351566 1.647448   1   2  -1 
2456524.696693 0.000000 0.000000 -10476.491657 0.358347 -10476.269695 1.014772 -10476.412181 0.935296 0.358347 -0.079476 0.358347 1.647448   1   2  -1 
2456524.696693 0.000000 0.000000 -10476.491657 0.358347 -10476.269695 1.014772 -10476.412181 0.935296 0.358347 -0.079476 0.358347 1.647448   1   2  -1 
2456525.743740 0.000000 0.000000 -10476.578898 0.318867 -10476.269695 1.402050 -10475.359062 0.182214 0.318867 -1.219836 0.318867 1.647448   1   2  -1 
2456525.743740 0.000000 0.000000 -10476.578898 0.318867 -10476.269695 1.402050 -10475.359062 0.182214 0.318867 -1.219836 0.318867 1.647448   1   2  -1 
2456569.534062 0.000000 0.000000 -10476.206904 0.538465 -10476.269695 2.976891 -10474.920355 1.690342 0.538465 -1.286549 0.538465 1.647448   1   2  -1 
2456569.534062 0.000000 0.000000 -10476.206904 0.538465 -10476.269695 2.976891 -10474.920355 1.690342 0.538465 -1.286549 0.538465 1.647448   1   2  -1 
2456585.564665 0.000000 0.000000 -10473.765867 0.427831 -10476.269695 -0.176648 -10474.095335 0.152821 0.427831 0.329468 0.427831 1.647448   1   2  -1 
2456585.564665 0.000000 0.000000 -10473.765867 0.427831 -10476.269695 -0.176648 -10474.095335 0.152821 0.427831 0.329468 0.427831 1.647448   1   2  -1 
2456585.568473 0.000000 0.000000 -10475.180778 0.414412 -10476.269695 -0.175879 -10474.091478 -1.265179 0.414412 -1.089300 0.414412 1.647448   1   2  -1 
2456585.568473 0.000000 0.000000 -10475.180778 0.414412 -10476.269695 -0.175879 -10474.091478 -1.265179 0.414412 -1.089300 0.414412 1.647448   1   2  -1 
2456585.572350 0.000000 0.000000 -10474.743998 0.423051 -10476.269695 -0.175095 -10474.087553 -0.831539 0.423051 -0.656445 0.423051 1.647448   1   2  -1 
2456585.572350 0.000000 0.000000 -10474.743998 0.423051 -10476.269695 -0.175095 -10474.087553 -0.831539 0.423051 -0.656445 0.423051 1.647448   1   2  -1 
2456586.547688 0.000000 0.000000 -10474.360620 0.464286 -10476.269695 0.062244 -10473.220077 -1.078300 0.464286 -1.140543 0.464286 1.647448   1   2  -1 
2456586.547688 0.000000 0.000000 -10474.360620 0.464286 -10476.269695 0.062244 -10473.220077 -1.078300 0.464286 -1.140543 0.464286 1.647448   1   2  -1 
2456586.551530 0.000000 0.000000 -10474.580572 0.496503 -10476.269695 0.063207 -10473.217254 -1.300112 0.496503 -1.363318 0.496503 1.647448   1   2  -1 
2456586.551530 0.000000 0.000000 -10474.580572 0.496503 -10476.269695 0.063207 -10473.217254 -1.300112 0.496503 -1.363318 0.496503 1.647448   1   2  -1 
2456586.555442 0.000000 0.000000 -10475.256026 0.515154 -10476.269695 0.064186 -10473.214385 -1.977455 0.515154 -2.041641 0.515154 1.647448   1   2  -1 
2456586.555442 0.000000 0.000000 -10475.256026 0.515154 -10476.269695 0.064186 -10473.214385 -1.977455 0.515154 -2.041641 0.515154 1.647448   1   2  -1 
2456590.510961 0.000000 0.000000 -10473.364197 0.683759 -10476.269695 0.992193 -10472.750547 0.378543 0.683759 -0.613650 0.683759 1.647448   1   2  -1 
2456590.510961 0.000000 0.000000 -10473.364197 0.683759 -10476.269695 0.992193 -10472.750547 0.378543 0.683759 -0.613650 0.683759 1.647448   1   2  -1 
2456590.514943 0.000000 0.000000 -10471.788641 0.761395 -10476.269695 0.994603 -10472.750874 1.956836 0.761395 0.962233 0.761395 1.647448   1   2  -1 
2456590.514943 0.000000 0.000000 -10471.788641 0.761395 -10476.269695 0.994603 -10472.750874 1.956836 0.761395 0.962233 0.761395 1.647448   1   2  -1 
2456590.518611 0.000000 0.000000 -10472.177822 0.643858 -10476.269695 0.996829 -10472.751174 1.570181 0.643858 0.573352 0.643858 1.647448   1   2  -1 
2456590.518611 0.000000 0.000000 -10472.177822 0.643858 -10476.269695 0.996829 -10472.751174 1.570181 0.643858 0.573352 0.643858 1.647448   1   2  -1 
2456765.917789 0.000000 0.000000 -10478.736988 0.356105 -10476.269695 1.045814 -10477.883162 0.191988 0.356105 -0.853826 0.356105 1.647448   1   2  -1 
2456765.917789 0.000000 0.000000 -10478.736988 0.356105 -10476.269695 1.045814 -10477.883162 0.191988 0.356105 -0.853826 0.356105 1.647448   1   2  -1 
2456765.923021 0.000000 0.000000 -10479.356033 0.359343 -10476.269695 1.047528 -10477.886224 -0.422282 0.359343 -1.469809 0.359343 1.647448   1   2  -1 
2456765.923021 0.000000 0.000000 -10479.356033 0.359343 -10476.269695 1.047528 -10477.886224 -0.422282 0.359343 -1.469809 0.359343 1.647448   1   2  -1 
2456789.854143 0.000000 0.000000 -10471.510093 0.391560 -10476.269695 2.122560 -10471.148407 1.760874 0.391560 -0.361686 0.391560 1.647448   1   2  -1 
2456789.854143 0.000000 0.000000 -10471.510093 0.391560 -10476.269695 2.122560 -10471.148407 1.760874 0.391560 -0.361686 0.391560 1.647448   1   2  -1 
2456789.859722 0.000000 0.000000 -10471.639643 0.405092 -10476.269695 2.124639 -10471.148843 1.633838 0.405092 -0.490800 0.405092 1.647448   1   2  -1 
2456789.859722 0.000000 0.000000 -10471.639643 0.405092 -10476.269695 2.124639 -10471.148843 1.633838 0.405092 -0.490800 0.405092 1.647448   1   2  -1 
2456806.890179 0.000000 0.000000 -10477.728101 0.424327 -10476.269695 1.675671 -10476.268394 0.215964 0.424327 -1.459707 0.424327 1.647448   1   2  -1 
2456806.890179 0.000000 0.000000 -10477.728101 0.424327 -10476.269695 1.675671 -10476.268394 0.215964 0.424327 -1.459707 0.424327 1.647448   1   2  -1 
2456829.893363 0.000000 0.000000 -10474.769093 0.272363 -10476.269695 0.814533 -10473.600002 -0.354558 0.272363 -1.169091 0.272363 1.647448   1   2  -1 
2456829.893363 0.000000 0.000000 -10474.769093 0.272363 -10476.269695 0.814533 -10473.600002 -0.354558 0.272363 -1.169091 0.272363 1.647448   1   2  -1 
2456857.748704 0.000000 0.000000 -10473.725387 0.458440 -10476.269695 0.580656 -10472.873665 -0.271066 0.458440 -0.851722 0.458440 1.647448   1   2  -1 
2456857.748704 0.000000 0.000000 -10473.725387 0.458440 -10476.269695 0.580656 -10472.873665 -0.271066 0.458440 -0.851722 0.458440 1.647448   1   2  -1 
2456857.754433 0.000000 0.000000 -10473.163228 0.448012 -10476.269695 0.581453 -10472.871015 0.289241 0.448012 -0.292213 0.448012 1.647448   1   2  -1 
2456857.754433 0.000000 0.000000 -10473.163228 0.448012 -10476.269695 0.581453 -10472.871015 0.289241 0.448012 -0.292213 0.448012 1.647448   1   2  -1 
2456866.784629 0.000000 0.000000 -10479.134302 0.372433 -10476.269695 0.581040 -10478.826185 0.272923 0.372433 -0.308117 0.372433 1.647448   1   2  -1 
2456866.784629 0.000000 0.000000 -10479.134302 0.372433 -10476.269695 0.581040 -10478.826185 0.272923 0.372433 -0.308117 0.372433 1.647448   1   2  -1 
2456896.727940 0.000000 0.000000 -10476.588857 0.526898 -10476.269695 2.677390 -10475.379764 1.468297 0.526898 -1.209093 0.526898 1.647448   1   2  -1 
2456896.727940 0.000000 0.000000 -10476.588857 0.526898 -10476.269695 2.677390 -10475.379764 1.468297 0.526898 -1.209093 0.526898 1.647448   1   2  -1 
2456896.733287 0.000000 0.000000 -10476.057196 0.651138 -10476.269695 2.680305 -10475.373616 1.996725 0.651138 -0.683580 0.651138 1.647448   1   2  -1 
2456896.733287 0.000000 0.000000 -10476.057196 0.651138 -10476.269695 2.680305 -10475.373616 1.996725 0.651138 -0.683580 0.651138 1.647448   1   2  -1 
2457146.919889 0.000000 0.000000 -10475.918297 0.272209 -10476.269695 2.456328 -10472.818953 -0.643017 0.272209 -3.099344 0.272209 1.647448   1   2  -1 
2457146.919889 0.000000 0.000000 -10475.918297 0.272209 -10476.269695 2.456328 -10472.818953 -0.643017 0.272209 -3.099344 0.272209 1.647448   1   2  -1 
2457176.844500 0.000000 0.000000 -10464.313000 0.241278 -10461.276400 -1.520962 -10463.059021 -2.774941 0.241278 -1.253979 0.241278 1.647448   1   3  -1 
2457176.844500 0.000000 0.000000 -10464.313000 0.241278 -10461.276400 -1.520962 -10463.059021 -2.774941 0.241278 -1.253979 0.241278 1.647448   1   3  -1 
2457180.950532 0.000000 0.000000 -10468.297390 0.305748 -10461.276400 -1.751494 -10465.934682 -4.114201 0.305748 -2.362708 0.305748 1.647448   1   3  -1 
2457180.950532 0.000000 0.000000 -10468.297390 0.305748 -10461.276400 -1.751494 -10465.934682 -4.114201 0.305748 -2.362708 0.305748 1.647448   1   3  -1 
2457180.956053 0.000000 0.000000 -10469.641714 0.321155 -10461.276400 -1.753461 -10465.936905 -5.458270 0.321155 -3.704809 0.321155 1.647448   1   3  -1 
2457180.956053 0.000000 0.000000 -10469.641714 0.321155 -10461.276400 -1.753461 -10465.936905 -5.458270 0.321155 -3.704809 0.321155 1.647448   1   3  -1 
2457257.708144 0.000000 0.000000 -10458.156667 0.478548 -10461.276400 1.640190 -10456.774346 0.257869 0.478548 -1.382321 0.478548 1.647448   1   3  -1 
2457257.708144 0.000000 0.000000 -10458.156667 0.478548 -10461.276400 1.640190 -10456.774346 0.257869 0.478548 -1.382321 0.478548 1.647448   1   3  -1 
2457257.713815 0.000000 0.000000 -10458.308869 0.515819 -10461.276400 1.639010 -10456.772993 0.103133 0.515819 -1.535876 0.515819 1.647448   1   3  -1 
2457257.713815 0.000000 0.000000 -10458.308869 0.515819 -10461.276400 1.639010 -10456.772993 0.103133 0.515819 -1.535876 0.515819 1.647448   1   3  -1 
2457307.523708 0.000000 0.000000 -10460.965808 0.284606 -10461.276400 1.206677 -10462.226886 2.467755 0.284606 1.261078 0.284606 1.647448   1   3  -1 
2457307.523708 0.000000 0.000000 -10460.965808 0.284606 -10461.276400 1.206677 -10462.226886 2.467755 0.284606 1.261078 0.284606 1.647448   1   3  -1 
2457307.529113 0.000000 0.000000 -10461.174528 0.295801 -10461.276400 1.207522 -10462.231535 2.264529 0.295801 1.057007 0.295801 1.647448   1   3  -1 
2457307.529113 0.000000 0.000000 -10461.174528 0.295801 -10461.276400 1.207522 -10462.231535 2.264529 0.295801 1.057007 0.295801 1.647448   1   3  -1 
2457675.588735 0.000000 0.000000 -10454.424591 0.266631 -10461.276400 1.969317 -10459.019987 6.564713 0.266631 4.595396 0.266631 1.647448   1   3  -1 
2457675.588735 0.000000 0.000000 -10454.424591 0.266631 -10461.276400 1.969317 -10459.019987 6.564713 0.266631 4.595396 0.266631 1.647448   1   3  -1 
2457879.840329 0.000000 0.000000 -10463.101417 0.420408 -10461.276400 -0.359837 -10464.297707 0.836453 0.420408 1.196290 0.420408 1.647448   1   3  -1 
2457879.840329 0.000000 0.000000 -10463.101417 0.420408 -10461.276400 -0.359837 -10464.297707 0.836453 0.420408 1.196290 0.420408 1.647448   1   3  -1 
2457943.770578 0.000000 0.000000 -10457.458256 0.227044 -10461.276400 2.496807 -10458.659985 3.698536 0.227044 1.201729 0.227044 1.647448   1   3  -1 
2457943.770578 0.000000 0.000000 -10457.458256 0.227044 -10461.276400 2.496807 -10458.659985 3.698536 0.227044 1.201729 0.227044 1.647448   1   3  -1 
2457968.637355 0.000000 0.000000 -10461.424457 0.383012 -10461.276400 1.006903 -10462.329310 1.911756 0.383012 0.904853 0.383012 1.647448   1   3  -1 
2457968.637355 0.000000 0.000000 -10461.424457 0.383012 -10461.276400 1.006903 -10462.329310 1.911756 0.383012 0.904853 0.383012 1.647448   1   3  -1 
2460042.883932 0.000000 0.000000 -10467.619651 0.097183 -10467.952627 -0.072689 -10468.010901 0.318561 0.097183 0.391250 0.097183 1.113195   0   1  -1 
2460042.889532 0.000000 0.000000 -10467.826807 0.098837 -10467.952627 -0.074282 -10468.008889 0.107800 0.098837 0.182082 0.098837 1.113195   0   1  -1 
2460043.870973 0.000000 0.000000 -10467.810891 0.115769 -10467.952627 -0.262811 -10467.687382 -0.386320 0.115769 -0.123509 0.115769 1.113195   0   1  -1 
2460043.876677 0.000000 0.000000 -10467.827764 0.107743 -10467.952627 -0.263448 -10467.685772 -0.405441 0.107743 -0.141992 0.107743 1.113195   0   1  -1 
2460044.793251 0.000000 0.000000 -10466.216747 0.119007 -10467.952627 -0.322343 -10467.487509 0.948419 0.119007 1.270762 0.119007 1.113195   0   1  -1 
2460044.798982 0.000000 0.000000 -10466.355629 0.118254 -10467.952627 -0.322523 -10467.486711 0.808559 0.118254 1.131082 0.118254 1.113195   0   1  -1 
2460045.773704 0.000000 0.000000 -10468.947680 0.263543 -10467.952627 -0.347318 -10467.450811 -1.844186 0.263543 -1.496869 0.263543 1.113195   0   1  -1 
2460045.779649 0.000000 0.000000 -10468.728031 0.178179 -10467.952627 -0.347503 -10467.451247 -1.624287 0.178179 -1.276784 0.178179 1.113195   0   1  -1 
2460046.786658 0.000000 0.000000 -10466.718679 0.108298 -10467.952627 -0.399287 -10467.647587 0.529621 0.108298 0.928908 0.108298 1.113195   0   1  -1 
2460046.792204 0.000000 0.000000 -10467.571100 0.100449 -10467.952627 -0.399695 -10467.649341 -0.321454 0.100449 0.078241 0.100449 1.113195   0   1  -1 
2460047.789500 0.000000 0.000000 -10468.079684 0.107918 -10467.952627 -0.489263 -10468.076435 -0.492512 0.107918 -0.003249 0.107918 1.113195   0   1  -1 
2460047.795047 0.000000 0.000000 -10468.412170 0.104000 -10467.952627 -0.489813 -10468.079393 -0.822590 0.104000 -0.332777 0.104000 1.113195   0   1  -1 
2460048.783364 0.000000 0.000000 -10468.577566 0.129590 -10467.952627 -0.580065 -10468.692960 -0.464672 0.129590 0.115394 0.129590 1.113195   0   1  -1 
2460048.789012 0.000000 0.000000 -10468.027070 0.120793 -10467.952627 -0.580482 -10468.696909 0.089357 0.120793 0.669839 0.120793 1.113195   0   1  -1 
2460049.801102 0.000000 0.000000 -10468.921797 0.111941 -10467.952627 -0.618596 -10469.466148 -0.074245 0.111941 0.544351 0.111941 1.113195   0   1  -1 
2460049.806533 0.000000 0.000000 -10469.044553 0.118675 -10467.952627 -0.618562 -10469.470547 -0.192568 0.118675 0.425994 0.118675 1.113195   0   1  -1 
2460050.776767 0.000000 0.000000 -10470.880979 0.110463 -10467.952627 -0.562353 -10470.278653 -1.164679 0.110463 -0.602326 0.110463 1.113195   0   1  -1 
2460050.782471 0.000000 0.000000 -10470.587932 0.106168 -10467.952627 -0.561718 -10470.283436 -0.866214 0.106168 -0.304496 0.106168 1.113195   0   1  -1 
2460068.823617 0.000000 0.000000 -10467.442048 0.125458 -10467.952627 0.244840 -10468.569104 1.371896 0.125458 1.127056 0.125458 1.113195   0   1  -1 
2460068.829253 0.000000 0.000000 -10468.177705 0.157911 -10467.952627 0.243791 -10468.566983 0.633069 0.157911 0.389278 0.157911 1.113195   0   1  -1 
2460073.775251 0.000000 0.000000 -10468.691416 0.136518 -10467.952627 -1.789595 -10467.851639 -2.629372 0.136518 -0.839777 0.136518 1.113195   0   1  -1 
2460073.780774 0.000000 0.000000 -10468.532442 0.124641 -10467.952627 -1.789377 -10467.851459 -2.470360 0.124641 -0.680983 0.124641 1.113195   0   1  -1 
2460076.728213 0.000000 0.000000 -10468.677012 0.126723 -10467.952627 -0.998357 -10468.037640 -1.637729 0.126723 -0.639372 0.126723 1.113195   0   1  -1 
2460076.733797 0.000000 0.000000 -10468.420636 0.121235 -10467.952627 -0.996228 -10468.039077 -1.377786 0.121235 -0.381559 0.121235 1.113195   0   1  -1 
2460077.755001 0.000000 0.000000 -10469.796842 0.156253 -10467.952627 -0.587228 -10468.389760 -1.994311 0.156253 -1.407082 0.156253 1.113195   0   1  -1 
2460077.760768 0.000000 0.000000 -10469.832216 0.150546 -10467.952627 -0.584841 -10468.392266 -2.024791 0.150546 -1.439950 0.150546 1.113195   0   1  -1 
2460078.818364 0.000000 0.000000 -10470.121344 0.118065 -10467.952627 -0.160143 -10468.973399 -1.308087 0.118065 -1.147945 0.118065 1.113195   0   1  -1 
2460078.823976 0.000000 0.000000 -10470.631326 0.115757 -10467.952627 -0.158074 -10468.977198 -1.812201 0.115757 -1.654128 0.115757 1.113195   0   1  -1 
2460079.846559 0.000000 0.000000 -10469.784428 0.112864 -10467.952627 0.142837 -10469.804952 0.163361 0.112864 0.020524 0.112864 1.113195   0   1  -1 
2460079.852048 0.000000 0.000000 -10469.613740 0.114319 -10467.952627 0.143949 -10469.810054 0.340263 0.114319 0.196314 0.114319 1.113195   0   1  -1 
2460080.730235 0.000000 0.000000 -10469.772583 0.121764 -10467.952627 0.244720 -10470.659563 1.131700 0.121764 0.886980 0.121764 1.113195   0   1  -1 
2460080.735864 0.000000 0.000000 -10469.610615 0.112383 -10467.952627 0.244913 -10470.664906 1.299204 0.112383 1.054291 0.112383 1.113195   0   1  -1 
2460082.755256 0.000000 0.000000 -10469.121371 0.143393 -10467.952627 0.341120 -10471.283891 2.503641 0.143393 2.162520 0.143393 1.113195   0   1  -1 
2460082.760842 0.000000 0.000000 -10468.518798 0.129661 -10467.952627 0.342574 -10471.279958 3.103735 0.129661 2.761160 0.129661 1.113195   0   1  -1 
2460085.681985 0.000000 0.000000 -10469.405639 0.182782 -10467.952627 2.707589 -10466.101183 -0.596867 0.182782 -3.304456 0.182782 1.113195   0   1  -1 
2460085.687655 0.000000 0.000000 -10468.302871 0.192173 -10467.952627 2.712956 -10466.090396 0.500482 0.192173 -2.212475 0.192173 1.113195   0   1  -1 
2460086.748603 0.000000 0.000000 -10463.771857 0.096592 -10467.952627 3.400541 -10464.519528 4.148212 0.096592 0.747671 0.096592 1.113195   0   1  -1 
2460086.754324 0.000000 0.000000 -10464.310069 0.104158 -10467.952627 3.402080 -10464.513949 3.605960 0.104158 0.203880 0.104158 1.113195   0   1  -1 
2460199.601214 0.000000 0.000000 -10467.857782 0.194625 -10467.952627 -2.446858 -10468.872839 -1.431801 0.194625 1.015057 0.194625 1.113195   0   1  -1 
2460199.607025 0.000000 0.000000 -10469.302924 0.190719 -10467.952627 -2.443827 -10468.863992 -2.882759 0.190719 -0.438932 0.190719 1.113195   0   1  -1 
2460201.515076 0.000000 0.000000 -10466.554990 0.136306 -10467.952627 -1.654466 -10466.761249 -1.448206 0.136306 0.206259 0.136306 1.113195   0   1  -1 
2460201.520627 0.000000 0.000000 -10466.389365 0.147106 -10467.952627 -1.652877 -10466.757626 -1.284617 0.147106 0.368261 0.147106 1.113195   0   1  -1 
2460202.533617 0.000000 0.000000 -10465.659465 0.116368 -10467.952627 -1.400433 -10466.296002 -0.763895 0.116368 0.636537 0.116368 1.113195   0   1  -1 
2460202.539273 0.000000 0.000000 -10465.508485 0.110234 -10467.952627 -1.399131 -10466.294404 -0.613212 0.110234 0.785919 0.110234 1.113195   0   1  -1 
2460203.571018 0.000000 0.000000 -10465.844882 0.168626 -10467.952627 -1.152940 -10466.143788 -0.854034 0.168626 0.298906 0.168626 1.113195   0   1  -1 
2460203.577196 0.000000 0.000000 -10465.648256 0.180164 -10467.952627 -1.151372 -10466.143658 -0.655970 0.180164 0.495402 0.180164 1.113195   0   1  -1 
2460204.530857 0.000000 0.000000 -10467.427115 0.098515 -10467.952627 -0.897846 -10466.228899 -2.096063 0.098515 -1.198216 0.098515 1.113195   0   1  -1 
2460204.536387 0.000000 0.000000 -10466.800940 0.104273 -10467.952627 -0.896344 -10466.230024 -1.467260 0.104273 -0.570916 0.104273 1.113195   0   1  -1 
2460205.516019 0.000000 0.000000 -10468.149301 0.122140 -10467.952627 -0.638177 -10466.554830 -2.232648 0.122140 -1.594471 0.122140 1.113195   0   1  -1 
2460205.521490 0.000000 0.000000 -10467.759986 0.108265 -10467.952627 -0.636805 -10466.557364 -1.839427 0.108265 -1.202622 0.108265 1.113195   0   1  -1 
2460206.534104 0.000000 0.000000 -10467.984215 0.123507 -10467.952627 -0.391050 -10467.156514 -1.218751 0.123507 -0.827701 0.123507 1.113195   0   1  -1 
2460206.539634 0.000000 0.000000 -10467.395836 0.112931 -10467.952627 -0.389690 -10467.160423 -0.625103 0.112931 -0.235413 0.112931 1.113195   0   1  -1 
2460208.612713 0.000000 0.000000 -10467.863703 0.119086 -10467.952627 0.382830 -10468.756562 1.275689 0.119086 0.892859 0.119086 1.113195   0   1  -1 
2460208.618030 0.000000 0.000000 -10468.124237 0.122661 -10467.952627 0.385876 -10468.760125 1.021764 0.122661 0.635888 0.122661 1.113195   0   1  -1 
2460209.504007 0.000000 0.000000 -10468.350357 0.247406 -10467.952627 0.975140 -10469.211609 1.836391 0.247406 0.861252 0.247406 1.113195   0   1  -1 
2460209.509978 0.000000 0.000000 -10468.742438 0.220522 -10467.952627 0.979573 -10469.213458 1.450593 0.220522 0.471020 0.220522 1.113195   0   1  -1 
2460210.587394 0.000000 0.000000 -10468.232795 0.137683 -10467.952627 1.805981 -10469.187781 2.760967 0.137683 0.954986 0.137683 1.113195   0   1  -1 
2460210.593026 0.000000 0.000000 -10467.916827 0.147704 -10467.952627 1.810157 -10469.185610 3.078940 0.147704 1.268783 0.147704 1.113195   0   1  -1 
2460211.516295 0.000000 0.000000 -10469.090653 0.190231 -10467.952627 2.397244 -10468.569916 1.876507 0.190231 -0.520737 0.190231 1.113195   0   1  -1 
2460211.522268 0.000000 0.000000 -10468.782398 0.153085 -10467.952627 2.400201 -10468.564567 2.182370 0.153085 -0.217831 0.153085 1.113195   0   1  -1 
