# time Tc_folded Tref_folded value value_err offset model full_model val_compare val_compare_err residuals residuals_err jitter jitter_flag offset_flag subset_flag 
2455480.529186 -11.896677 0.000000 -10482.960657 0.485677 -10476.269695 0.992454 -10480.389428 -1.578775 0.485677 -2.571229 0.485677 1.647448   1   2  -1 
2455480.529186 -11.896677 0.000000 -10482.960657 0.485677 -10476.269695 0.992454 -10480.389428 -1.578775 0.485677 -2.571229 0.485677 1.647448   1   2  -1 
2455480.532970 -11.892893 0.000113 -10481.678693 0.440084 -10476.269695 0.993380 -10480.388334 -0.296979 0.440084 -1.290359 0.440084 1.647448   1   2  -1 
2455480.532970 -11.892893 0.000113 -10481.678693 0.440084 -10476.269695 0.993380 -10480.388334 -0.296979 0.440084 -1.290359 0.440084 1.647448   1   2  -1 
2455480.536778 -11.889085 0.000227 -10480.431449 0.465046 -10476.269695 0.994312 -10480.387225 0.950088 0.465046 -0.044224 0.465046 1.647448   1   2  -1 
2455480.536778 -11.889085 0.000227 -10480.431449 0.465046 -10476.269695 0.994312 -10480.387225 0.950088 0.465046 -0.044224 0.465046 1.647448   1   2  -1 
2455482.554786 -9.871077 0.060569 -10476.128743 0.353905 -10476.269695 1.388586 -10478.593447 3.853290 0.353905 2.464704 0.353905 1.647448   1   2  -1 
2455482.554786 -9.871077 0.060569 -10476.128743 0.353905 -10476.269695 1.388586 -10478.593447 3.853290 0.353905 2.464704 0.353905 1.647448   1   2  -1 
2455484.542056 -7.883807 0.119993 -10475.755433 0.514319 -10476.269695 1.527983 -10476.104195 1.876745 0.514319 0.348762 0.514319 1.647448   1   2  -1 
2455484.542056 -7.883807 0.119993 -10475.755433 0.514319 -10476.269695 1.527983 -10476.104195 1.876745 0.514319 0.348762 0.514319 1.647448   1   2  -1 
2455484.545828 -7.880035 0.120105 -10473.332240 0.532707 -10476.269695 1.527986 -10476.100758 4.296505 0.532707 2.768518 0.532707 1.647448   1   2  -1 
2455484.545828 -7.880035 0.120105 -10473.332240 0.532707 -10476.269695 1.527986 -10476.100758 4.296505 0.532707 2.768518 0.532707 1.647448   1   2  -1 
2455484.549671 -7.876192 0.120220 -10474.438386 0.508347 -10476.269695 1.527989 -10476.097264 3.186867 0.508347 1.658878 0.508347 1.647448   1   2  -1 
2455484.549671 -7.876192 0.120220 -10474.438386 0.508347 -10476.269695 1.527989 -10476.097264 3.186867 0.508347 1.658878 0.508347 1.647448   1   2  -1 
2455485.527184 -6.898679 0.149450 -10473.605978 0.432034 -10476.269695 1.496047 -10475.466942 3.357011 0.432034 1.860964 0.432034 1.647448   1   2  -1 
2455485.527184 -6.898679 0.149450 -10473.605978 0.432034 -10476.269695 1.496047 -10475.466942 3.357011 0.432034 1.860964 0.432034 1.647448   1   2  -1 
2455485.532971 -6.892892 0.149623 -10471.997247 0.445706 -10476.269695 1.495670 -10475.464759 4.963182 0.445706 3.467512 0.445706 1.647448   1   2  -1 
2455485.532971 -6.892892 0.149623 -10471.997247 0.445706 -10476.269695 1.495670 -10475.464759 4.963182 0.445706 3.467512 0.445706 1.647448   1   2  -1 
2455487.543214 -4.882649 0.209733 -10473.844627 0.404437 -10476.269695 1.247671 -10475.543813 2.946857 0.404437 1.699186 0.404437 1.647448   1   2  -1 
2455487.543214 -4.882649 0.209733 -10473.844627 0.404437 -10476.269695 1.247671 -10475.543813 2.946857 0.404437 1.699186 0.404437 1.647448   1   2  -1 
2455487.548897 -4.876966 0.209903 -10473.904015 0.401767 -10476.269695 1.246680 -10475.545565 2.888231 0.401767 1.641550 0.401767 1.647448   1   2  -1 
2455487.548897 -4.876966 0.209903 -10473.904015 0.401767 -10476.269695 1.246680 -10475.545565 2.888231 0.401767 1.641550 0.401767 1.647448   1   2  -1 
2455493.544252 1.118389 0.389176 -10479.814585 0.396600 -10476.269695 -0.161519 -10480.321103 0.344999 0.396600 0.506518 0.396600 1.647448   1   2  -1 
2455493.544252 1.118389 0.389176 -10479.814585 0.396600 -10476.269695 -0.161519 -10480.321103 0.344999 0.396600 0.506518 0.396600 1.647448   1   2  -1 
2455493.550478 1.124615 0.389362 -10480.900282 0.405220 -10476.269695 -0.162998 -10480.329513 -0.733767 0.405220 -0.570769 0.405220 1.647448   1   2  -1 
2455493.550478 1.124615 0.389362 -10480.900282 0.405220 -10476.269695 -0.162998 -10480.329513 -0.733767 0.405220 -0.570769 0.405220 1.647448   1   2  -1 
2455495.535877 3.110014 0.448730 -10480.826331 0.401246 -10476.269695 -0.600692 -10481.907300 0.480277 0.401246 1.080969 0.401246 1.647448   1   2  -1 
2455495.535877 3.110014 0.448730 -10480.826331 0.401246 -10476.269695 -0.600692 -10481.907300 0.480277 0.401246 1.080969 0.401246 1.647448   1   2  -1 
2455495.541664 3.115801 0.448903 -10480.647538 0.425418 -10476.269695 -0.601852 -10481.907551 0.658161 0.425418 1.260013 0.425418 1.647448   1   2  -1 
2455495.541664 3.115801 0.448903 -10480.647538 0.425418 -10476.269695 -0.601852 -10481.907551 0.658161 0.425418 1.260013 0.425418 1.647448   1   2  -1 
2455498.517820 6.091957 0.537895 -10479.650410 0.663846 -10476.269695 -1.084766 -10480.616410 -0.118766 0.663846 0.966000 0.663846 1.647448   1   2  -1 
2455498.517820 6.091957 0.537895 -10479.650410 0.663846 -10476.269695 -1.084766 -10480.616410 -0.118766 0.663846 0.966000 0.663846 1.647448   1   2  -1 
2455498.523445 6.097582 0.538064 -10478.978096 0.600098 -10476.269695 -1.085442 -10480.614266 0.550728 0.600098 1.636170 0.600098 1.647448   1   2  -1 
2455498.523445 6.097582 0.538064 -10478.978096 0.600098 -10476.269695 -1.085442 -10480.614266 0.550728 0.600098 1.636170 0.600098 1.647448   1   2  -1 
2455500.544007 8.118144 0.598482 -10479.588979 0.341836 -10476.269695 -1.262860 -10480.092679 -0.759160 0.341836 0.503700 0.341836 1.647448   1   2  -1 
2455500.544007 8.118144 0.598482 -10479.588979 0.341836 -10476.269695 -1.262860 -10480.092679 -0.759160 0.341836 0.503700 0.341836 1.647448   1   2  -1 
2455500.549389 8.123526 0.598643 -10479.646223 0.372174 -10476.269695 -1.263151 -10480.091732 -0.817642 0.372174 0.445509 0.372174 1.647448   1   2  -1 
2455500.549389 8.123526 0.598643 -10479.646223 0.372174 -10476.269695 -1.263151 -10480.091732 -0.817642 0.372174 0.445509 0.372174 1.647448   1   2  -1 
2455501.547102 9.121239 0.628477 -10479.228913 0.302659 -10476.269695 -1.299698 -10479.966287 -0.562324 0.302659 0.737374 0.302659 1.647448   1   2  -1 
2455501.547102 9.121239 0.628477 -10479.228913 0.302659 -10476.269695 -1.299698 -10479.966287 -0.562324 0.302659 0.737374 0.302659 1.647448   1   2  -1 
2455501.552738 9.126875 0.628645 -10480.110772 0.289222 -10476.269695 -1.299804 -10479.965953 -1.444623 0.289222 -0.144819 0.289222 1.647448   1   2  -1 
2455501.552738 9.126875 0.628645 -10480.110772 0.289222 -10476.269695 -1.299804 -10479.965953 -1.444623 0.289222 -0.144819 0.289222 1.647448   1   2  -1 
2455505.514789 13.088926 0.747119 -10479.788974 0.344263 -10476.269695 -1.077915 -10481.386258 0.519368 0.344263 1.597284 0.344263 1.647448   1   2  -1 
2455505.514789 13.088926 0.747119 -10479.788974 0.344263 -10476.269695 -1.077915 -10481.386258 0.519368 0.344263 1.597284 0.344263 1.647448   1   2  -1 
2455505.520425 13.094562 0.747287 -10479.398339 0.340728 -10476.269695 -1.077166 -10481.389730 0.914225 0.340728 1.991391 0.340728 1.647448   1   2  -1 
2455505.520425 13.094562 0.747287 -10479.398339 0.340728 -10476.269695 -1.077166 -10481.389730 0.914225 0.340728 1.991391 0.340728 1.647448   1   2  -1 
2455507.517142 15.091279 0.806993 -10482.165859 0.264981 -10476.269695 -0.735100 -10482.506334 -0.394625 0.264981 0.340475 0.264981 1.647448   1   2  -1 
2455507.517142 15.091279 0.806993 -10482.165859 0.264981 -10476.269695 -0.735100 -10482.506334 -0.394625 0.264981 0.340475 0.264981 1.647448   1   2  -1 
2455507.522824 15.096961 0.807163 -10483.868821 0.270208 -10476.269695 -0.733916 -10482.508886 -2.093851 0.270208 -1.359935 0.270208 1.647448   1   2  -1 
2455507.522824 15.096961 0.807163 -10483.868821 0.270208 -10476.269695 -0.733916 -10482.508886 -2.093851 0.270208 -1.359935 0.270208 1.647448   1   2  -1 
2455509.518050 -16.350434 0.866824 -10482.136940 0.380261 -10476.269695 -0.254633 -10482.594240 0.202667 0.380261 0.457300 0.380261 1.647448   1   2  -1 
2455509.518050 -16.350434 0.866824 -10482.136940 0.380261 -10476.269695 -0.254633 -10482.594240 0.202667 0.380261 0.457300 0.380261 1.647448   1   2  -1 
2455509.523524 -16.344960 0.866988 -10481.842165 0.354765 -10476.269695 -0.253166 -10482.591049 0.495718 0.354765 0.748884 0.354765 1.647448   1   2  -1 
2455509.523524 -16.344960 0.866988 -10481.842165 0.354765 -10476.269695 -0.253166 -10482.591049 0.495718 0.354765 0.748884 0.354765 1.647448   1   2  -1 
2455511.516449 -14.352035 0.926580 -10481.051242 0.398498 -10476.269695 0.313074 -10480.153024 -0.585144 0.398498 -0.898218 0.398498 1.647448   1   2  -1 
2455511.516449 -14.352035 0.926580 -10481.051242 0.398498 -10476.269695 0.313074 -10480.153024 -0.585144 0.398498 -0.898218 0.398498 1.647448   1   2  -1 
2455511.521935 -14.346549 0.926744 -10481.318563 0.396662 -10476.269695 0.314678 -10480.144156 -0.859728 0.396662 -1.174407 0.396662 1.647448   1   2  -1 
2455511.521935 -14.346549 0.926744 -10481.318563 0.396662 -10476.269695 0.314678 -10480.144156 -0.859728 0.396662 -1.174407 0.396662 1.647448   1   2  -1 
2455513.504562 -12.363922 0.986028 -10476.804338 0.418335 -10476.269695 0.874030 -10477.108726 1.178418 0.418335 0.304388 0.418335 1.647448   1   2  -1 
2455513.504562 -12.363922 0.986028 -10476.804338 0.418335 -10476.269695 0.874030 -10477.108726 1.178418 0.418335 0.304388 0.418335 1.647448   1   2  -1 
2455513.510244 -12.358240 0.986198 -10476.668251 0.441085 -10476.269695 0.875515 -10477.101283 1.308547 0.441085 0.433032 0.441085 1.647448   1   2  -1 
2455513.510244 -12.358240 0.986198 -10476.668251 0.441085 -10476.269695 0.875515 -10477.101283 1.308547 0.441085 0.433032 0.441085 1.647448   1   2  -1 
2455514.505835 -11.362649 0.015968 -10478.206203 0.335906 -10476.269695 1.117281 -10475.948658 -1.140263 0.335906 -2.257545 0.335906 1.647448   1   2  -1 
2455514.505835 -11.362649 0.015968 -10478.206203 0.335906 -10476.269695 1.117281 -10475.948658 -1.140263 0.335906 -2.257545 0.335906 1.647448   1   2  -1 
2455514.511356 -11.357128 0.016134 -10477.524806 0.341716 -10476.269695 1.118505 -10475.943083 -0.463218 0.341716 -1.581723 0.341716 1.647448   1   2  -1 
2455514.511356 -11.357128 0.016134 -10477.524806 0.341716 -10476.269695 1.118505 -10475.943083 -0.463218 0.341716 -1.581723 0.341716 1.647448   1   2  -1 
2455519.503938 -6.364546 0.165422 -10474.517329 0.516685 -10476.269695 1.452415 -10473.877737 0.812822 0.516685 -0.639592 0.516685 1.647448   1   2  -1 
2455519.503938 -6.364546 0.165422 -10474.517329 0.516685 -10476.269695 1.452415 -10473.877737 0.812822 0.516685 -0.639592 0.516685 1.647448   1   2  -1 
2455519.508811 -6.359673 0.165567 -10473.971305 0.498073 -10476.269695 1.451937 -10473.880888 1.361520 0.498073 -0.090417 0.498073 1.647448   1   2  -1 
2455519.508811 -6.359673 0.165567 -10473.971305 0.498073 -10476.269695 1.451937 -10473.880888 1.361520 0.498073 -0.090417 0.498073 1.647448   1   2  -1 
2455523.508036 -2.360448 0.285152 -10476.567096 0.414917 -10476.269695 0.704080 -10478.700902 2.837886 0.414917 2.133806 0.414917 1.647448   1   2  -1 
2455523.508036 -2.360448 0.285152 -10476.567096 0.414917 -10476.269695 0.704080 -10478.700902 2.837886 0.414917 2.133806 0.414917 1.647448   1   2  -1 
2455523.513036 -2.355448 0.285301 -10476.426565 0.432885 -10476.269695 0.702859 -10478.702639 2.978932 0.432885 2.276074 0.432885 1.647448   1   2  -1 
2455523.513036 -2.355448 0.285301 -10476.426565 0.432885 -10476.269695 0.702859 -10478.702639 2.978932 0.432885 2.276074 0.432885 1.647448   1   2  -1 
2455524.521481 -1.347003 0.315456 -10476.409103 0.333974 -10476.269695 0.451518 -10478.577218 2.619633 0.333974 2.168115 0.333974 1.647448   1   2  -1 
2455524.521481 -1.347003 0.315456 -10476.409103 0.333974 -10476.269695 0.451518 -10478.577218 2.619633 0.333974 2.168115 0.333974 1.647448   1   2  -1 
2455524.526446 -1.342038 0.315604 -10475.818731 0.339194 -10476.269695 0.450264 -10478.574694 3.206227 0.339194 2.755963 0.339194 1.647448   1   2  -1 
2455524.526446 -1.342038 0.315604 -10475.818731 0.339194 -10476.269695 0.450264 -10478.574694 3.206227 0.339194 2.755963 0.339194 1.647448   1   2  -1 
2455653.900831 -5.738137 0.184152 -10479.122782 0.372304 -10476.269695 1.379798 -10477.951041 0.208057 0.372304 -1.171741 0.372304 1.647448   1   2  -1 
2455653.900831 -5.738137 0.184152 -10479.122782 0.372304 -10476.269695 1.379798 -10477.951041 0.208057 0.372304 -1.171741 0.372304 1.647448   1   2  -1 
2455653.906410 -5.732558 0.184319 -10477.502514 0.368097 -10476.269695 1.379054 -10477.947116 1.823656 0.368097 0.444602 0.368097 1.647448   1   2  -1 
2455653.906410 -5.732558 0.184319 -10477.502514 0.368097 -10476.269695 1.379054 -10477.947116 1.823656 0.368097 0.444602 0.368097 1.647448   1   2  -1 
2455654.900357 -4.738611 0.214040 -10477.529507 0.407058 -10476.269695 1.222131 -10477.234998 0.927622 0.407058 -0.294509 0.407058 1.647448   1   2  -1 
2455654.900357 -4.738611 0.214040 -10477.529507 0.407058 -10476.269695 1.222131 -10477.234998 0.927622 0.407058 -0.294509 0.407058 1.647448   1   2  -1 
2455654.905936 -4.733032 0.214207 -10476.951630 0.365708 -10476.269695 1.221125 -10477.231205 1.500699 0.365708 0.279575 0.365708 1.647448   1   2  -1 
2455654.905936 -4.733032 0.214207 -10476.951630 0.365708 -10476.269695 1.221125 -10477.231205 1.500699 0.365708 0.279575 0.365708 1.647448   1   2  -1 
2455657.909222 -1.729746 0.304011 -10477.608535 0.302855 -10476.269695 0.547840 -10476.271194 -0.789500 0.302855 -1.337341 0.302855 1.647448   1   2  -1 
2455657.909222 -1.729746 0.304011 -10477.608535 0.302855 -10476.269695 0.547840 -10476.271194 -0.789500 0.302855 -1.337341 0.302855 1.647448   1   2  -1 
2455657.914813 -1.724155 0.304178 -10478.050098 0.315866 -10476.269695 0.546439 -10476.271602 -1.232057 0.315866 -1.778496 0.315866 1.647448   1   2  -1 
2455657.914813 -1.724155 0.304178 -10478.050098 0.315866 -10476.269695 0.546439 -10476.271602 -1.232057 0.315866 -1.778496 0.315866 1.647448   1   2  -1 
2455659.907949 0.268981 0.363777 -10477.046490 0.384743 -10476.269695 0.044814 -10476.904859 -0.096817 0.384743 -0.141631 0.384743 1.647448   1   2  -1 
2455659.907949 0.268981 0.363777 -10477.046490 0.384743 -10476.269695 0.044814 -10476.904859 -0.096817 0.384743 -0.141631 0.384743 1.647448   1   2  -1 
2455659.913540 0.274572 0.363944 -10478.198534 0.401510 -10476.269695 0.043431 -10476.908027 -1.247077 0.401510 -1.290507 0.401510 1.647448   1   2  -1 
2455659.913540 0.274572 0.363944 -10478.198534 0.401510 -10476.269695 0.043431 -10476.908027 -1.247077 0.401510 -1.290507 0.401510 1.647448   1   2  -1 
2455660.901884 1.262916 0.393498 -10478.330760 0.251174 -10476.269695 -0.195715 -10477.602069 -0.924406 0.251174 -0.728691 0.251174 1.647448   1   2  -1 
2455660.901884 1.262916 0.393498 -10478.330760 0.251174 -10476.269695 -0.195715 -10477.602069 -0.924406 0.251174 -0.728691 0.251174 1.647448   1   2  -1 
2455662.902485 3.263517 0.453320 -10478.461597 0.474458 -10476.269695 -0.631205 -10479.834171 0.741368 0.474458 1.372574 0.474458 1.647448   1   2  -1 
2455662.902485 3.263517 0.453320 -10478.461597 0.474458 -10476.269695 -0.631205 -10479.834171 0.741368 0.474458 1.372574 0.474458 1.647448   1   2  -1 
2455662.908180 3.269212 0.453490 -10479.019990 0.454621 -10476.269695 -0.632327 -10479.841792 0.189475 0.454621 0.821802 0.454621 1.647448   1   2  -1 
2455662.908180 3.269212 0.453490 -10479.019990 0.454621 -10476.269695 -0.632327 -10479.841792 0.189475 0.454621 0.821802 0.454621 1.647448   1   2  -1 
2455663.839263 4.200295 0.481331 -10481.021871 0.868606 -10476.269695 -0.805170 -10481.111150 -0.715891 0.868606 0.089279 0.868606 1.647448   1   2  -1 
2455663.839263 4.200295 0.481331 -10481.021871 0.868606 -10476.269695 -0.805170 -10481.111150 -0.715891 0.868606 0.089279 0.868606 1.647448   1   2  -1 
2455672.897729 13.258761 0.752197 -10477.289791 0.326960 -10476.269695 -1.054785 -10479.293430 0.948853 0.326960 2.003639 0.326960 1.647448   1   2  -1 
2455672.897729 13.258761 0.752197 -10477.289791 0.326960 -10476.269695 -1.054785 -10479.293430 0.948853 0.326960 2.003639 0.326960 1.647448   1   2  -1 
2455672.902775 13.263807 0.752348 -10477.128218 0.300639 -10476.269695 -1.054081 -10479.292374 1.110076 0.300639 2.164156 0.300639 1.647448   1   2  -1 
2455672.902775 13.263807 0.752348 -10477.128218 0.300639 -10476.269695 -1.054081 -10479.292374 1.110076 0.300639 2.164156 0.300639 1.647448   1   2  -1 
2455675.905453 16.266485 0.842134 -10479.983143 0.211350 -10476.269695 -0.467321 -10478.143869 -2.306595 0.211350 -1.839274 0.211350 1.647448   1   2  -1 
2455675.905453 16.266485 0.842134 -10479.983143 0.211350 -10476.269695 -0.467321 -10478.143869 -2.306595 0.211350 -1.839274 0.211350 1.647448   1   2  -1 
2455679.879903 -13.201687 0.960978 -10481.249420 0.252289 -10476.269695 0.645532 -10480.357498 -0.246391 0.252289 -0.891922 0.252289 1.647448   1   2  -1 
2455679.879903 -13.201687 0.960978 -10481.249420 0.252289 -10476.269695 0.645532 -10480.357498 -0.246391 0.252289 -0.891922 0.252289 1.647448   1   2  -1 
2455679.885123 -13.196467 0.961134 -10482.070814 0.256851 -10476.269695 0.647004 -10480.359006 -1.064803 0.256851 -1.711808 0.256851 1.647448   1   2  -1 
2455679.885123 -13.196467 0.961134 -10482.070814 0.256851 -10476.269695 0.647004 -10480.359006 -1.064803 0.256851 -1.711808 0.256851 1.647448   1   2  -1 
2455712.893679 -13.630532 0.948154 -10477.596372 0.280177 -10476.269695 0.523085 -10477.310428 0.237141 0.280177 -0.285944 0.280177 1.647448   1   2  -1 
2455712.893679 -13.630532 0.948154 -10477.596372 0.280177 -10476.269695 0.523085 -10477.310428 0.237141 0.280177 -0.285944 0.280177 1.647448   1   2  -1 
2455715.864679 -10.659532 0.036993 -10473.715742 0.681733 -10476.269695 1.260842 -10474.242538 1.787639 0.681733 0.526796 0.681733 1.647448   1   2  -1 
2455715.864679 -10.659532 0.036993 -10473.715742 0.681733 -10476.269695 1.260842 -10474.242538 1.787639 0.681733 0.526796 0.681733 1.647448   1   2  -1 
2455715.867376 -10.656835 0.037074 -10473.898980 0.709421 -10476.269695 1.261342 -10474.241073 1.603435 0.709421 0.342093 0.709421 1.647448   1   2  -1 
2455715.867376 -10.656835 0.037074 -10473.898980 0.709421 -10476.269695 1.261342 -10474.241073 1.603435 0.709421 0.342093 0.709421 1.647448   1   2  -1 
2455715.869992 -10.654219 0.037152 -10473.445162 0.718389 -10476.269695 1.261827 -10474.239653 2.056318 0.718389 0.794491 0.718389 1.647448   1   2  -1 
2455715.869992 -10.654219 0.037152 -10473.445162 0.718389 -10476.269695 1.261827 -10474.239653 2.056318 0.718389 0.794491 0.718389 1.647448   1   2  -1 
2455715.872747 -10.651464 0.037234 -10473.903696 0.742414 -10476.269695 1.262336 -10474.238161 1.596801 0.742414 0.334465 0.742414 1.647448   1   2  -1 
2455715.872747 -10.651464 0.037234 -10473.903696 0.742414 -10476.269695 1.262336 -10474.238161 1.596801 0.742414 0.334465 0.742414 1.647448   1   2  -1 
2455727.859452 1.335241 0.395660 -10475.357665 0.528199 -10476.269695 -0.212713 -10476.654745 1.084366 0.528199 1.297080 0.528199 1.647448   1   2  -1 
2455727.859452 1.335241 0.395660 -10475.357665 0.528199 -10476.269695 -0.212713 -10476.654745 1.084366 0.528199 1.297080 0.528199 1.647448   1   2  -1 
2455727.863145 1.338934 0.395771 -10476.960737 0.516663 -10476.269695 -0.213579 -10476.653695 -0.520621 0.516663 -0.307042 0.516663 1.647448   1   2  -1 
2455727.863145 1.338934 0.395771 -10476.960737 0.516663 -10476.269695 -0.213579 -10476.653695 -0.520621 0.516663 -0.307042 0.516663 1.647448   1   2  -1 
2455727.866953 1.342742 0.395885 -10477.060026 0.559742 -10476.269695 -0.214472 -10476.652620 -0.621878 0.559742 -0.407406 0.559742 1.647448   1   2  -1 
2455727.866953 1.342742 0.395885 -10477.060026 0.559742 -10476.269695 -0.214472 -10476.652620 -0.621878 0.559742 -0.407406 0.559742 1.647448   1   2  -1 
2455735.809170 9.284959 0.633372 -10480.718295 0.263016 -10476.269695 -1.302309 -10480.077836 -1.942769 0.263016 -0.640459 0.263016 1.647448   1   2  -1 
2455735.809170 9.284959 0.633372 -10480.718295 0.263016 -10476.269695 -1.302309 -10480.077836 -1.942769 0.263016 -0.640459 0.263016 1.647448   1   2  -1 
2455754.777241 -5.189591 0.200555 -10475.455016 0.545675 -10476.269695 1.299080 -10476.772637 2.616701 0.545675 1.317621 0.545675 1.647448   1   2  -1 
2455754.777241 -5.189591 0.200555 -10475.455016 0.545675 -10476.269695 1.299080 -10476.772637 2.616701 0.545675 1.317621 0.545675 1.647448   1   2  -1 
2455755.755721 -4.211111 0.229813 -10477.021535 0.384396 -10476.269695 1.121581 -10476.000085 0.100131 0.384396 -1.021450 0.384396 1.647448   1   2  -1 
2455755.755721 -4.211111 0.229813 -10477.021535 0.384396 -10476.269695 1.121581 -10476.000085 0.100131 0.384396 -1.021450 0.384396 1.647448   1   2  -1 
2455769.736300 9.769468 0.647860 -10478.718338 0.338766 -10476.269695 -1.304312 -10479.959811 -0.062839 0.338766 1.241473 0.338766 1.647448   1   2  -1 
2455769.736300 9.769468 0.647860 -10478.718338 0.338766 -10476.269695 -1.304312 -10479.959811 -0.062839 0.338766 1.241473 0.338766 1.647448   1   2  -1 
2455769.742075 9.775243 0.648033 -10479.209949 0.385157 -10476.269695 -1.304284 -10479.954554 -0.559679 0.385157 0.744605 0.385157 1.647448   1   2  -1 
2455769.742075 9.775243 0.648033 -10479.209949 0.385157 -10476.269695 -1.304284 -10479.954554 -0.559679 0.385157 0.744605 0.385157 1.647448   1   2  -1 
2455776.628483 16.661651 0.853950 -10477.854877 0.356174 -10476.269695 -0.367769 -10476.522211 -1.700435 0.356174 -1.332666 0.356174 1.647448   1   2  -1 
2455776.628483 16.661651 0.853950 -10477.854877 0.356174 -10476.269695 -0.367769 -10476.522211 -1.700435 0.356174 -1.332666 0.356174 1.647448   1   2  -1 
2455782.624998 -10.784455 0.033258 -10477.234320 0.380536 -10476.269695 1.237247 -10477.830310 1.833236 0.380536 0.595990 0.380536 1.647448   1   2  -1 
2455782.624998 -10.784455 0.033258 -10477.234320 0.380536 -10476.269695 1.237247 -10477.830310 1.833236 0.380536 0.595990 0.380536 1.647448   1   2  -1 
2455784.737667 -8.671786 0.096431 -10473.119634 0.272683 -10476.269695 1.505474 -10474.931011 3.316850 0.272683 1.811377 0.272683 1.647448   1   2  -1 
2455784.737667 -8.671786 0.096431 -10473.119634 0.272683 -10476.269695 1.505474 -10474.931011 3.316850 0.272683 1.811377 0.272683 1.647448   1   2  -1 
2455801.526698 8.117245 0.598456 -10477.714254 0.636570 -10476.269695 -1.262811 -10476.898830 -2.078234 0.636570 -0.815424 0.636570 1.647448   1   2  -1 
2455801.526698 8.117245 0.598456 -10477.714254 0.636570 -10476.269695 -1.262811 -10476.898830 -2.078234 0.636570 -0.815424 0.636570 1.647448   1   2  -1 
2455801.531628 8.122175 0.598603 -10478.348482 0.588581 -10476.269695 -1.263078 -10476.898977 -2.712583 0.588581 -1.449505 0.588581 1.647448   1   2  -1 
2455801.531628 8.122175 0.598603 -10478.348482 0.588581 -10476.269695 -1.263078 -10476.898977 -2.712583 0.588581 -1.449505 0.588581 1.647448   1   2  -1 
2455804.632333 11.222880 0.691320 -10479.889141 0.560283 -10476.269695 -1.257626 -10478.140540 -3.006227 0.560283 -1.748601 0.560283 1.647448   1   2  -1 
2455804.632333 11.222880 0.691320 -10479.889141 0.560283 -10476.269695 -1.257626 -10478.140540 -3.006227 0.560283 -1.748601 0.560283 1.647448   1   2  -1 
2455804.637669 11.228216 0.691480 -10479.356651 0.516075 -10476.269695 -1.257306 -10478.143364 -2.470592 0.516075 -1.213287 0.516075 1.647448   1   2  -1 
2455804.637669 11.228216 0.691480 -10479.356651 0.516075 -10476.269695 -1.257306 -10478.143364 -2.470592 0.516075 -1.213287 0.516075 1.647448   1   2  -1 
2455807.626267 14.216814 0.780845 -10477.952953 0.482855 -10476.269695 -0.903394 -10479.900136 1.043789 0.482855 1.947183 0.482855 1.647448   1   2  -1 
2455807.626267 14.216814 0.780845 -10477.952953 0.482855 -10476.269695 -0.903394 -10479.900136 1.043789 0.482855 1.947183 0.482855 1.647448   1   2  -1 
2455807.631162 14.221709 0.780991 -10477.762393 0.443292 -10476.269695 -0.902531 -10479.902846 1.237922 0.443292 2.140453 0.443292 1.647448   1   2  -1 
2455807.631162 14.221709 0.780991 -10477.762393 0.443292 -10476.269695 -0.902531 -10479.902846 1.237922 0.443292 2.140453 0.443292 1.647448   1   2  -1 
2455810.581550 -16.270524 0.869213 -10481.002505 0.377097 -10476.269695 -0.233147 -10479.037261 -2.198391 0.377097 -1.965244 0.377097 1.647448   1   2  -1 
2455810.581550 -16.270524 0.869213 -10481.002505 0.377097 -10476.269695 -0.233147 -10479.037261 -2.198391 0.377097 -1.965244 0.377097 1.647448   1   2  -1 
2455810.586723 -16.265351 0.869368 -10480.282556 0.398696 -10476.269695 -0.231751 -10479.030785 -1.483522 0.398696 -1.251771 0.398696 1.647448   1   2  -1 
2455810.586723 -16.265351 0.869368 -10480.282556 0.398696 -10476.269695 -0.231751 -10479.030785 -1.483522 0.398696 -1.251771 0.398696 1.647448   1   2  -1 
2455816.587002 -10.265072 0.048788 -10476.284284 0.479893 -10476.269695 1.329467 -10476.333625 1.378808 0.479893 0.049341 0.479893 1.647448   1   2  -1 
2455816.587002 -10.265072 0.048788 -10476.284284 0.479893 -10476.269695 1.329467 -10476.333625 1.378808 0.479893 0.049341 0.479893 1.647448   1   2  -1 
2455816.590578 -10.261496 0.048895 -10475.380232 0.444942 -10476.269695 1.330047 -10476.332341 2.282156 0.444942 0.952109 0.444942 1.647448   1   2  -1 
2455816.590578 -10.261496 0.048895 -10475.380232 0.444942 -10476.269695 1.330047 -10476.332341 2.282156 0.444942 0.952109 0.444942 1.647448   1   2  -1 
2455816.594154 -10.257920 0.049002 -10476.257023 0.438232 -10476.269695 1.330626 -10476.331054 1.404657 0.438232 0.074031 0.438232 1.647448   1   2  -1 
2455816.594154 -10.257920 0.049002 -10476.257023 0.438232 -10476.269695 1.330626 -10476.331054 1.404657 0.438232 0.074031 0.438232 1.647448   1   2  -1 
2455834.622073 7.769999 0.588072 -10480.909706 0.288686 -10476.269695 -1.241894 -10479.420199 -2.731400 0.288686 -1.489507 0.288686 1.647448   1   2  -1 
2455834.622073 7.769999 0.588072 -10480.909706 0.288686 -10476.269695 -1.241894 -10479.420199 -2.731400 0.288686 -1.489507 0.288686 1.647448   1   2  -1 
2455834.627593 7.775519 0.588237 -10481.704100 0.288262 -10476.269695 -1.242258 -10479.423427 -3.522931 0.288262 -2.280673 0.288262 1.647448   1   2  -1 
2455834.627593 7.775519 0.588237 -10481.704100 0.288262 -10476.269695 -1.242258 -10479.423427 -3.522931 0.288262 -2.280673 0.288262 1.647448   1   2  -1 
2455836.585712 9.733638 0.646789 -10482.497452 0.340261 -10476.269695 -1.304459 -10480.573091 -3.228820 0.340261 -1.924361 0.340261 1.647448   1   2  -1 
2455836.585712 9.733638 0.646789 -10482.497452 0.340261 -10476.269695 -1.304459 -10480.573091 -3.228820 0.340261 -1.924361 0.340261 1.647448   1   2  -1 
2455836.591440 9.739366 0.646960 -10483.216344 0.339568 -10476.269695 -1.304439 -10480.575810 -3.944973 0.339568 -2.640534 0.339568 1.647448   1   2  -1 
2455836.591440 9.739366 0.646960 -10483.216344 0.339568 -10476.269695 -1.304439 -10480.575810 -3.944973 0.339568 -2.640534 0.339568 1.647448   1   2  -1 
2455839.585007 12.732933 0.736474 -10480.984122 0.455066 -10476.269695 -1.122737 -10479.505713 -2.601146 0.455066 -1.478409 0.455066 1.647448   1   2  -1 
2455839.585007 12.732933 0.736474 -10480.984122 0.455066 -10476.269695 -1.122737 -10479.505713 -2.601146 0.455066 -1.478409 0.455066 1.647448   1   2  -1 
2455839.590794 12.738720 0.736647 -10480.862232 0.459884 -10476.269695 -1.122048 -10479.498972 -2.485308 0.459884 -1.363260 0.459884 1.647448   1   2  -1 
2455839.590794 12.738720 0.736647 -10480.862232 0.459884 -10476.269695 -1.122048 -10479.498972 -2.485308 0.459884 -1.363260 0.459884 1.647448   1   2  -1 
2455842.549547 15.697473 0.825119 -10475.984718 0.533150 -10476.269695 -0.602572 -10476.389316 -0.197975 0.533150 0.404598 0.533150 1.647448   1   2  -1 
2455842.549547 15.697473 0.825119 -10475.984718 0.533150 -10476.269695 -0.602572 -10476.389316 -0.197975 0.533150 0.404598 0.533150 1.647448   1   2  -1 
2455842.555033 15.702959 0.825283 -10475.769563 0.436601 -10476.269695 -0.601317 -10476.385140 0.014260 0.436601 0.615577 0.436601 1.647448   1   2  -1 
2455842.555033 15.702959 0.825283 -10475.769563 0.436601 -10476.269695 -0.601317 -10476.385140 0.014260 0.436601 0.615577 0.436601 1.647448   1   2  -1 
2455845.575633 -14.719063 0.915605 -10472.970844 0.533869 -10476.269695 0.205834 -10474.959378 2.194367 0.533869 1.988534 0.533869 1.647448   1   2  -1 
2455845.575633 -14.719063 0.915605 -10472.970844 0.533869 -10476.269695 0.205834 -10474.959378 2.194367 0.533869 1.988534 0.533869 1.647448   1   2  -1 
2455845.581258 -14.713438 0.915773 -10473.156417 0.461200 -10476.269695 0.207474 -10474.958651 2.009708 0.461200 1.802234 0.461200 1.647448   1   2  -1 
2455845.581258 -14.713438 0.915773 -10473.156417 0.461200 -10476.269695 0.207474 -10474.958651 2.009708 0.461200 1.802234 0.461200 1.647448   1   2  -1 
2455870.498785 10.204089 0.660856 -10481.818484 0.365314 -10476.269695 -1.298722 -10480.093089 -3.024118 0.365314 -1.725395 0.365314 1.647448   1   2  -1 
2455870.498785 10.204089 0.660856 -10481.818484 0.365314 -10476.269695 -1.298722 -10480.093089 -3.024118 0.365314 -1.725395 0.365314 1.647448   1   2  -1 
2455870.504422 10.209726 0.661025 -10481.151885 0.359240 -10476.269695 -1.298603 -10480.087550 -2.362938 0.359240 -1.064335 0.359240 1.647448   1   2  -1 
2455870.504422 10.209726 0.661025 -10481.151885 0.359240 -10476.269695 -1.298603 -10480.087550 -2.362938 0.359240 -1.064335 0.359240 1.647448   1   2  -1 
2455874.532217 14.237521 0.781464 -10477.728868 0.513797 -10476.269695 -0.899735 -10477.349347 -1.279256 0.513797 -0.379521 0.513797 1.647448   1   2  -1 
2455874.532217 14.237521 0.781464 -10477.728868 0.513797 -10476.269695 -0.899735 -10477.349347 -1.279256 0.513797 -0.379521 0.513797 1.647448   1   2  -1 
2455874.537437 14.242741 0.781620 -10475.674380 0.695338 -10476.269695 -0.898810 -10477.348820 0.775629 0.695338 1.674440 0.695338 1.647448   1   2  -1 
2455874.537437 14.242741 0.781620 -10475.674380 0.695338 -10476.269695 -0.898810 -10477.348820 0.775629 0.695338 1.674440 0.695338 1.647448   1   2  -1 
2455878.549549 -15.187768 0.901590 -10474.975638 0.680478 -10476.269695 0.069905 -10477.539975 2.634242 0.680478 2.564337 0.680478 1.647448   1   2  -1 
2455878.549549 -15.187768 0.901590 -10474.975638 0.680478 -10476.269695 0.069905 -10477.539975 2.634242 0.680478 2.564337 0.680478 1.647448   1   2  -1 
2455878.554965 -15.182352 0.901752 -10473.200640 0.660711 -10476.269695 0.071464 -10477.540242 4.411066 0.660711 4.339602 0.660711 1.647448   1   2  -1 
2455878.554965 -15.182352 0.901752 -10473.200640 0.660711 -10476.269695 0.071464 -10477.540242 4.411066 0.660711 4.339602 0.660711 1.647448   1   2  -1 
2456020.892743 -6.615059 0.157931 -10474.892081 0.400252 -10476.269695 1.475071 -10476.598957 3.181947 0.400252 1.706876 0.400252 1.647448   1   2  -1 
2456020.892743 -6.615059 0.157931 -10474.892081 0.400252 -10476.269695 1.475071 -10476.598957 3.181947 0.400252 1.706876 0.400252 1.647448   1   2  -1 
2456020.898160 -6.609642 0.158093 -10474.995167 0.390725 -10476.269695 1.474622 -10476.604760 3.084215 0.390725 1.609593 0.390725 1.647448   1   2  -1 
2456020.898160 -6.609642 0.158093 -10474.995167 0.390725 -10476.269695 1.474622 -10476.604760 3.084215 0.390725 1.609593 0.390725 1.647448   1   2  -1 
2456022.889397 -4.618405 0.217635 -10478.871489 0.497344 -10476.269695 1.200161 -10478.755767 1.084439 0.497344 -0.115722 0.497344 1.647448   1   2  -1 
2456022.889397 -4.618405 0.217635 -10478.871489 0.497344 -10476.269695 1.200161 -10478.755767 1.084439 0.497344 -0.115722 0.497344 1.647448   1   2  -1 
2456022.894884 -4.612918 0.217799 -10479.815426 0.556527 -10476.269695 1.199144 -10478.760973 0.144691 0.556527 -1.054453 0.556527 1.647448   1   2  -1 
2456022.894884 -4.612918 0.217799 -10479.815426 0.556527 -10476.269695 1.199144 -10478.760973 0.144691 0.556527 -1.054453 0.556527 1.647448   1   2  -1 
2456024.891353 -2.616449 0.277497 -10480.979281 0.428656 -10476.269695 0.766136 -10479.368254 -0.844891 0.428656 -1.611027 0.428656 1.647448   1   2  -1 
2456024.891353 -2.616449 0.277497 -10480.979281 0.428656 -10476.269695 0.766136 -10479.368254 -0.844891 0.428656 -1.611027 0.428656 1.647448   1   2  -1 
2456024.897048 -2.610754 0.277667 -10480.604419 0.407038 -10476.269695 0.764766 -10479.365619 -0.474034 0.407038 -1.238800 0.407038 1.647448   1   2  -1 
2456024.897048 -2.610754 0.277667 -10480.604419 0.407038 -10476.269695 0.764766 -10479.365619 -0.474034 0.407038 -1.238800 0.407038 1.647448   1   2  -1 
2456028.922257 1.414455 0.398029 -10477.908590 0.345283 -10476.269695 -0.231239 -10476.207580 -1.932250 0.345283 -1.701010 0.345283 1.647448   1   2  -1 
2456028.922257 1.414455 0.398029 -10477.908590 0.345283 -10476.269695 -0.231239 -10476.207580 -1.932250 0.345283 -1.701010 0.345283 1.647448   1   2  -1 
2456029.892891 2.385089 0.427053 -10478.166891 0.543499 -10476.269695 -0.449606 -10476.170304 -2.446193 0.543499 -1.996587 0.543499 1.647448   1   2  -1 
2456029.892891 2.385089 0.427053 -10478.166891 0.543499 -10476.269695 -0.449606 -10476.170304 -2.446193 0.543499 -1.996587 0.543499 1.647448   1   2  -1 
2456029.898354 2.390552 0.427216 -10478.569496 0.519266 -10476.269695 -0.450786 -10476.171169 -2.849113 0.519266 -2.398327 0.519266 1.647448   1   2  -1 
2456029.898354 2.390552 0.427216 -10478.569496 0.519266 -10476.269695 -0.450786 -10476.171169 -2.849113 0.519266 -2.398327 0.519266 1.647448   1   2  -1 
2456031.852968 4.345166 0.485663 -10477.024746 0.408809 -10476.269695 -0.830096 -10476.965460 -0.889382 0.408809 -0.059286 0.408809 1.647448   1   2  -1 
2456031.852968 4.345166 0.485663 -10477.024746 0.408809 -10476.269695 -0.830096 -10476.965460 -0.889382 0.408809 -0.059286 0.408809 1.647448   1   2  -1 
2456052.857065 -8.093358 0.113727 -10480.793021 0.406318 -10476.269695 1.526238 -10478.970879 -0.295904 0.406318 -1.822142 0.406318 1.647448   1   2  -1 
2456052.857065 -8.093358 0.113727 -10480.793021 0.406318 -10476.269695 1.526238 -10478.970879 -0.295904 0.406318 -1.822142 0.406318 1.647448   1   2  -1 
2456052.862482 -8.087941 0.113889 -10480.156970 0.393840 -10476.269695 1.526322 -10478.969039 0.338391 0.393840 -1.187931 0.393840 1.647448   1   2  -1 
2456052.862482 -8.087941 0.113889 -10480.156970 0.393840 -10476.269695 1.526322 -10478.969039 0.338391 0.393840 -1.187931 0.393840 1.647448   1   2  -1 
2456053.851639 -7.098784 0.143466 -10480.816786 0.437473 -10476.269695 1.507761 -10478.276262 -1.032763 0.437473 -2.540524 0.437473 1.647448   1   2  -1 
2456053.851639 -7.098784 0.143466 -10480.816786 0.437473 -10476.269695 1.507761 -10478.276262 -1.032763 0.437473 -2.540524 0.437473 1.647448   1   2  -1 
2456053.857114 -7.093309 0.143630 -10476.986852 0.414343 -10476.269695 1.507475 -10478.270866 2.791489 0.414343 1.284014 0.414343 1.647448   1   2  -1 
2456053.857114 -7.093309 0.143630 -10476.986852 0.414343 -10476.269695 1.507475 -10478.270866 2.791489 0.414343 1.284014 0.414343 1.647448   1   2  -1 
2456054.839916 -6.110507 0.173018 -10479.578072 0.266506 -10476.269695 1.425635 -10477.184341 -0.968095 0.266506 -2.393731 0.266506 1.647448   1   2  -1 
2456054.839916 -6.110507 0.173018 -10479.578072 0.266506 -10476.269695 1.425635 -10477.184341 -0.968095 0.266506 -2.393731 0.266506 1.647448   1   2  -1 
2456055.886865 -5.063558 0.204324 -10478.308216 0.254853 -10476.269695 1.278483 -10476.060999 -0.968734 0.254853 -2.247217 0.254853 1.647448   1   2  -1 
2456055.886865 -5.063558 0.204324 -10478.308216 0.254853 -10476.269695 1.278483 -10476.060999 -0.968734 0.254853 -2.247217 0.254853 1.647448   1   2  -1 
2456056.818146 -4.132277 0.232171 -10476.145121 0.446651 -10476.269695 1.105681 -10475.342780 0.303340 0.446651 -0.802341 0.446651 1.647448   1   2  -1 
2456056.818146 -4.132277 0.232171 -10476.145121 0.446651 -10476.269695 1.105681 -10475.342780 0.303340 0.446651 -0.802341 0.446651 1.647448   1   2  -1 
2456056.823714 -4.126709 0.232337 -10476.399813 0.406993 -10476.269695 1.104550 -10475.339596 0.044333 0.406993 -1.060217 0.406993 1.647448   1   2  -1 
2456056.823714 -4.126709 0.232337 -10476.399813 0.406993 -10476.269695 1.104550 -10475.339596 0.044333 0.406993 -1.060217 0.406993 1.647448   1   2  -1 
2456078.843392 -15.549652 0.890769 -10475.070920 0.323779 -10476.269695 -0.033497 -10477.367766 2.263349 0.323779 2.296846 0.323779 1.647448   1   2  -1 
2456078.843392 -15.549652 0.890769 -10475.070920 0.323779 -10476.269695 -0.033497 -10477.367766 2.263349 0.323779 2.296846 0.323779 1.647448   1   2  -1 
2456078.849075 -15.543969 0.890939 -10475.406297 0.316487 -10476.269695 -0.031887 -10477.371778 1.933594 0.316487 1.965481 0.316487 1.647448   1   2  -1 
2456078.849075 -15.543969 0.890939 -10475.406297 0.316487 -10476.269695 -0.031887 -10477.371778 1.933594 0.316487 1.965481 0.316487 1.647448   1   2  -1 
2456081.832748 -12.560296 0.980156 -10477.091748 0.398009 -10476.269695 0.822106 -10477.764563 1.494920 0.398009 0.672815 0.398009 1.647448   1   2  -1 
2456081.832748 -12.560296 0.980156 -10477.091748 0.398009 -10476.269695 0.822106 -10477.764563 1.494920 0.398009 0.672815 0.398009 1.647448   1   2  -1 
2456081.838651 -12.554393 0.980333 -10477.350415 0.323723 -10476.269695 0.823683 -10477.759691 1.232959 0.323723 0.409276 0.323723 1.647448   1   2  -1 
2456081.838651 -12.554393 0.980333 -10477.350415 0.323723 -10476.269695 0.823683 -10477.759691 1.232959 0.323723 0.409276 0.323723 1.647448   1   2  -1 
2456085.820521 -8.572523 0.099399 -10474.269371 0.439249 -10476.269695 1.510706 -10473.944318 1.185653 0.439249 -0.325053 0.439249 1.647448   1   2  -1 
2456085.820521 -8.572523 0.099399 -10474.269371 0.439249 -10476.269695 1.510706 -10473.944318 1.185653 0.439249 -0.325053 0.439249 1.647448   1   2  -1 
2456085.826250 -8.566794 0.099570 -10473.694203 0.458936 -10476.269695 1.510987 -10473.940620 1.757404 0.458936 0.246417 0.458936 1.647448   1   2  -1 
2456085.826250 -8.566794 0.099570 -10473.694203 0.458936 -10476.269695 1.510987 -10473.940620 1.757404 0.458936 0.246417 0.458936 1.647448   1   2  -1 
2456088.742747 -5.650297 0.186779 -10472.336592 0.274700 -10476.269695 1.367895 -10472.865346 1.896649 0.274700 0.528754 0.274700 1.647448   1   2  -1 
2456088.742747 -5.650297 0.186779 -10472.336592 0.274700 -10476.269695 1.367895 -10472.865346 1.896649 0.274700 0.528754 0.274700 1.647448   1   2  -1 
2456092.900369 -1.492675 0.311100 -10477.981567 0.314413 -10476.269695 0.488265 -10475.619631 -1.873672 0.314413 -2.361936 0.314413 1.647448   1   2  -1 
2456092.900369 -1.492675 0.311100 -10477.981567 0.314413 -10476.269695 0.488265 -10475.619631 -1.873672 0.314413 -2.361936 0.314413 1.647448   1   2  -1 
2456115.815540 -12.020125 0.996309 -10474.774807 0.388096 -10476.269695 0.961928 -10472.454233 -1.358646 0.388096 -2.320574 0.388096 1.647448   1   2  -1 
2456115.815540 -12.020125 0.996309 -10474.774807 0.388096 -10476.269695 0.961928 -10472.454233 -1.358646 0.388096 -2.320574 0.388096 1.647448   1   2  -1 
2456118.809984 -9.025681 0.085848 -10471.978956 0.256427 -10476.269695 1.481216 -10473.060969 2.563229 0.256427 1.082013 0.256427 1.647448   1   2  -1 
2456118.809984 -9.025681 0.085848 -10471.978956 0.256427 -10476.269695 1.481216 -10473.060969 2.563229 0.256427 1.082013 0.256427 1.647448   1   2  -1 
2456121.820367 -6.015298 0.175865 -10475.055286 0.705930 -10476.269695 1.414645 -10475.370922 1.730280 0.705930 0.315636 0.705930 1.647448   1   2  -1 
2456121.820367 -6.015298 0.175865 -10475.055286 0.705930 -10476.269695 1.414645 -10475.370922 1.730280 0.705930 0.315636 0.705930 1.647448   1   2  -1 
2456149.686124 -11.592162 0.009106 -10478.886301 0.422505 -10476.269695 1.065147 -10476.680369 -1.140785 0.422505 -2.205932 0.422505 1.647448   1   2  -1 
2456149.686124 -11.592162 0.009106 -10478.886301 0.422505 -10476.269695 1.065147 -10476.680369 -1.140785 0.422505 -2.205932 0.422505 1.647448   1   2  -1 
2456154.723489 -6.554797 0.159733 -10473.222066 0.432559 -10476.269695 1.469969 -10474.162215 2.410118 0.432559 0.940149 0.432559 1.647448   1   2  -1 
2456154.723489 -6.554797 0.159733 -10473.222066 0.432559 -10476.269695 1.469969 -10474.162215 2.410118 0.432559 0.940149 0.432559 1.647448   1   2  -1 
2456154.728442 -6.549844 0.159881 -10472.383548 0.640869 -10476.269695 1.469540 -10474.157767 3.243760 0.640869 1.774219 0.640869 1.647448   1   2  -1 
2456154.728442 -6.549844 0.159881 -10472.383548 0.640869 -10476.269695 1.469540 -10474.157767 3.243760 0.640869 1.774219 0.640869 1.647448   1   2  -1 
2456166.527551 5.249265 0.512697 -10482.638275 0.322758 -10476.269695 -0.972812 -10480.244453 -3.366634 0.322758 -2.393822 0.322758 1.647448   1   2  -1 
2456166.527551 5.249265 0.512697 -10482.638275 0.322758 -10476.269695 -0.972812 -10480.244453 -3.366634 0.322758 -2.393822 0.322758 1.647448   1   2  -1 
2456168.609469 7.331183 0.574951 -10483.235121 0.485702 -10476.269695 -1.209640 -10479.890188 -4.554573 0.485702 -3.344933 0.485702 1.647448   1   2  -1 
2456168.609469 7.331183 0.574951 -10483.235121 0.485702 -10476.269695 -1.209640 -10479.890188 -4.554573 0.485702 -3.344933 0.485702 1.647448   1   2  -1 
2456168.615105 7.336819 0.575119 -10482.078140 0.428978 -10476.269695 -1.210095 -10479.884862 -3.403372 0.428978 -2.193278 0.428978 1.647448   1   2  -1 
2456168.615105 7.336819 0.575119 -10482.078140 0.428978 -10476.269695 -1.210095 -10479.884862 -3.403372 0.428978 -2.193278 0.428978 1.647448   1   2  -1 
2456171.510563 10.232277 0.661699 -10477.310953 0.261955 -10476.269695 -1.298116 -10476.819405 -1.789664 0.261955 -0.491548 0.261955 1.647448   1   2  -1 
2456171.510563 10.232277 0.661699 -10477.310953 0.261955 -10476.269695 -1.298116 -10476.819405 -1.789664 0.261955 -0.491548 0.261955 1.647448   1   2  -1 
2456173.694840 12.416554 0.727013 -10472.314153 0.435027 -10476.269695 -1.158397 -10476.071905 2.599356 0.435027 3.757752 0.435027 1.647448   1   2  -1 
2456173.694840 12.416554 0.727013 -10472.314153 0.435027 -10476.269695 -1.158397 -10476.071905 2.599356 0.435027 3.757752 0.435027 1.647448   1   2  -1 
2456181.612869 -13.108038 0.963778 -10475.571527 0.304713 -10476.269695 0.671875 -10477.761805 2.862154 0.304713 2.190278 0.304713 1.647448   1   2  -1 
2456181.612869 -13.108038 0.963778 -10475.571527 0.304713 -10476.269695 0.671875 -10477.761805 2.862154 0.304713 2.190278 0.304713 1.647448   1   2  -1 
2456186.623747 -8.097160 0.113613 -10470.871523 0.269145 -10476.269695 1.526179 -10472.768873 3.423529 0.269145 1.897350 0.269145 1.647448   1   2  -1 
2456186.623747 -8.097160 0.113613 -10470.871523 0.269145 -10476.269695 1.526179 -10472.768873 3.423529 0.269145 1.897350 0.269145 1.647448   1   2  -1 
2456189.666838 -5.054069 0.204607 -10471.752751 0.854916 -10476.269695 1.276903 -10472.647731 2.171883 0.854916 0.894980 0.854916 1.647448   1   2  -1 
2456189.666838 -5.054069 0.204607 -10471.752751 0.854916 -10476.269695 1.276903 -10472.647731 2.171883 0.854916 0.894980 0.854916 1.647448   1   2  -1 
2456190.592865 -4.128042 0.232297 -10474.982002 0.436640 -10476.269695 1.104821 -10473.246189 -0.630992 0.436640 -1.735813 0.436640 1.647448   1   2  -1 
2456190.592865 -4.128042 0.232297 -10474.982002 0.436640 -10476.269695 1.104821 -10473.246189 -0.630992 0.436640 -1.735813 0.436640 1.647448   1   2  -1 
2456190.598548 -4.122359 0.232467 -10475.915820 0.410184 -10476.269695 1.103666 -10473.250862 -1.561293 0.410184 -2.664958 0.410184 1.647448   1   2  -1 
2456190.598548 -4.122359 0.232467 -10475.915820 0.410184 -10476.269695 1.103666 -10473.250862 -1.561293 0.410184 -2.664958 0.410184 1.647448   1   2  -1 
2456195.586272 0.865365 0.381610 -10476.324229 0.455921 -10476.269695 -0.100956 -10476.456173 0.030988 0.455921 0.131944 0.455921 1.647448   1   2  -1 
2456195.586272 0.865365 0.381610 -10476.324229 0.455921 -10476.269695 -0.100956 -10476.456173 0.030988 0.455921 0.131944 0.455921 1.647448   1   2  -1 
2456195.591793 0.870886 0.381775 -10476.833989 0.456503 -10476.269695 -0.102287 -10476.454970 -0.481305 0.456503 -0.379019 0.456503 1.647448   1   2  -1 
2456195.591793 0.870886 0.381775 -10476.833989 0.456503 -10476.269695 -0.102287 -10476.454970 -0.481305 0.456503 -0.379019 0.456503 1.647448   1   2  -1 
2456198.564091 3.843184 0.470653 -10469.851121 0.593173 -10476.269695 -0.741414 -10474.979752 4.387217 0.593173 5.128631 0.593173 1.647448   1   2  -1 
2456198.564091 3.843184 0.470653 -10469.851121 0.593173 -10476.269695 -0.741414 -10474.979752 4.387217 0.593173 5.128631 0.593173 1.647448   1   2  -1 
2456198.569866 3.848959 0.470825 -10469.520142 0.625422 -10476.269695 -0.742471 -10474.976646 4.714033 0.625422 5.456504 0.625422 1.647448   1   2  -1 
2456198.569866 3.848959 0.470825 -10469.520142 0.625422 -10476.269695 -0.742471 -10474.976646 4.714033 0.625422 5.456504 0.625422 1.647448   1   2  -1 
2456204.547188 9.826281 0.649559 -10474.005151 0.390830 -10476.269695 -1.303981 -10475.597760 0.288628 0.390830 1.592609 0.390830 1.647448   1   2  -1 
2456204.547188 9.826281 0.649559 -10474.005151 0.390830 -10476.269695 -1.303981 -10475.597760 0.288628 0.390830 1.592609 0.390830 1.647448   1   2  -1 
2456205.523197 10.802290 0.678744 -10476.331744 0.223735 -10476.269695 -1.279399 -10476.288173 -1.322970 0.223735 -0.043571 0.223735 1.647448   1   2  -1 
2456205.523197 10.802290 0.678744 -10476.331744 0.223735 -10476.269695 -1.279399 -10476.288173 -1.322970 0.223735 -0.043571 0.223735 1.647448   1   2  -1 
2456208.615737 13.894830 0.771217 -10479.274458 0.471028 -10476.269695 -0.958203 -10477.806719 -2.425942 0.471028 -1.467739 0.471028 1.647448   1   2  -1 
2456208.615737 13.894830 0.771217 -10479.274458 0.471028 -10476.269695 -0.958203 -10477.806719 -2.425942 0.471028 -1.467739 0.471028 1.647448   1   2  -1 
2456209.540800 14.819893 0.798878 -10475.726000 0.526879 -10476.269695 -0.790305 -10477.887853 1.371548 0.526879 2.161853 0.526879 1.647448   1   2  -1 
2456209.540800 14.819893 0.798878 -10475.726000 0.526879 -10476.269695 -0.790305 -10477.887853 1.371548 0.526879 2.161853 0.526879 1.647448   1   2  -1 
2456210.532155 15.811248 0.828521 -10475.727704 0.432092 -10476.269695 -0.576337 -10477.280349 0.976307 0.432092 1.552645 0.432092 1.647448   1   2  -1 
2456210.532155 15.811248 0.828521 -10475.727704 0.432092 -10476.269695 -0.576337 -10477.280349 0.976307 0.432092 1.552645 0.432092 1.647448   1   2  -1 
2456212.523498 -15.640031 0.888066 -10470.032065 0.239792 -10476.269695 -0.059036 -10474.363298 4.272198 0.239792 4.331233 0.239792 1.647448   1   2  -1 
2456212.523498 -15.640031 0.888066 -10470.032065 0.239792 -10476.269695 -0.059036 -10474.363298 4.272198 0.239792 4.331233 0.239792 1.647448   1   2  -1 
2456217.523649 -10.639880 0.037581 -10469.768240 0.370476 -10476.269695 1.264475 -10470.262749 1.758984 0.370476 0.494509 0.370476 1.647448   1   2  -1 
2456217.523649 -10.639880 0.037581 -10469.768240 0.370476 -10476.269695 1.264475 -10470.262749 1.758984 0.370476 0.494509 0.370476 1.647448   1   2  -1 
2456217.529482 -10.634047 0.037755 -10468.041405 0.361734 -10476.269695 1.265549 -10470.262928 3.487072 0.361734 2.221523 0.361734 1.647448   1   2  -1 
2456217.529482 -10.634047 0.037755 -10468.041405 0.361734 -10476.269695 1.265549 -10470.262928 3.487072 0.361734 2.221523 0.361734 1.647448   1   2  -1 
2456218.587951 -9.575578 0.069405 -10468.491163 0.391645 -10476.269695 1.426404 -10470.445513 3.380753 0.391645 1.954350 0.391645 1.647448   1   2  -1 
2456218.587951 -9.575578 0.069405 -10468.491163 0.391645 -10476.269695 1.426404 -10470.445513 3.380753 0.391645 1.954350 0.391645 1.647448   1   2  -1 
2456219.500319 -8.663210 0.096687 -10469.245686 0.247828 -10476.269695 1.505953 -10470.855295 3.115562 0.247828 1.609609 0.247828 1.647448   1   2  -1 
2456219.500319 -8.663210 0.096687 -10469.245686 0.247828 -10476.269695 1.505953 -10470.855295 3.115562 0.247828 1.609609 0.247828 1.647448   1   2  -1 
2456220.491327 -7.672202 0.126320 -10472.137625 0.391613 -10476.269695 1.526656 -10471.576923 0.965954 0.391613 -0.560702 0.391613 1.647448   1   2  -1 
2456220.491327 -7.672202 0.126320 -10472.137625 0.391613 -10476.269695 1.526656 -10471.576923 0.965954 0.391613 -0.560702 0.391613 1.647448   1   2  -1 
2456220.514069 -7.649460 0.127000 -10472.572915 0.320320 -10476.269695 1.526330 -10471.596648 0.550063 0.320320 -0.976267 0.320320 1.647448   1   2  -1 
2456220.514069 -7.649460 0.127000 -10472.572915 0.320320 -10476.269695 1.526330 -10471.596648 0.550063 0.320320 -0.976267 0.320320 1.647448   1   2  -1 
2456409.867093 14.490458 0.789027 -10475.673600 0.617333 -10476.269695 -0.853745 -10475.092701 -1.434644 0.617333 -0.580899 0.617333 1.647448   1   2  -1 
2456409.867093 14.490458 0.789027 -10475.673600 0.617333 -10476.269695 -0.853745 -10475.092701 -1.434644 0.617333 -0.580899 0.617333 1.647448   1   2  -1 
2456409.872719 14.496084 0.789195 -10476.137178 0.595203 -10476.269695 -0.852695 -10475.092273 -1.897600 0.595203 -1.044905 0.595203 1.647448   1   2  -1 
2456409.872719 14.496084 0.789195 -10476.137178 0.595203 -10476.269695 -0.852695 -10475.092273 -1.897600 0.595203 -1.044905 0.595203 1.647448   1   2  -1 
2456410.795661 15.419026 0.816793 -10473.625918 3.271074 -10476.269695 -0.664991 -10475.208289 0.917380 3.271074 1.582371 3.271074 1.647448   1   2  -1 
2456410.795661 15.419026 0.816793 -10473.625918 3.271074 -10476.269695 -0.664991 -10475.208289 0.917380 3.271074 1.582371 3.271074 1.647448   1   2  -1 
2456410.804261 15.427626 0.817050 -10469.468381 2.427430 -10476.269695 -0.663102 -10475.210791 5.079308 2.427430 5.742410 2.427430 1.647448   1   2  -1 
2456410.804261 15.427626 0.817050 -10469.468381 2.427430 -10476.269695 -0.663102 -10475.210791 5.079308 2.427430 5.742410 2.427430 1.647448   1   2  -1 
2456416.824768 -11.994488 0.997075 -10472.302186 0.550392 -10476.269695 0.968315 -10471.618383 0.284512 0.550392 -0.683803 0.550392 1.647448   1   2  -1 
2456416.824768 -11.994488 0.997075 -10472.302186 0.550392 -10476.269695 0.968315 -10471.618383 0.284512 0.550392 -0.683803 0.550392 1.647448   1   2  -1 
2456416.828565 -11.990691 0.997189 -10470.986675 0.545862 -10476.269695 0.969259 -10471.617729 1.600313 0.545862 0.631054 0.545862 1.647448   1   2  -1 
2456416.828565 -11.990691 0.997189 -10470.986675 0.545862 -10476.269695 0.969259 -10471.617729 1.600313 0.545862 0.631054 0.545862 1.647448   1   2  -1 
2456416.832443 -11.986813 0.997305 -10471.882453 0.566830 -10476.269695 0.970222 -10471.617075 0.704844 0.566830 -0.265378 0.566830 1.647448   1   2  -1 
2456416.832443 -11.986813 0.997305 -10471.882453 0.566830 -10476.269695 0.970222 -10471.617075 0.704844 0.566830 -0.265378 0.566830 1.647448   1   2  -1 
2456432.884915 4.065659 0.477305 -10474.962361 0.393986 -10476.269695 -0.781516 -10475.290994 -0.452883 0.393986 0.328633 0.393986 1.647448   1   2  -1 
2456432.884915 4.065659 0.477305 -10474.962361 0.393986 -10476.269695 -0.781516 -10475.290994 -0.452883 0.393986 0.328633 0.393986 1.647448   1   2  -1 
2456432.890124 4.070868 0.477461 -10475.372110 0.450803 -10476.269695 -0.782440 -10475.292609 -0.861941 0.450803 -0.079501 0.450803 1.647448   1   2  -1 
2456432.890124 4.070868 0.477461 -10475.372110 0.450803 -10476.269695 -0.782440 -10475.292609 -0.861941 0.450803 -0.079501 0.450803 1.647448   1   2  -1 
2456433.905268 5.086012 0.507816 -10472.852948 0.738644 -10476.269695 -0.948725 -10475.698742 1.897070 0.738644 2.845794 0.738644 1.647448   1   2  -1 
2456433.905268 5.086012 0.507816 -10472.852948 0.738644 -10476.269695 -0.948725 -10475.698742 1.897070 0.738644 2.845794 0.738644 1.647448   1   2  -1 
2456433.910395 5.091139 0.507969 -10474.512391 0.801539 -10476.269695 -0.949493 -10475.701360 0.239477 0.801539 1.188969 0.801539 1.647448   1   2  -1 
2456433.910395 5.091139 0.507969 -10474.512391 0.801539 -10476.269695 -0.949493 -10475.701360 0.239477 0.801539 1.188969 0.801539 1.647448   1   2  -1 
2456434.892458 6.073202 0.537335 -10475.434897 0.484791 -10476.269695 -1.082506 -10476.324399 -0.193003 0.484791 0.889502 0.484791 1.647448   1   2  -1 
2456434.892458 6.073202 0.537335 -10475.434897 0.484791 -10476.269695 -1.082506 -10476.324399 -0.193003 0.484791 0.889502 0.484791 1.647448   1   2  -1 
2456434.898129 6.078873 0.537504 -10474.106533 0.468854 -10476.269695 -1.083190 -10476.328671 1.138948 0.468854 2.222138 0.468854 1.647448   1   2  -1 
2456434.898129 6.078873 0.537504 -10474.106533 0.468854 -10476.269695 -1.083190 -10476.328671 1.138948 0.468854 2.222138 0.468854 1.647448   1   2  -1 
2456437.889188 9.069932 0.626943 -10477.501611 0.400790 -10476.269695 -1.298680 -10478.381743 -0.418549 0.400790 0.880132 0.400790 1.647448   1   2  -1 
2456437.889188 9.069932 0.626943 -10477.501611 0.400790 -10476.269695 -1.298680 -10478.381743 -0.418549 0.400790 0.880132 0.400790 1.647448   1   2  -1 
2456437.894720 9.075464 0.627108 -10477.202903 0.367888 -10476.269695 -1.298795 -10478.382154 -0.119544 0.367888 1.179251 0.367888 1.647448   1   2  -1 
2456437.894720 9.075464 0.627108 -10477.202903 0.367888 -10476.269695 -1.298795 -10478.382154 -0.119544 0.367888 1.179251 0.367888 1.647448   1   2  -1 
2456438.860772 10.041516 0.655995 -10477.416873 0.320407 -10476.269695 -1.301639 -10478.076705 -0.641806 0.320407 0.659832 0.320407 1.647448   1   2  -1 
2456438.860772 10.041516 0.655995 -10477.416873 0.320407 -10476.269695 -1.301639 -10478.076705 -0.641806 0.320407 0.659832 0.320407 1.647448   1   2  -1 
2456441.860316 13.041060 0.745687 -10477.889690 0.423142 -10476.269695 -1.084231 -10474.715789 -4.258132 0.423142 -3.173901 0.423142 1.647448   1   2  -1 
2456441.860316 13.041060 0.745687 -10477.889690 0.423142 -10476.269695 -1.084231 -10474.715789 -4.258132 0.423142 -3.173901 0.423142 1.647448   1   2  -1 
2456454.832361 -7.429516 0.133577 -10475.281861 0.354619 -10476.269695 1.521357 -10474.942122 1.181618 0.354619 -0.339739 0.354619 1.647448   1   2  -1 
2456454.832361 -7.429516 0.133577 -10475.281861 0.354619 -10476.269695 1.521357 -10474.942122 1.181618 0.354619 -0.339739 0.354619 1.647448   1   2  -1 
2456454.837894 -7.423983 0.133742 -10474.118452 0.355826 -10476.269695 1.521190 -10474.937185 2.339923 0.355826 0.818733 0.355826 1.647448   1   2  -1 
2456454.837894 -7.423983 0.133742 -10474.118452 0.355826 -10476.269695 1.521190 -10474.937185 2.339923 0.355826 0.818733 0.355826 1.647448   1   2  -1 
2456467.823190 5.561313 0.522028 -10478.702475 0.627828 -10476.269695 -1.016717 -10477.602220 -2.116972 0.627828 -1.100255 0.627828 1.647448   1   2  -1 
2456467.823190 5.561313 0.522028 -10478.702475 0.627828 -10476.269695 -1.016717 -10477.602220 -2.116972 0.627828 -1.100255 0.627828 1.647448   1   2  -1 
2456467.826929 5.565052 0.522140 -10477.017285 0.556688 -10476.269695 -1.017226 -10477.598463 -0.436048 0.556688 0.581178 0.556688 1.647448   1   2  -1 
2456467.826929 5.565052 0.522140 -10477.017285 0.556688 -10476.269695 -1.017226 -10477.598463 -0.436048 0.556688 0.581178 0.556688 1.647448   1   2  -1 
2456467.830702 5.568825 0.522253 -10477.517838 0.592918 -10476.269695 -1.017739 -10477.594662 -0.940915 0.592918 0.076824 0.592918 1.647448   1   2  -1 
2456467.830702 5.568825 0.522253 -10477.517838 0.592918 -10476.269695 -1.017739 -10477.594662 -0.940915 0.592918 0.076824 0.592918 1.647448   1   2  -1 
2456473.860840 11.598963 0.702566 -10476.447652 0.525661 -10476.269695 -1.232364 -10474.729904 -2.950112 0.525661 -1.717748 0.525661 1.647448   1   2  -1 
2456473.860840 11.598963 0.702566 -10476.447652 0.525661 -10476.269695 -1.232364 -10474.729904 -2.950112 0.525661 -1.717748 0.525661 1.647448   1   2  -1 
2456473.864821 11.602944 0.702685 -10476.577531 0.508451 -10476.269695 -1.232067 -10474.727926 -3.081672 0.508451 -1.849605 0.508451 1.647448   1   2  -1 
2456473.864821 11.602944 0.702685 -10476.577531 0.508451 -10476.269695 -1.232067 -10474.727926 -3.081672 0.508451 -1.849605 0.508451 1.647448   1   2  -1 
2456473.868595 11.606718 0.702798 -10477.152422 0.549460 -10476.269695 -1.231785 -10474.726048 -3.658159 0.549460 -2.426374 0.549460 1.647448   1   2  -1 
2456473.868595 11.606718 0.702798 -10477.152422 0.549460 -10476.269695 -1.231785 -10474.726048 -3.658159 0.549460 -2.426374 0.549460 1.647448   1   2  -1 
2456480.776552 -14.927946 0.909359 -10477.791088 0.498216 -10476.269695 0.145045 -10477.001363 -0.644680 0.498216 -0.789725 0.498216 1.647448   1   2  -1 
2456480.776552 -14.927946 0.909359 -10477.791088 0.498216 -10476.269695 0.145045 -10477.001363 -0.644680 0.498216 -0.789725 0.498216 1.647448   1   2  -1 
2456480.782281 -14.922217 0.909530 -10479.026503 0.462663 -10476.269695 0.146709 -10476.999426 -1.880368 0.462663 -2.027077 0.462663 1.647448   1   2  -1 
2456480.782281 -14.922217 0.909530 -10479.026503 0.462663 -10476.269695 0.146709 -10476.999426 -1.880368 0.462663 -2.027077 0.462663 1.647448   1   2  -1 
2456481.631506 -14.072992 0.934924 -10479.243238 0.620379 -10476.269695 0.394617 -10476.394816 -2.453806 0.620379 -2.848422 0.620379 1.647448   1   2  -1 
2456481.631506 -14.072992 0.934924 -10479.243238 0.620379 -10476.269695 0.394617 -10476.394816 -2.453806 0.620379 -2.848422 0.620379 1.647448   1   2  -1 
2456481.637189 -14.067309 0.935094 -10479.719427 0.629706 -10476.269695 0.396275 -10476.388850 -2.934302 0.629706 -3.330577 0.629706 1.647448   1   2  -1 
2456481.637189 -14.067309 0.935094 -10479.719427 0.629706 -10476.269695 0.396275 -10476.388850 -2.934302 0.629706 -3.330577 0.629706 1.647448   1   2  -1 
2456501.599929 5.895431 0.532019 -10471.824389 0.315832 -10476.269695 -1.060550 -10473.297174 0.412235 0.315832 1.472785 0.315832 1.647448   1   2  -1 
2456501.599929 5.895431 0.532019 -10471.824389 0.315832 -10476.269695 -1.060550 -10473.297174 0.412235 0.315832 1.472785 0.315832 1.647448   1   2  -1 
2456523.744316 -5.402803 0.194180 -10476.503679 0.283739 -10476.269695 1.332227 -10476.652852 1.481400 0.283739 0.149173 0.283739 1.647448   1   2  -1 
2456523.744316 -5.402803 0.194180 -10476.503679 0.283739 -10476.269695 1.332227 -10476.652852 1.481400 0.283739 0.149173 0.283739 1.647448   1   2  -1 
2456524.691276 -4.455843 0.222496 -10475.914483 0.351566 -10476.269695 1.169541 -10476.416006 1.671065 0.351566 0.501523 0.351566 1.647448   1   2  -1 
2456524.691276 -4.455843 0.222496 -10475.914483 0.351566 -10476.269695 1.169541 -10476.416006 1.671065 0.351566 0.501523 0.351566 1.647448   1   2  -1 
2456524.696693 -4.450426 0.222657 -10476.491657 0.358347 -10476.269695 1.168504 -10476.412181 1.089028 0.358347 -0.079476 0.358347 1.647448   1   2  -1 
2456524.696693 -4.450426 0.222657 -10476.491657 0.358347 -10476.269695 1.168504 -10476.412181 1.089028 0.358347 -0.079476 0.358347 1.647448   1   2  -1 
2456525.743740 -3.403379 0.253966 -10476.578898 0.318867 -10476.269695 0.949511 -10475.359062 -0.270325 0.318867 -1.219836 0.318867 1.647448   1   2  -1 
2456525.743740 -3.403379 0.253966 -10476.578898 0.318867 -10476.269695 0.949511 -10475.359062 -0.270325 0.318867 -1.219836 0.318867 1.647448   1   2  -1 
2456569.534062 6.944321 0.563383 -10476.206904 0.538465 -10476.269695 -1.175928 -10474.920355 -2.462477 0.538465 -1.286549 0.538465 1.647448   1   2  -1 
2456569.534062 6.944321 0.563383 -10476.206904 0.538465 -10476.269695 -1.175928 -10474.920355 -2.462477 0.538465 -1.286549 0.538465 1.647448   1   2  -1 
2456585.564665 -10.467697 0.042729 -10473.765867 0.427831 -10476.269695 1.295356 -10474.095335 1.624824 0.427831 0.329468 0.427831 1.647448   1   2  -1 
2456585.564665 -10.467697 0.042729 -10473.765867 0.427831 -10476.269695 1.295356 -10474.095335 1.624824 0.427831 0.329468 0.427831 1.647448   1   2  -1 
2456585.568473 -10.463889 0.042843 -10475.180778 0.414412 -10476.269695 1.296019 -10474.091478 0.206719 0.414412 -1.089300 0.414412 1.647448   1   2  -1 
2456585.568473 -10.463889 0.042843 -10475.180778 0.414412 -10476.269695 1.296019 -10474.091478 0.206719 0.414412 -1.089300 0.414412 1.647448   1   2  -1 
2456585.572350 -10.460012 0.042959 -10474.743998 0.423051 -10476.269695 1.296694 -10474.087553 0.640249 0.423051 -0.656445 0.423051 1.647448   1   2  -1 
2456585.572350 -10.460012 0.042959 -10474.743998 0.423051 -10476.269695 1.296694 -10474.087553 0.640249 0.423051 -0.656445 0.423051 1.647448   1   2  -1 
2456586.547688 -9.484674 0.072124 -10474.360620 0.464286 -10476.269695 1.436878 -10473.220077 0.296334 0.464286 -1.140543 0.464286 1.647448   1   2  -1 
2456586.547688 -9.484674 0.072124 -10474.360620 0.464286 -10476.269695 1.436878 -10473.220077 0.296334 0.464286 -1.140543 0.464286 1.647448   1   2  -1 
2456586.551530 -9.480832 0.072239 -10474.580572 0.496503 -10476.269695 1.437308 -10473.217254 0.073990 0.496503 -1.363318 0.496503 1.647448   1   2  -1 
2456586.551530 -9.480832 0.072239 -10474.580572 0.496503 -10476.269695 1.437308 -10473.217254 0.073990 0.496503 -1.363318 0.496503 1.647448   1   2  -1 
2456586.555442 -9.476920 0.072355 -10475.256026 0.515154 -10476.269695 1.437745 -10473.214385 -0.603896 0.515154 -2.041641 0.515154 1.647448   1   2  -1 
2456586.555442 -9.476920 0.072355 -10475.256026 0.515154 -10476.269695 1.437745 -10473.214385 -0.603896 0.515154 -2.041641 0.515154 1.647448   1   2  -1 
2456590.510961 -5.521401 0.190633 -10473.364197 0.683759 -10476.269695 1.349705 -10472.750547 0.736055 0.683759 -0.613650 0.683759 1.647448   1   2  -1 
2456590.510961 -5.521401 0.190633 -10473.364197 0.683759 -10476.269695 1.349705 -10472.750547 0.736055 0.683759 -0.613650 0.683759 1.647448   1   2  -1 
2456590.514943 -5.517419 0.190752 -10471.788641 0.761395 -10476.269695 1.349129 -10472.750874 2.311362 0.761395 0.962233 0.761395 1.647448   1   2  -1 
2456590.514943 -5.517419 0.190752 -10471.788641 0.761395 -10476.269695 1.349129 -10472.750874 2.311362 0.761395 0.962233 0.761395 1.647448   1   2  -1 
2456590.518611 -5.513751 0.190862 -10472.177822 0.643858 -10476.269695 1.348599 -10472.751174 1.921950 0.643858 0.573352 0.643858 1.647448   1   2  -1 
2456590.518611 -5.513751 0.190862 -10472.177822 0.643858 -10476.269695 1.348599 -10472.751174 1.921950 0.643858 0.573352 0.643858 1.647448   1   2  -1 
2456765.917789 2.672321 0.435642 -10478.736988 0.356105 -10476.269695 -0.510804 -10477.883162 -1.364629 0.356105 -0.853826 0.356105 1.647448   1   2  -1 
2456765.917789 2.672321 0.435642 -10478.736988 0.356105 -10476.269695 -0.510804 -10477.883162 -1.364629 0.356105 -0.853826 0.356105 1.647448   1   2  -1 
2456765.923021 2.677553 0.435798 -10479.356033 0.359343 -10476.269695 -0.511903 -10477.886224 -1.981712 0.359343 -1.469809 0.359343 1.647448   1   2  -1 
2456765.923021 2.677553 0.435798 -10479.356033 0.359343 -10476.269695 -0.511903 -10477.886224 -1.981712 0.359343 -1.469809 0.359343 1.647448   1   2  -1 
2456789.854143 -6.833946 0.151386 -10471.510093 0.391560 -10476.269695 1.491706 -10471.148407 1.130020 0.391560 -0.361686 0.391560 1.647448   1   2  -1 
2456789.854143 -6.833946 0.151386 -10471.510093 0.391560 -10476.269695 1.491706 -10471.148407 1.130020 0.391560 -0.361686 0.391560 1.647448   1   2  -1 
2456789.859722 -6.828367 0.151552 -10471.639643 0.405092 -10476.269695 1.491320 -10471.148843 1.000519 0.405092 -0.490800 0.405092 1.647448   1   2  -1 
2456789.859722 -6.828367 0.151552 -10471.639643 0.405092 -10476.269695 1.491320 -10471.148843 1.000519 0.405092 -0.490800 0.405092 1.647448   1   2  -1 
2456806.890179 10.202090 0.660796 -10477.728101 0.424327 -10476.269695 -1.298764 -10476.268394 -2.758471 0.424327 -1.459707 0.424327 1.647448   1   2  -1 
2456806.890179 10.202090 0.660796 -10477.728101 0.424327 -10476.269695 -1.298764 -10476.268394 -2.758471 0.424327 -1.459707 0.424327 1.647448   1   2  -1 
2456829.893363 -0.237347 0.348637 -10474.769093 0.272363 -10476.269695 0.171128 -10473.600002 -0.997963 0.272363 -1.169091 0.272363 1.647448   1   2  -1 
2456829.893363 -0.237347 0.348637 -10474.769093 0.272363 -10476.269695 0.171128 -10473.600002 -0.997963 0.272363 -1.169091 0.272363 1.647448   1   2  -1 
2456857.748704 -5.824627 0.181566 -10473.725387 0.458440 -10476.269695 1.391119 -10472.873665 0.539398 0.458440 -0.851722 0.458440 1.647448   1   2  -1 
2456857.748704 -5.824627 0.181566 -10473.725387 0.458440 -10476.269695 1.391119 -10472.873665 0.539398 0.458440 -0.851722 0.458440 1.647448   1   2  -1 
2456857.754433 -5.818898 0.181737 -10473.163228 0.448012 -10476.269695 1.390382 -10472.871015 1.098169 0.448012 -0.292213 0.448012 1.647448   1   2  -1 
2456857.754433 -5.818898 0.181737 -10473.163228 0.448012 -10476.269695 1.390382 -10472.871015 1.098169 0.448012 -0.292213 0.448012 1.647448   1   2  -1 
2456866.784629 3.211298 0.451758 -10479.134302 0.372433 -10476.269695 -0.620886 -10478.826185 -0.929003 0.372433 -0.308117 0.372433 1.647448   1   2  -1 
2456866.784629 3.211298 0.451758 -10479.134302 0.372433 -10476.269695 -0.620886 -10478.826185 -0.929003 0.372433 -0.308117 0.372433 1.647448   1   2  -1 
2456896.727940 -0.288012 0.347122 -10476.588857 0.526898 -10476.269695 0.183861 -10475.379764 -1.025232 0.526898 -1.209093 0.526898 1.647448   1   2  -1 
2456896.727940 -0.288012 0.347122 -10476.588857 0.526898 -10476.269695 0.183861 -10475.379764 -1.025232 0.526898 -1.209093 0.526898 1.647448   1   2  -1 
2456896.733287 -0.282665 0.347282 -10476.057196 0.651138 -10476.269695 0.182517 -10475.373616 -0.501064 0.651138 -0.683580 0.651138 1.647448   1   2  -1 
2456896.733287 -0.282665 0.347282 -10476.057196 0.651138 -10476.269695 0.182517 -10475.373616 -0.501064 0.651138 -0.683580 0.651138 1.647448   1   2  -1 
2457146.919889 15.805588 0.828352 -10475.918297 0.272209 -10476.269695 -0.577652 -10472.818953 -3.676997 0.272209 -3.099344 0.272209 1.647448   1   2  -1 
2457146.919889 15.805588 0.828352 -10475.918297 0.272209 -10476.269695 -0.577652 -10472.818953 -3.676997 0.272209 -3.099344 0.272209 1.647448   1   2  -1 
2457176.844500 12.287578 0.723157 -10464.313000 0.241278 -10461.276400 -1.171806 -10463.059021 -2.425785 0.241278 -1.253979 0.241278 1.647448   1   3  -1 
2457176.844500 12.287578 0.723157 -10464.313000 0.241278 -10461.276400 -1.171806 -10463.059021 -2.425785 0.241278 -1.253979 0.241278 1.647448   1   3  -1 
2457180.950532 16.393610 0.845935 -10468.297390 0.305748 -10461.276400 -0.435772 -10465.934682 -2.798480 0.305748 -2.362708 0.305748 1.647448   1   3  -1 
2457180.950532 16.393610 0.845935 -10468.297390 0.305748 -10461.276400 -0.435772 -10465.934682 -2.798480 0.305748 -2.362708 0.305748 1.647448   1   3  -1 
2457180.956053 16.399131 0.846100 -10469.641714 0.321155 -10461.276400 -0.434391 -10465.936905 -4.139200 0.321155 -3.704809 0.321155 1.647448   1   3  -1 
2457180.956053 16.399131 0.846100 -10469.641714 0.321155 -10461.276400 -0.434391 -10465.936905 -4.139200 0.321155 -3.704809 0.321155 1.647448   1   3  -1 
2457257.708144 -7.176641 0.141138 -10458.156667 0.478548 -10461.276400 1.511614 -10456.774346 0.129293 0.478548 -1.382321 0.478548 1.647448   1   3  -1 
2457257.708144 -7.176641 0.141138 -10458.156667 0.478548 -10461.276400 1.511614 -10456.774346 0.129293 0.478548 -1.382321 0.478548 1.647448   1   3  -1 
2457257.713815 -7.170970 0.141308 -10458.308869 0.515819 -10461.276400 1.511347 -10456.772993 -0.024529 0.515819 -1.535876 0.515819 1.647448   1   3  -1 
2457257.713815 -7.170970 0.141308 -10458.308869 0.515819 -10461.276400 1.511347 -10456.772993 -0.024529 0.515819 -1.535876 0.515819 1.647448   1   3  -1 
2457307.523708 9.196301 0.630721 -10460.965808 0.284606 -10461.276400 -1.301016 -10462.226886 -0.039938 0.284606 1.261078 0.284606 1.647448   1   3  -1 
2457307.523708 9.196301 0.630721 -10460.965808 0.284606 -10461.276400 -1.301016 -10462.226886 -0.039938 0.284606 1.261078 0.284606 1.647448   1   3  -1 
2457307.529113 9.201706 0.630883 -10461.174528 0.295801 -10461.276400 -1.301103 -10462.231535 -0.244096 0.295801 1.057007 0.295801 1.647448   1   3  -1 
2457307.529113 9.201706 0.630883 -10461.174528 0.295801 -10461.276400 -1.301103 -10462.231535 -0.244096 0.295801 1.057007 0.295801 1.647448   1   3  -1 
2457675.588735 9.392495 0.636588 -10454.424591 0.266631 -10461.276400 -1.303496 -10459.019987 3.291900 0.266631 4.595396 0.266631 1.647448   1   3  -1 
2457675.588735 9.392495 0.636588 -10454.424591 0.266631 -10461.276400 -1.303496 -10459.019987 3.291900 0.266631 4.595396 0.266631 1.647448   1   3  -1 
2457879.840329 12.988362 0.744111 -10463.101417 0.420408 -10461.276400 -1.091080 -10464.297707 0.105210 0.420408 1.196290 0.420408 1.647448   1   3  -1 
2457879.840329 12.988362 0.744111 -10463.101417 0.420408 -10461.276400 -1.091080 -10464.297707 0.105210 0.420408 1.196290 0.420408 1.647448   1   3  -1 
2457943.770578 10.033369 0.655751 -10457.458256 0.227044 -10461.276400 -1.301759 -10458.659985 -0.100030 0.227044 1.201729 0.227044 1.647448   1   3  -1 
2457943.770578 10.033369 0.655751 -10457.458256 0.227044 -10461.276400 -1.301759 -10458.659985 -0.100030 0.227044 1.201729 0.227044 1.647448   1   3  -1 
2457968.637355 1.457525 0.399317 -10461.424457 0.383012 -10461.276400 -0.241271 -10462.329310 0.663582 0.383012 0.904853 0.383012 1.647448   1   3  -1 
2457968.637355 1.457525 0.399317 -10461.424457 0.383012 -10461.276400 -0.241271 -10462.329310 0.663582 0.383012 0.904853 0.383012 1.647448   1   3  -1 
2460042.883932 2.261588 0.423360 -10467.619651 0.097183 -10467.952627 -0.422782 -10468.010901 -0.031532 0.097183 0.391250 0.097183 1.113195   0   1  -1 
2460042.889532 2.267188 0.423527 -10467.826807 0.098837 -10467.952627 -0.424005 -10468.008889 -0.241923 0.098837 0.182082 0.098837 1.113195   0   1  -1 
2460043.870973 3.248629 0.452874 -10467.810891 0.115769 -10467.952627 -0.628270 -10467.687382 -0.751778 0.115769 -0.123509 0.115769 1.113195   0   1  -1 
2460043.876677 3.254333 0.453045 -10467.827764 0.107743 -10467.952627 -0.629395 -10467.685772 -0.771387 0.107743 -0.141992 0.107743 1.113195   0   1  -1 
2460044.793251 4.170907 0.480452 -10466.216747 0.119007 -10467.952627 -0.800047 -10467.487509 0.470715 0.119007 1.270762 0.119007 1.113195   0   1  -1 
2460044.798982 4.176638 0.480624 -10466.355629 0.118254 -10467.952627 -0.801048 -10467.486711 0.330035 0.118254 1.131082 0.118254 1.113195   0   1  -1 
2460045.773704 5.151360 0.509770 -10468.947680 0.263543 -10467.952627 -0.958457 -10467.450811 -2.455326 0.263543 -1.496869 0.263543 1.113195   0   1  -1 
2460045.779649 5.157305 0.509948 -10468.728031 0.178179 -10467.952627 -0.959337 -10467.451247 -2.236121 0.178179 -1.276784 0.178179 1.113195   0   1  -1 
2460046.786658 6.164314 0.540059 -10466.718679 0.108298 -10467.952627 -1.093385 -10467.647587 -0.164478 0.108298 0.928908 0.108298 1.113195   0   1  -1 
2460046.792204 6.169860 0.540225 -10467.571100 0.100449 -10467.952627 -1.094039 -10467.649341 -1.015799 0.100449 0.078241 0.100449 1.113195   0   1  -1 
2460047.789500 7.167156 0.570046 -10468.079684 0.107918 -10467.952627 -1.195943 -10468.076435 -1.199193 0.107918 -0.003249 0.107918 1.113195   0   1  -1 
2460047.795047 7.172703 0.570212 -10468.412170 0.104000 -10467.952627 -1.196421 -10468.079393 -1.529198 0.104000 -0.332777 0.104000 1.113195   0   1  -1 
2460048.783364 8.161020 0.599764 -10468.577566 0.129590 -10467.952627 -1.265155 -10468.692960 -1.149761 0.129590 0.115394 0.129590 1.113195   0   1  -1 
2460048.789012 8.166668 0.599933 -10468.027070 0.120793 -10467.952627 -1.265452 -10468.696909 -0.595613 0.120793 0.669839 0.120793 1.113195   0   1  -1 
2460049.801102 9.178758 0.630197 -10468.921797 0.111941 -10467.952627 -1.300726 -10469.466148 -0.756375 0.111941 0.544351 0.111941 1.113195   0   1  -1 
2460049.806533 9.184189 0.630359 -10469.044553 0.118675 -10467.952627 -1.300817 -10469.470547 -0.874823 0.118675 0.425994 0.118675 1.113195   0   1  -1 
2460050.776767 10.154423 0.659371 -10470.880979 0.110463 -10467.952627 -1.299718 -10470.278653 -1.902045 0.110463 -0.602326 0.110463 1.113195   0   1  -1 
2460050.782471 10.160127 0.659542 -10470.587932 0.106168 -10467.952627 -1.299609 -10470.283436 -1.604105 0.106168 -0.304496 0.106168 1.113195   0   1  -1 
2460068.823617 -5.241348 0.199007 -10467.442048 0.125458 -10467.952627 1.307326 -10468.569104 2.434382 0.125458 1.127056 0.125458 1.113195   0   1  -1 
2460068.829253 -5.235712 0.199176 -10468.177705 0.157911 -10467.952627 1.306434 -10468.566983 1.695712 0.157911 0.389278 0.157911 1.113195   0   1  -1 
2460073.775251 -0.289714 0.347071 -10468.691416 0.136518 -10467.952627 0.184289 -10467.851639 -0.655488 0.136518 -0.839777 0.136518 1.113195   0   1  -1 
2460073.780774 -0.284191 0.347236 -10468.532442 0.124641 -10467.952627 0.182900 -10467.851459 -0.498083 0.124641 -0.680983 0.124641 1.113195   0   1  -1 
2460076.728213 2.663248 0.435370 -10468.677012 0.126723 -10467.952627 -0.508897 -10468.037640 -1.148269 0.126723 -0.639372 0.126723 1.113195   0   1  -1 
2460076.733797 2.668832 0.435537 -10468.420636 0.121235 -10467.952627 -0.510071 -10468.039077 -0.891629 0.121235 -0.381559 0.121235 1.113195   0   1  -1 
2460077.755001 3.690036 0.466073 -10469.796842 0.156253 -10467.952627 -0.713088 -10468.389760 -2.120171 0.156253 -1.407082 0.156253 1.113195   0   1  -1 
2460077.760768 3.695803 0.466246 -10469.832216 0.150546 -10467.952627 -0.714165 -10468.392266 -2.154115 0.150546 -1.439950 0.150546 1.113195   0   1  -1 
2460078.818364 4.753399 0.497870 -10470.121344 0.118065 -10467.952627 -0.897326 -10468.973399 -2.045270 0.118065 -1.147945 0.118065 1.113195   0   1  -1 
2460078.823976 4.759011 0.498038 -10470.631326 0.115757 -10467.952627 -0.898218 -10468.977198 -2.552346 0.115757 -1.654128 0.115757 1.113195   0   1  -1 
2460079.846559 5.781594 0.528615 -10469.784428 0.112864 -10467.952627 -1.045990 -10469.804952 -1.025466 0.112864 0.020524 0.112864 1.113195   0   1  -1 
2460079.852048 5.787083 0.528779 -10469.613740 0.114319 -10467.952627 -1.046701 -10469.810054 -0.850387 0.114319 0.196314 0.114319 1.113195   0   1  -1 
2460080.730235 6.665270 0.555039 -10469.772583 0.121764 -10467.952627 -1.148606 -10470.659563 -0.261626 0.121764 0.886980 0.121764 1.113195   0   1  -1 
2460080.735864 6.670899 0.555207 -10469.610615 0.112383 -10467.952627 -1.149182 -10470.664906 -0.094891 0.112383 1.054291 0.112383 1.113195   0   1  -1 
2460082.755256 8.690291 0.615591 -10469.121371 0.143393 -10467.952627 -1.288222 -10471.283891 0.874298 0.143393 2.162520 0.143393 1.113195   0   1  -1 
2460082.760842 8.695877 0.615758 -10468.518798 0.129661 -10467.952627 -1.288413 -10471.279958 1.472747 0.129661 2.761160 0.129661 1.113195   0   1  -1 
2460085.681985 11.617020 0.703106 -10469.405639 0.182782 -10467.952627 -1.231013 -10466.101183 -4.535469 0.182782 -3.304456 0.182782 1.113195   0   1  -1 
2460085.687655 11.622690 0.703275 -10468.302871 0.192173 -10467.952627 -1.230586 -10466.090396 -3.443061 0.192173 -2.212475 0.192173 1.113195   0   1  -1 
2460086.748603 12.683638 0.735000 -10463.771857 0.096592 -10467.952627 -1.128551 -10464.519528 -0.380880 0.096592 0.747671 0.096592 1.113195   0   1  -1 
2460086.754324 12.689359 0.735171 -10464.310069 0.104158 -10467.952627 -1.127881 -10464.513949 -0.924001 0.104158 0.203880 0.104158 1.113195   0   1  -1 
2460199.601214 -8.234236 0.109514 -10467.857782 0.194625 -10467.952627 1.523343 -10468.872839 2.538399 0.194625 1.015057 0.194625 1.113195   0   1  -1 
2460199.607025 -8.228425 0.109688 -10469.302924 0.190719 -10467.952627 1.523490 -10468.863992 1.084557 0.190719 -0.438932 0.190719 1.113195   0   1  -1 
2460201.515076 -6.320374 0.166742 -10466.554990 0.136306 -10467.952627 1.448029 -10466.761249 1.654288 0.136306 0.206259 0.136306 1.113195   0   1  -1 
2460201.520627 -6.314823 0.166908 -10466.389365 0.147106 -10467.952627 1.447470 -10466.757626 1.815730 0.147106 0.368261 0.147106 1.113195   0   1  -1 
2460202.533617 -5.301833 0.197199 -10465.659465 0.116368 -10467.952627 1.316801 -10466.296002 1.953338 0.116368 0.636537 0.116368 1.113195   0   1  -1 
2460202.539273 -5.296177 0.197368 -10465.508485 0.110234 -10467.952627 1.315922 -10466.294404 2.101841 0.110234 0.785919 0.110234 1.113195   0   1  -1 
2460203.571018 -4.264432 0.228219 -10465.844882 0.168626 -10467.952627 1.132214 -10466.143788 1.431120 0.168626 0.298906 0.168626 1.113195   0   1  -1 
2460203.577196 -4.258254 0.228404 -10465.648256 0.180164 -10467.952627 1.130987 -10466.143658 1.626389 0.180164 0.495402 0.180164 1.113195   0   1  -1 
2460204.530857 -3.304593 0.256920 -10467.427115 0.098515 -10467.952627 0.927223 -10466.228899 -0.270994 0.098515 -1.198216 0.098515 1.113195   0   1  -1 
2460204.536387 -3.299063 0.257086 -10466.800940 0.104273 -10467.952627 0.925968 -10466.230024 0.355052 0.104273 -0.570916 0.104273 1.113195   0   1  -1 
2460205.516019 -2.319431 0.286378 -10468.149301 0.122140 -10467.952627 0.694052 -10466.554830 -0.900419 0.122140 -1.594471 0.122140 1.113195   0   1  -1 
2460205.521490 -2.313960 0.286542 -10467.759986 0.108265 -10467.952627 0.692713 -10466.557364 -0.509910 0.108265 -1.202622 0.108265 1.113195   0   1  -1 
2460206.534104 -1.301346 0.316821 -10467.984215 0.123507 -10467.952627 0.439985 -10467.156514 -0.387717 0.123507 -0.827701 0.123507 1.113195   0   1  -1 
2460206.539634 -1.295816 0.316987 -10467.395836 0.112931 -10467.952627 0.438587 -10467.160423 0.203174 0.112931 -0.235413 0.112931 1.113195   0   1  -1 
2460208.612713 0.777263 0.378976 -10467.863703 0.119086 -10467.952627 -0.079675 -10468.756562 0.813185 0.119086 0.892859 0.119086 1.113195   0   1  -1 
2460208.618030 0.782580 0.379135 -10468.124237 0.122661 -10467.952627 -0.080962 -10468.760125 0.554926 0.122661 0.635888 0.122661 1.113195   0   1  -1 
2460209.504007 1.668557 0.405627 -10468.350357 0.247406 -10467.952627 -0.289997 -10469.211609 0.571255 0.247406 0.861252 0.247406 1.113195   0   1  -1 
2460209.509978 1.674528 0.405806 -10468.742438 0.220522 -10467.952627 -0.291365 -10469.213458 0.179655 0.220522 0.471020 0.220522 1.113195   0   1  -1 
2460210.587394 2.751944 0.438023 -10468.232795 0.137683 -10467.952627 -0.527465 -10469.187781 0.427521 0.137683 0.954986 0.137683 1.113195   0   1  -1 
2460210.593026 2.757576 0.438191 -10467.916827 0.147704 -10467.952627 -0.528638 -10469.185610 0.740145 0.147704 1.268783 0.147704 1.113195   0   1  -1 
2460211.516295 3.680845 0.465798 -10469.090653 0.190231 -10467.952627 -0.711370 -10468.569916 -1.232107 0.190231 -0.520737 0.190231 1.113195   0   1  -1 
2460211.522268 3.686818 0.465977 -10468.782398 0.153085 -10467.952627 -0.712487 -10468.564567 -0.930318 0.153085 -0.217831 0.153085 1.113195   0   1  -1 
