# time Tc_folded Tref_folded value value_err offset model full_model val_compare val_compare_err residuals residuals_err jitter jitter_flag offset_flag subset_flag 
2455480.529186 2.623779 0.000000 -10482.960657 0.485677 -10476.269695 -2.490091 -10480.389428 -5.061319 0.485677 -2.571229 0.485677 1.647448   1   2  -1 
2455480.529186 2.623779 0.000000 -10482.960657 0.485677 -10476.269695 -2.490091 -10480.389428 -5.061319 0.485677 -2.571229 0.485677 1.647448   1   2  -1 
2455480.532970 2.627563 0.000265 -10481.678693 0.440084 -10476.269695 -2.491010 -10480.388334 -3.781369 0.440084 -1.290359 0.440084 1.647448   1   2  -1 
2455480.532970 2.627563 0.000265 -10481.678693 0.440084 -10476.269695 -2.491010 -10480.388334 -3.781369 0.440084 -1.290359 0.440084 1.647448   1   2  -1 
2455480.536778 2.631371 0.000531 -10480.431449 0.465046 -10476.269695 -2.491924 -10480.387225 -2.536147 0.465046 -0.044224 0.465046 1.647448   1   2  -1 
2455480.536778 2.631371 0.000531 -10480.431449 0.465046 -10476.269695 -2.491924 -10480.387225 -2.536147 0.465046 -0.044224 0.465046 1.647448   1   2  -1 
2455482.554786 4.649379 0.141751 -10476.128743 0.353905 -10476.269695 -1.472351 -10478.593447 0.992353 0.353905 2.464704 0.353905 1.647448   1   2  -1 
2455482.554786 4.649379 0.141751 -10476.128743 0.353905 -10476.269695 -1.472351 -10478.593447 0.992353 0.353905 2.464704 0.353905 1.647448   1   2  -1 
2455484.542056 6.636649 0.280820 -10475.755433 0.514319 -10476.269695 0.537800 -10476.104195 0.886562 0.514319 0.348762 0.514319 1.647448   1   2  -1 
2455484.542056 6.636649 0.280820 -10475.755433 0.514319 -10476.269695 0.537800 -10476.104195 0.886562 0.514319 0.348762 0.514319 1.647448   1   2  -1 
2455484.545828 6.640421 0.281084 -10473.332240 0.532707 -10476.269695 0.540934 -10476.100758 3.309452 0.532707 2.768518 0.532707 1.647448   1   2  -1 
2455484.545828 6.640421 0.281084 -10473.332240 0.532707 -10476.269695 0.540934 -10476.100758 3.309452 0.532707 2.768518 0.532707 1.647448   1   2  -1 
2455484.549671 6.644264 0.281353 -10474.438386 0.508347 -10476.269695 0.544123 -10476.097264 2.203001 0.508347 1.658878 0.508347 1.647448   1   2  -1 
2455484.549671 6.644264 0.281353 -10474.438386 0.508347 -10476.269695 0.544123 -10476.097264 2.203001 0.508347 1.658878 0.508347 1.647448   1   2  -1 
2455485.527184 -6.668069 0.349759 -10473.605978 0.432034 -10476.269695 1.223635 -10475.466942 3.084599 0.432034 1.860964 0.432034 1.647448   1   2  -1 
2455485.527184 -6.668069 0.349759 -10473.605978 0.432034 -10476.269695 1.223635 -10475.466942 3.084599 0.432034 1.860964 0.432034 1.647448   1   2  -1 
2455485.532971 -6.662282 0.350164 -10471.997247 0.445706 -10476.269695 1.226871 -10475.464759 4.694383 0.445706 3.467512 0.445706 1.647448   1   2  -1 
2455485.532971 -6.662282 0.350164 -10471.997247 0.445706 -10476.269695 1.226871 -10475.464759 4.694383 0.445706 3.467512 0.445706 1.647448   1   2  -1 
2455487.543214 -4.652039 0.490840 -10473.844627 0.404437 -10476.269695 1.825920 -10475.543813 3.525106 0.404437 1.699186 0.404437 1.647448   1   2  -1 
2455487.543214 -4.652039 0.490840 -10473.844627 0.404437 -10476.269695 1.825920 -10475.543813 3.525106 0.404437 1.699186 0.404437 1.647448   1   2  -1 
2455487.548897 -4.646356 0.491238 -10473.904015 0.401767 -10476.269695 1.826217 -10475.545565 3.467768 0.401767 1.641550 0.401767 1.647448   1   2  -1 
2455487.548897 -4.646356 0.491238 -10473.904015 0.401767 -10476.269695 1.826217 -10475.545565 3.467768 0.401767 1.641550 0.401767 1.647448   1   2  -1 
2455493.544252 1.348999 0.910791 -10479.814585 0.396600 -10476.269695 -1.671492 -10480.321103 -1.164973 0.396600 0.506518 0.396600 1.647448   1   2  -1 
2455493.544252 1.348999 0.910791 -10479.814585 0.396600 -10476.269695 -1.671492 -10480.321103 -1.164973 0.396600 0.506518 0.396600 1.647448   1   2  -1 
2455493.550478 1.355225 0.911227 -10480.900282 0.405220 -10476.269695 -1.677232 -10480.329513 -2.248001 0.405220 -0.570769 0.405220 1.647448   1   2  -1 
2455493.550478 1.355225 0.911227 -10480.900282 0.405220 -10476.269695 -1.677232 -10480.329513 -2.248001 0.405220 -0.570769 0.405220 1.647448   1   2  -1 
2455495.535877 3.340624 0.050165 -10480.826331 0.401246 -10476.269695 -2.457158 -10481.907300 -1.376189 0.401246 1.080969 0.401246 1.647448   1   2  -1 
2455495.535877 3.340624 0.050165 -10480.826331 0.401246 -10476.269695 -2.457158 -10481.907300 -1.376189 0.401246 1.080969 0.401246 1.647448   1   2  -1 
2455495.541664 3.346411 0.050570 -10480.647538 0.425418 -10476.269695 -2.455189 -10481.907551 -1.195176 0.425418 1.260013 0.425418 1.647448   1   2  -1 
2455495.541664 3.346411 0.050570 -10480.647538 0.425418 -10476.269695 -2.455189 -10481.907551 -1.195176 0.425418 1.260013 0.425418 1.647448   1   2  -1 
2455498.517820 6.322567 0.258840 -10479.650410 0.663846 -10476.269695 0.263811 -10480.616410 1.229811 0.663846 0.966000 0.663846 1.647448   1   2  -1 
2455498.517820 6.322567 0.258840 -10479.650410 0.663846 -10476.269695 0.263811 -10480.616410 1.229811 0.663846 0.966000 0.663846 1.647448   1   2  -1 
2455498.523445 6.328192 0.259234 -10478.978096 0.600098 -10476.269695 0.268938 -10480.614266 1.905109 0.600098 1.636170 0.600098 1.647448   1   2  -1 
2455498.523445 6.328192 0.259234 -10478.978096 0.600098 -10476.269695 0.268938 -10480.614266 1.905109 0.600098 1.636170 0.600098 1.647448   1   2  -1 
2455500.544007 -5.941091 0.400632 -10479.588979 0.341836 -10476.269695 1.559569 -10480.092679 2.063268 0.341836 0.503700 0.341836 1.647448   1   2  -1 
2455500.544007 -5.941091 0.400632 -10479.588979 0.341836 -10476.269695 1.559569 -10480.092679 2.063268 0.341836 0.503700 0.341836 1.647448   1   2  -1 
2455500.549389 -5.935709 0.401009 -10479.646223 0.372174 -10476.269695 1.561536 -10480.091732 2.007045 0.372174 0.445509 0.372174 1.647448   1   2  -1 
2455500.549389 -5.935709 0.401009 -10479.646223 0.372174 -10476.269695 1.561536 -10480.091732 2.007045 0.372174 0.445509 0.372174 1.647448   1   2  -1 
2455501.547102 -4.937996 0.470829 -10479.228913 0.302659 -10476.269695 1.801285 -10479.966287 2.538659 0.302659 0.737374 0.302659 1.647448   1   2  -1 
2455501.547102 -4.937996 0.470829 -10479.228913 0.302659 -10476.269695 1.801285 -10479.966287 2.538659 0.302659 0.737374 0.302659 1.647448   1   2  -1 
2455501.552738 -4.932360 0.471223 -10480.110772 0.289222 -10476.269695 1.801955 -10479.965953 1.657136 0.289222 -0.144819 0.289222 1.647448   1   2  -1 
2455501.552738 -4.932360 0.471223 -10480.110772 0.289222 -10476.269695 1.801955 -10479.965953 1.657136 0.289222 -0.144819 0.289222 1.647448   1   2  -1 
2455505.514789 -0.970309 0.748487 -10479.788974 0.344263 -10476.269695 0.496690 -10481.386258 2.093973 0.344263 1.597284 0.344263 1.647448   1   2  -1 
2455505.514789 -0.970309 0.748487 -10479.788974 0.344263 -10476.269695 0.496690 -10481.386258 2.093973 0.344263 1.597284 0.344263 1.647448   1   2  -1 
2455505.520425 -0.964673 0.748881 -10479.398339 0.340728 -10476.269695 0.492322 -10481.389730 2.483713 0.340728 1.991391 0.340728 1.647448   1   2  -1 
2455505.520425 -0.964673 0.748881 -10479.398339 0.340728 -10476.269695 0.492322 -10481.389730 2.483713 0.340728 1.991391 0.340728 1.647448   1   2  -1 
2455507.517142 1.032044 0.888611 -10482.165859 0.264981 -10476.269695 -1.368731 -10482.506334 -1.028256 0.264981 0.340475 0.264981 1.647448   1   2  -1 
2455507.517142 1.032044 0.888611 -10482.165859 0.264981 -10476.269695 -1.368731 -10482.506334 -1.028256 0.264981 0.340475 0.264981 1.647448   1   2  -1 
2455507.522824 1.037726 0.889008 -10483.868821 0.270208 -10476.269695 -1.374303 -10482.508886 -2.734237 0.270208 -1.359935 0.270208 1.647448   1   2  -1 
2455507.522824 1.037726 0.889008 -10483.868821 0.270208 -10476.269695 -1.374303 -10482.508886 -2.734237 0.270208 -1.359935 0.270208 1.647448   1   2  -1 
2455509.518050 3.032952 0.028634 -10482.136940 0.380261 -10476.269695 -2.522890 -10482.594240 -2.065590 0.380261 0.457300 0.380261 1.647448   1   2  -1 
2455509.518050 3.032952 0.028634 -10482.136940 0.380261 -10476.269695 -2.522890 -10482.594240 -2.065590 0.380261 0.457300 0.380261 1.647448   1   2  -1 
2455509.523524 3.038426 0.029017 -10481.842165 0.354765 -10476.269695 -2.522399 -10482.591049 -1.773515 0.354765 0.748884 0.354765 1.647448   1   2  -1 
2455509.523524 3.038426 0.029017 -10481.842165 0.354765 -10476.269695 -2.522399 -10482.591049 -1.773515 0.354765 0.748884 0.354765 1.647448   1   2  -1 
2455511.516449 5.031351 0.168481 -10481.051242 0.398498 -10476.269695 -1.065398 -10480.153024 -1.963616 0.398498 -0.898218 0.398498 1.647448   1   2  -1 
2455511.516449 5.031351 0.168481 -10481.051242 0.398498 -10476.269695 -1.065398 -10480.153024 -1.963616 0.398498 -0.898218 0.398498 1.647448   1   2  -1 
2455511.521935 5.036837 0.168865 -10481.318563 0.396662 -10476.269695 -1.059448 -10480.144156 -2.233855 0.396662 -1.174407 0.396662 1.647448   1   2  -1 
2455511.521935 5.036837 0.168865 -10481.318563 0.396662 -10476.269695 -1.059448 -10480.144156 -2.233855 0.396662 -1.174407 0.396662 1.647448   1   2  -1 
2455513.504562 7.019464 0.307609 -10476.804338 0.418335 -10476.269695 0.836187 -10477.108726 1.140576 0.418335 0.304388 0.418335 1.647448   1   2  -1 
2455513.504562 7.019464 0.307609 -10476.804338 0.418335 -10476.269695 0.836187 -10477.108726 1.140576 0.418335 0.304388 0.418335 1.647448   1   2  -1 
2455513.510244 7.025146 0.308007 -10476.668251 0.441085 -10476.269695 0.840313 -10477.101283 1.273345 0.441085 0.433032 0.441085 1.647448   1   2  -1 
2455513.510244 7.025146 0.308007 -10476.668251 0.441085 -10476.269695 0.840313 -10477.101283 1.273345 0.441085 0.433032 0.441085 1.647448   1   2  -1 
2455514.505835 -6.269108 0.377678 -10478.206203 0.335906 -10476.269695 1.425424 -10475.948658 -0.832121 0.335906 -2.257545 0.335906 1.647448   1   2  -1 
2455514.505835 -6.269108 0.377678 -10478.206203 0.335906 -10476.269695 1.425424 -10475.948658 -0.832121 0.335906 -2.257545 0.335906 1.647448   1   2  -1 
2455514.511356 -6.263587 0.378064 -10477.524806 0.341716 -10476.269695 1.427916 -10475.943083 -0.153807 0.341716 -1.581723 0.341716 1.647448   1   2  -1 
2455514.511356 -6.263587 0.378064 -10477.524806 0.341716 -10476.269695 1.427916 -10475.943083 -0.153807 0.341716 -1.581723 0.341716 1.647448   1   2  -1 
2455519.503938 -1.271005 0.727444 -10474.517329 0.516685 -10476.269695 0.719670 -10473.877737 0.080078 0.516685 -0.639592 0.516685 1.647448   1   2  -1 
2455519.503938 -1.271005 0.727444 -10474.517329 0.516685 -10476.269695 0.719670 -10473.877737 0.080078 0.516685 -0.639592 0.516685 1.647448   1   2  -1 
2455519.508811 -1.266132 0.727785 -10473.971305 0.498073 -10476.269695 0.716216 -10473.880888 0.625800 0.498073 -0.090417 0.498073 1.647448   1   2  -1 
2455519.508811 -1.266132 0.727785 -10473.971305 0.498073 -10476.269695 0.716216 -10473.880888 0.625800 0.498073 -0.090417 0.498073 1.647448   1   2  -1 
2455523.508036 2.733093 0.007650 -10476.567096 0.414917 -10476.269695 -2.512112 -10478.700902 -0.378306 0.414917 2.133806 0.414917 1.647448   1   2  -1 
2455523.508036 2.733093 0.007650 -10476.567096 0.414917 -10476.269695 -2.512112 -10478.700902 -0.378306 0.414917 2.133806 0.414917 1.647448   1   2  -1 
2455523.513036 2.738093 0.008000 -10476.426565 0.432885 -10476.269695 -2.512892 -10478.702639 -0.236819 0.432885 2.276074 0.432885 1.647448   1   2  -1 
2455523.513036 2.738093 0.008000 -10476.426565 0.432885 -10476.269695 -2.512892 -10478.702639 -0.236819 0.432885 2.276074 0.432885 1.647448   1   2  -1 
2455524.521481 3.746538 0.078570 -10476.409103 0.333974 -10476.269695 -2.257698 -10478.577218 -0.089582 0.333974 2.168115 0.333974 1.647448   1   2  -1 
2455524.521481 3.746538 0.078570 -10476.409103 0.333974 -10476.269695 -2.257698 -10478.577218 -0.089582 0.333974 2.168115 0.333974 1.647448   1   2  -1 
2455524.526446 3.751503 0.078918 -10475.818731 0.339194 -10476.269695 -2.254533 -10478.574694 0.501431 0.339194 2.755963 0.339194 1.647448   1   2  -1 
2455524.526446 3.751503 0.078918 -10475.818731 0.339194 -10476.269695 -2.254533 -10478.574694 0.501431 0.339194 2.755963 0.339194 1.647448   1   2  -1 
2455653.900831 4.517281 0.132507 -10479.122782 0.372304 -10476.269695 -1.607083 -10477.951041 -2.778824 0.372304 -1.171741 0.372304 1.647448   1   2  -1 
2455653.900831 4.517281 0.132507 -10479.122782 0.372304 -10476.269695 -1.607083 -10477.951041 -2.778824 0.372304 -1.171741 0.372304 1.647448   1   2  -1 
2455653.906410 4.522860 0.132897 -10477.502514 0.368097 -10476.269695 -1.601483 -10477.947116 -1.156881 0.368097 0.444602 0.368097 1.647448   1   2  -1 
2455653.906410 4.522860 0.132897 -10477.502514 0.368097 -10476.269695 -1.601483 -10477.947116 -1.156881 0.368097 0.444602 0.368097 1.647448   1   2  -1 
2455654.900357 5.516807 0.202453 -10477.529507 0.407058 -10476.269695 -0.540325 -10477.234998 -0.834834 0.407058 -0.294509 0.407058 1.647448   1   2  -1 
2455654.900357 5.516807 0.202453 -10477.529507 0.407058 -10476.269695 -0.540325 -10477.234998 -0.834834 0.407058 -0.294509 0.407058 1.647448   1   2  -1 
2455654.905936 5.522386 0.202844 -10476.951630 0.365708 -10476.269695 -0.534380 -10477.231205 -0.254805 0.365708 0.279575 0.365708 1.647448   1   2  -1 
2455654.905936 5.522386 0.202844 -10476.951630 0.365708 -10476.269695 -0.534380 -10477.231205 -0.254805 0.365708 0.279575 0.365708 1.647448   1   2  -1 
2455657.909222 -5.764174 0.413013 -10477.608535 0.302855 -10476.269695 1.620346 -10476.271194 0.283006 0.302855 -1.337341 0.302855 1.647448   1   2  -1 
2455657.909222 -5.764174 0.413013 -10477.608535 0.302855 -10476.269695 1.620346 -10476.271194 0.283006 0.302855 -1.337341 0.302855 1.647448   1   2  -1 
2455657.914813 -5.758583 0.413404 -10478.050098 0.315866 -10476.269695 1.622137 -10476.271602 -0.156359 0.315866 -1.778496 0.315866 1.647448   1   2  -1 
2455657.914813 -5.758583 0.413404 -10478.050098 0.315866 -10476.269695 1.622137 -10476.271602 -0.156359 0.315866 -1.778496 0.315866 1.647448   1   2  -1 
2455659.907949 -3.765447 0.552884 -10477.046490 0.384743 -10476.269695 1.783635 -10476.904859 1.642004 0.384743 -0.141631 0.384743 1.647448   1   2  -1 
2455659.907949 -3.765447 0.552884 -10477.046490 0.384743 -10476.269695 1.783635 -10476.904859 1.642004 0.384743 -0.141631 0.384743 1.647448   1   2  -1 
2455659.913540 -3.759856 0.553275 -10478.198534 0.401510 -10476.269695 1.782808 -10476.908027 0.492301 0.401510 -1.290507 0.401510 1.647448   1   2  -1 
2455659.913540 -3.759856 0.553275 -10478.198534 0.401510 -10476.269695 1.782808 -10476.908027 0.492301 0.401510 -1.290507 0.401510 1.647448   1   2  -1 
2455660.901884 -2.771512 0.622439 -10478.330760 0.251174 -10476.269695 1.527437 -10477.602069 0.798746 0.251174 -0.728691 0.251174 1.647448   1   2  -1 
2455660.901884 -2.771512 0.622439 -10478.330760 0.251174 -10476.269695 1.527437 -10477.602069 0.798746 0.251174 -0.728691 0.251174 1.647448   1   2  -1 
2455662.902485 -0.770911 0.762440 -10478.461597 0.474458 -10476.269695 0.338042 -10479.834171 1.710616 0.474458 1.372574 0.474458 1.647448   1   2  -1 
2455662.902485 -0.770911 0.762440 -10478.461597 0.474458 -10476.269695 0.338042 -10479.834171 1.710616 0.474458 1.372574 0.474458 1.647448   1   2  -1 
2455662.908180 -0.765216 0.762839 -10479.019990 0.454621 -10476.269695 0.333389 -10479.841792 1.155190 0.454621 0.821802 0.454621 1.647448   1   2  -1 
2455662.908180 -0.765216 0.762839 -10479.019990 0.454621 -10476.269695 0.333389 -10479.841792 1.155190 0.454621 0.821802 0.454621 1.647448   1   2  -1 
2455663.839263 0.165867 0.827996 -10481.021871 0.868606 -10476.269695 -0.507661 -10481.111150 -0.418382 0.868606 0.089279 0.868606 1.647448   1   2  -1 
2455663.839263 0.165867 0.827996 -10481.021871 0.868606 -10476.269695 -0.507661 -10481.111150 -0.418382 0.868606 0.089279 0.868606 1.647448   1   2  -1 
2455672.897729 -5.065512 0.461905 -10477.289791 0.326960 -10476.269695 1.784122 -10479.293430 3.787761 0.326960 2.003639 0.326960 1.647448   1   2  -1 
2455672.897729 -5.065512 0.461905 -10477.289791 0.326960 -10476.269695 1.784122 -10479.293430 3.787761 0.326960 2.003639 0.326960 1.647448   1   2  -1 
2455672.902775 -5.060466 0.462258 -10477.128218 0.300639 -10476.269695 1.784875 -10479.292374 3.949031 0.300639 2.164156 0.300639 1.647448   1   2  -1 
2455672.902775 -5.060466 0.462258 -10477.128218 0.300639 -10476.269695 1.784875 -10479.292374 3.949031 0.300639 2.164156 0.300639 1.647448   1   2  -1 
2455675.905453 -2.057788 0.672385 -10479.983143 0.211350 -10476.269695 1.206961 -10478.143869 -0.632313 0.211350 -1.839274 0.211350 1.647448   1   2  -1 
2455675.905453 -2.057788 0.672385 -10479.983143 0.211350 -10476.269695 1.206961 -10478.143869 -0.632313 0.211350 -1.839274 0.211350 1.647448   1   2  -1 
2455679.879903 1.916662 0.950516 -10481.249420 0.252289 -10476.269695 -2.141663 -10480.357498 -3.033586 0.252289 -0.891922 0.252289 1.647448   1   2  -1 
2455679.879903 1.916662 0.950516 -10481.249420 0.252289 -10476.269695 -2.141663 -10480.357498 -3.033586 0.252289 -0.891922 0.252289 1.647448   1   2  -1 
2455679.885123 1.921882 0.950881 -10482.070814 0.256851 -10476.269695 -2.145357 -10480.359006 -3.857164 0.256851 -1.711808 0.256851 1.647448   1   2  -1 
2455679.885123 1.921882 0.950881 -10482.070814 0.256851 -10476.269695 -2.145357 -10480.359006 -3.857164 0.256851 -1.711808 0.256851 1.647448   1   2  -1 
2455712.893679 6.350748 0.260812 -10477.596372 0.280177 -10476.269695 0.289420 -10477.310428 0.003476 0.280177 -0.285944 0.280177 1.647448   1   2  -1 
2455712.893679 6.350748 0.260812 -10477.596372 0.280177 -10476.269695 0.289420 -10477.310428 0.003476 0.280177 -0.285944 0.280177 1.647448   1   2  -1 
2455715.864679 -4.968098 0.468722 -10473.715742 0.681733 -10476.269695 1.797580 -10474.242538 2.324376 0.681733 0.526796 0.681733 1.647448   1   2  -1 
2455715.864679 -4.968098 0.468722 -10473.715742 0.681733 -10476.269695 1.797580 -10474.242538 2.324376 0.681733 0.526796 0.681733 1.647448   1   2  -1 
2455715.867376 -4.965401 0.468911 -10473.898980 0.709421 -10476.269695 1.797920 -10474.241073 2.140013 0.709421 0.342093 0.709421 1.647448   1   2  -1 
2455715.867376 -4.965401 0.468911 -10473.898980 0.709421 -10476.269695 1.797920 -10474.241073 2.140013 0.709421 0.342093 0.709421 1.647448   1   2  -1 
2455715.869992 -4.962785 0.469094 -10473.445162 0.718389 -10476.269695 1.798249 -10474.239653 2.592741 0.718389 0.794491 0.718389 1.647448   1   2  -1 
2455715.869992 -4.962785 0.469094 -10473.445162 0.718389 -10476.269695 1.798249 -10474.239653 2.592741 0.718389 0.794491 0.718389 1.647448   1   2  -1 
2455715.872747 -4.960030 0.469287 -10473.903696 0.742414 -10476.269695 1.798594 -10474.238161 2.133059 0.742414 0.334465 0.742414 1.647448   1   2  -1 
2455715.872747 -4.960030 0.469287 -10473.903696 0.742414 -10476.269695 1.798594 -10474.238161 2.133059 0.742414 0.334465 0.742414 1.647448   1   2  -1 
2455727.859452 7.026675 0.308114 -10475.357665 0.528199 -10476.269695 0.841421 -10476.654745 2.138501 0.528199 1.297080 0.528199 1.647448   1   2  -1 
2455727.859452 7.026675 0.308114 -10475.357665 0.528199 -10476.269695 0.841421 -10476.654745 2.138501 0.528199 1.297080 0.528199 1.647448   1   2  -1 
2455727.863145 7.030368 0.308372 -10476.960737 0.516663 -10476.269695 0.844097 -10476.653695 0.537055 0.516663 -0.307042 0.516663 1.647448   1   2  -1 
2455727.863145 7.030368 0.308372 -10476.960737 0.516663 -10476.269695 0.844097 -10476.653695 0.537055 0.516663 -0.307042 0.516663 1.647448   1   2  -1 
2455727.866953 7.034176 0.308639 -10477.060026 0.559742 -10476.269695 0.846851 -10476.652620 0.439445 0.559742 -0.407406 0.559742 1.647448   1   2  -1 
2455727.866953 7.034176 0.308639 -10477.060026 0.559742 -10476.269695 0.846851 -10476.652620 0.439445 0.559742 -0.407406 0.559742 1.647448   1   2  -1 
2455735.809170 0.686548 0.864433 -10480.718295 0.263016 -10476.269695 -1.024949 -10480.077836 -1.665409 0.263016 -0.640459 0.263016 1.647448   1   2  -1 
2455735.809170 0.686548 0.864433 -10480.718295 0.263016 -10476.269695 -1.024949 -10480.077836 -1.665409 0.263016 -0.640459 0.263016 1.647448   1   2  -1 
2455754.777241 5.364774 0.191814 -10475.455016 0.545675 -10476.269695 -0.703516 -10476.772637 0.614105 0.545675 1.317621 0.545675 1.647448   1   2  -1 
2455754.777241 5.364774 0.191814 -10475.455016 0.545675 -10476.269695 -0.703516 -10476.772637 0.614105 0.545675 1.317621 0.545675 1.647448   1   2  -1 
2455755.755721 6.343254 0.260288 -10477.021535 0.384396 -10476.269695 0.282629 -10476.000085 -0.738821 0.384396 -1.021450 0.384396 1.647448   1   2  -1 
2455755.755721 6.343254 0.260288 -10477.021535 0.384396 -10476.269695 0.282629 -10476.000085 -0.738821 0.384396 -1.021450 0.384396 1.647448   1   2  -1 
2455769.736300 6.033988 0.238646 -10478.718338 0.338766 -10476.269695 -0.009292 -10479.959811 1.232181 0.338766 1.241473 0.338766 1.647448   1   2  -1 
2455769.736300 6.033988 0.238646 -10478.718338 0.338766 -10476.269695 -0.009292 -10479.959811 1.232181 0.338766 1.241473 0.338766 1.647448   1   2  -1 
2455769.742075 6.039763 0.239050 -10479.209949 0.385157 -10476.269695 -0.003642 -10479.954554 0.740963 0.385157 0.744605 0.385157 1.647448   1   2  -1 
2455769.742075 6.039763 0.239050 -10479.209949 0.385157 -10476.269695 -0.003642 -10479.954554 0.740963 0.385157 0.744605 0.385157 1.647448   1   2  -1 
2455776.628483 -1.363675 0.720959 -10477.854877 0.356174 -10476.269695 0.784347 -10476.522211 -0.548318 0.356174 -1.332666 0.356174 1.647448   1   2  -1 
2455776.628483 -1.363675 0.720959 -10477.854877 0.356174 -10476.269695 0.784347 -10476.522211 -0.548318 0.356174 -1.332666 0.356174 1.647448   1   2  -1 
2455782.624998 4.632840 0.140594 -10477.234320 0.380536 -10476.269695 -1.489448 -10477.830310 -0.893458 0.380536 0.595990 0.380536 1.647448   1   2  -1 
2455782.624998 4.632840 0.140594 -10477.234320 0.380536 -10476.269695 -1.489448 -10477.830310 -0.893458 0.380536 0.595990 0.380536 1.647448   1   2  -1 
2455784.737667 6.745509 0.288438 -10473.119634 0.272683 -10476.269695 0.626715 -10474.931011 2.438092 0.272683 1.811377 0.272683 1.647448   1   2  -1 
2455784.737667 6.745509 0.288438 -10473.119634 0.272683 -10476.269695 0.626715 -10474.931011 2.438092 0.272683 1.811377 0.272683 1.647448   1   2  -1 
2455801.526698 -5.045150 0.463330 -10477.714254 0.636570 -10476.269695 1.787121 -10476.898830 0.971698 0.636570 -0.815424 0.636570 1.647448   1   2  -1 
2455801.526698 -5.045150 0.463330 -10477.714254 0.636570 -10476.269695 1.787121 -10476.898830 0.971698 0.636570 -0.815424 0.636570 1.647448   1   2  -1 
2455801.531628 -5.040220 0.463675 -10478.348482 0.588581 -10476.269695 1.787832 -10476.898977 0.338327 0.588581 -1.449505 0.588581 1.647448   1   2  -1 
2455801.531628 -5.040220 0.463675 -10478.348482 0.588581 -10476.269695 1.787832 -10476.898977 0.338327 0.588581 -1.449505 0.588581 1.647448   1   2  -1 
2455804.632333 -1.939515 0.680662 -10479.889141 0.560283 -10476.269695 1.142699 -10478.140540 -0.605902 0.560283 -1.748601 0.560283 1.647448   1   2  -1 
2455804.632333 -1.939515 0.680662 -10479.889141 0.560283 -10476.269695 1.142699 -10478.140540 -0.605902 0.560283 -1.748601 0.560283 1.647448   1   2  -1 
2455804.637669 -1.934179 0.681035 -10479.356651 0.516075 -10476.269695 1.139725 -10478.143364 -0.073562 0.516075 -1.213287 0.516075 1.647448   1   2  -1 
2455804.637669 -1.934179 0.681035 -10479.356651 0.516075 -10476.269695 1.139725 -10478.143364 -0.073562 0.516075 -1.213287 0.516075 1.647448   1   2  -1 
2455807.626267 1.054419 0.890177 -10477.952953 0.482855 -10476.269695 -1.390647 -10479.900136 0.556536 0.482855 1.947183 0.482855 1.647448   1   2  -1 
2455807.626267 1.054419 0.890177 -10477.952953 0.482855 -10476.269695 -1.390647 -10479.900136 0.556536 0.482855 1.947183 0.482855 1.647448   1   2  -1 
2455807.631162 1.059314 0.890519 -10477.762393 0.443292 -10476.269695 -1.395433 -10479.902846 0.745020 0.443292 2.140453 0.443292 1.647448   1   2  -1 
2455807.631162 1.059314 0.890519 -10477.762393 0.443292 -10476.269695 -1.395433 -10479.902846 0.745020 0.443292 2.140453 0.443292 1.647448   1   2  -1 
2455810.581550 4.009702 0.096987 -10481.002505 0.377097 -10476.269695 -2.068809 -10479.037261 -4.034053 0.377097 -1.965244 0.377097 1.647448   1   2  -1 
2455810.581550 4.009702 0.096987 -10481.002505 0.377097 -10476.269695 -2.068809 -10479.037261 -4.034053 0.377097 -1.965244 0.377097 1.647448   1   2  -1 
2455810.586723 4.014875 0.097349 -10480.282556 0.398696 -10476.269695 -2.064693 -10479.030785 -3.316463 0.398696 -1.251771 0.398696 1.647448   1   2  -1 
2455810.586723 4.014875 0.097349 -10480.282556 0.398696 -10476.269695 -2.064693 -10479.030785 -3.316463 0.398696 -1.251771 0.398696 1.647448   1   2  -1 
2455816.587002 -4.274691 0.517247 -10476.284284 0.479893 -10476.269695 1.829616 -10476.333625 1.878957 0.479893 0.049341 0.479893 1.647448   1   2  -1 
2455816.587002 -4.274691 0.517247 -10476.284284 0.479893 -10476.269695 1.829616 -10476.333625 1.878957 0.479893 0.049341 0.479893 1.647448   1   2  -1 
2455816.590578 -4.271115 0.517497 -10475.380232 0.444942 -10476.269695 1.829496 -10476.332341 2.781606 0.444942 0.952109 0.444942 1.647448   1   2  -1 
2455816.590578 -4.271115 0.517497 -10475.380232 0.444942 -10476.269695 1.829496 -10476.332341 2.781606 0.444942 0.952109 0.444942 1.647448   1   2  -1 
2455816.594154 -4.267539 0.517747 -10476.257023 0.438232 -10476.269695 1.829373 -10476.331054 1.903405 0.438232 0.074031 0.438232 1.647448   1   2  -1 
2455816.594154 -4.267539 0.517747 -10476.257023 0.438232 -10476.269695 1.829373 -10476.331054 1.903405 0.438232 0.074031 0.438232 1.647448   1   2  -1 
2455834.622073 -0.529466 0.779337 -10480.909706 0.288686 -10476.269695 0.134977 -10479.420199 -1.354530 0.288686 -1.489507 0.288686 1.647448   1   2  -1 
2455834.622073 -0.529466 0.779337 -10480.909706 0.288686 -10476.269695 0.134977 -10479.420199 -1.354530 0.288686 -1.489507 0.288686 1.647448   1   2  -1 
2455834.627593 -0.523946 0.779723 -10481.704100 0.288262 -10476.269695 0.130199 -10479.423427 -2.150473 0.288262 -2.280673 0.288262 1.647448   1   2  -1 
2455834.627593 -0.523946 0.779723 -10481.704100 0.288262 -10476.269695 0.130199 -10479.423427 -2.150473 0.288262 -2.280673 0.288262 1.647448   1   2  -1 
2455836.585712 1.434173 0.916752 -10482.497452 0.340261 -10476.269695 -1.749148 -10480.573091 -3.673509 0.340261 -1.924361 0.340261 1.647448   1   2  -1 
2455836.585712 1.434173 0.916752 -10482.497452 0.340261 -10476.269695 -1.749148 -10480.573091 -3.673509 0.340261 -1.924361 0.340261 1.647448   1   2  -1 
2455836.591440 1.439901 0.917153 -10483.216344 0.339568 -10476.269695 -1.754299 -10480.575810 -4.394833 0.339568 -2.640534 0.339568 1.647448   1   2  -1 
2455836.591440 1.439901 0.917153 -10483.216344 0.339568 -10476.269695 -1.754299 -10480.575810 -4.394833 0.339568 -2.640534 0.339568 1.647448   1   2  -1 
2455839.585007 4.433468 0.126642 -10480.984122 0.455066 -10476.269695 -1.690100 -10479.505713 -3.168509 0.455066 -1.478409 0.455066 1.647448   1   2  -1 
2455839.585007 4.433468 0.126642 -10480.984122 0.455066 -10476.269695 -1.690100 -10479.505713 -3.168509 0.455066 -1.478409 0.455066 1.647448   1   2  -1 
2455839.590794 4.439255 0.127047 -10480.862232 0.459884 -10476.269695 -1.684438 -10479.498972 -3.047698 0.459884 -1.363260 0.459884 1.647448   1   2  -1 
2455839.590794 4.439255 0.127047 -10480.862232 0.459884 -10476.269695 -1.684438 -10479.498972 -3.047698 0.459884 -1.363260 0.459884 1.647448   1   2  -1 
2455842.549547 -6.891837 0.334099 -10475.984718 0.533150 -10476.269695 1.091434 -10476.389316 1.496032 0.533150 0.404598 0.533150 1.647448   1   2  -1 
2455842.549547 -6.891837 0.334099 -10475.984718 0.533150 -10476.269695 1.091434 -10476.389316 1.496032 0.533150 0.404598 0.533150 1.647448   1   2  -1 
2455842.555033 -6.886351 0.334483 -10475.769563 0.436601 -10476.269695 1.094841 -10476.385140 1.710418 0.436601 0.615577 0.436601 1.647448   1   2  -1 
2455842.555033 -6.886351 0.334483 -10475.769563 0.436601 -10476.269695 1.094841 -10476.385140 1.710418 0.436601 0.615577 0.436601 1.647448   1   2  -1 
2455845.575633 -3.865751 0.545864 -10472.970844 0.533869 -10476.269695 1.797279 -10474.959378 3.785813 0.533869 1.988534 0.533869 1.647448   1   2  -1 
2455845.575633 -3.865751 0.545864 -10472.970844 0.533869 -10476.269695 1.797279 -10474.959378 3.785813 0.533869 1.988534 0.533869 1.647448   1   2  -1 
2455845.581258 -3.860126 0.546258 -10473.156417 0.461200 -10476.269695 1.796573 -10474.958651 3.598807 0.461200 1.802234 0.461200 1.647448   1   2  -1 
2455845.581258 -3.860126 0.546258 -10473.156417 0.461200 -10476.269695 1.796573 -10474.958651 3.598807 0.461200 1.802234 0.461200 1.647448   1   2  -1 
2455870.498785 6.767556 0.289981 -10481.818484 0.365314 -10476.269695 0.644333 -10480.093089 -1.081063 0.365314 -1.725395 0.365314 1.647448   1   2  -1 
2455870.498785 6.767556 0.289981 -10481.818484 0.365314 -10476.269695 0.644333 -10480.093089 -1.081063 0.365314 -1.725395 0.365314 1.647448   1   2  -1 
2455870.504422 6.773193 0.290375 -10481.151885 0.359240 -10476.269695 0.648816 -10480.087550 -0.415519 0.359240 -1.064335 0.359240 1.647448   1   2  -1 
2455870.504422 6.773193 0.290375 -10481.151885 0.359240 -10476.269695 0.648816 -10480.087550 -0.415519 0.359240 -1.064335 0.359240 1.647448   1   2  -1 
2455874.532217 -3.488858 0.572239 -10477.728868 0.513797 -10476.269695 1.734410 -10477.349347 1.354889 0.513797 -0.379521 0.513797 1.647448   1   2  -1 
2455874.532217 -3.488858 0.572239 -10477.728868 0.513797 -10476.269695 1.734410 -10477.349347 1.354889 0.513797 -0.379521 0.513797 1.647448   1   2  -1 
2455874.537437 -3.483638 0.572604 -10475.674380 0.695338 -10476.269695 1.733317 -10477.348820 3.407757 0.695338 1.674440 0.695338 1.647448   1   2  -1 
2455874.537437 -3.483638 0.572604 -10475.674380 0.695338 -10476.269695 1.733317 -10477.348820 3.407757 0.695338 1.674440 0.695338 1.647448   1   2  -1 
2455878.549549 0.528474 0.853371 -10474.975638 0.680478 -10476.269695 -0.866520 -10477.539975 1.697818 0.680478 2.564337 0.680478 1.647448   1   2  -1 
2455878.549549 0.528474 0.853371 -10474.975638 0.680478 -10476.269695 -0.866520 -10477.539975 1.697818 0.680478 2.564337 0.680478 1.647448   1   2  -1 
2455878.554965 0.533890 0.853750 -10473.200640 0.660711 -10476.269695 -0.871940 -10477.540242 3.467662 0.660711 4.339602 0.660711 1.647448   1   2  -1 
2455878.554965 0.533890 0.853750 -10473.200640 0.660711 -10476.269695 -0.871940 -10477.540242 3.467662 0.660711 4.339602 0.660711 1.647448   1   2  -1 
2456020.892743 -0.026784 0.814514 -10474.892081 0.400252 -10476.269695 -0.322250 -10476.598957 1.384626 0.400252 1.706876 0.400252 1.647448   1   2  -1 
2456020.892743 -0.026784 0.814514 -10474.892081 0.400252 -10476.269695 -0.322250 -10476.598957 1.384626 0.400252 1.706876 0.400252 1.647448   1   2  -1 
2456020.898160 -0.021367 0.814893 -10474.995167 0.390725 -10476.269695 -0.327397 -10476.604760 1.282196 0.390725 1.609593 0.390725 1.647448   1   2  -1 
2456020.898160 -0.021367 0.814893 -10474.995167 0.390725 -10476.269695 -0.327397 -10476.604760 1.282196 0.390725 1.609593 0.390725 1.647448   1   2  -1 
2456022.889397 1.969870 0.954240 -10478.871489 0.497344 -10476.269695 -2.178649 -10478.755767 -2.294371 0.497344 -0.115722 0.497344 1.647448   1   2  -1 
2456022.889397 1.969870 0.954240 -10478.871489 0.497344 -10476.269695 -2.178649 -10478.755767 -2.294371 0.497344 -0.115722 0.497344 1.647448   1   2  -1 
2456022.894884 1.975357 0.954624 -10479.815426 0.556527 -10476.269695 -2.182378 -10478.760973 -3.236832 0.556527 -1.054453 0.556527 1.647448   1   2  -1 
2456022.894884 1.975357 0.954624 -10479.815426 0.556527 -10476.269695 -2.182378 -10478.760973 -3.236832 0.556527 -1.054453 0.556527 1.647448   1   2  -1 
2456024.891353 3.971826 0.094336 -10480.979281 0.428656 -10476.269695 -2.098505 -10479.368254 -3.709531 0.428656 -1.611027 0.428656 1.647448   1   2  -1 
2456024.891353 3.971826 0.094336 -10480.979281 0.428656 -10476.269695 -2.098505 -10479.368254 -3.709531 0.428656 -1.611027 0.428656 1.647448   1   2  -1 
2456024.897048 3.977521 0.094735 -10480.604419 0.407038 -10476.269695 -2.094090 -10479.365619 -3.332891 0.407038 -1.238800 0.407038 1.647448   1   2  -1 
2456024.897048 3.977521 0.094735 -10480.604419 0.407038 -10476.269695 -2.094090 -10479.365619 -3.332891 0.407038 -1.238800 0.407038 1.647448   1   2  -1 
2456028.922257 -6.287115 0.376418 -10477.908590 0.345283 -10476.269695 1.417239 -10476.207580 -0.283771 0.345283 -1.701010 0.345283 1.647448   1   2  -1 
2456028.922257 -6.287115 0.376418 -10477.908590 0.345283 -10476.269695 1.417239 -10476.207580 -0.283771 0.345283 -1.701010 0.345283 1.647448   1   2  -1 
2456029.892891 -5.316481 0.444342 -10478.166891 0.543499 -10476.269695 1.739020 -10476.170304 -0.257568 0.543499 -1.996587 0.543499 1.647448   1   2  -1 
2456029.892891 -5.316481 0.444342 -10478.166891 0.543499 -10476.269695 1.739020 -10476.170304 -0.257568 0.543499 -1.996587 0.543499 1.647448   1   2  -1 
2456029.898354 -5.311018 0.444725 -10478.569496 0.519266 -10476.269695 1.740163 -10476.171169 -0.658164 0.519266 -2.398327 0.519266 1.647448   1   2  -1 
2456029.898354 -5.311018 0.444725 -10478.569496 0.519266 -10476.269695 1.740163 -10476.171169 -0.658164 0.519266 -2.398327 0.519266 1.647448   1   2  -1 
2456031.852968 -3.356404 0.581508 -10477.024746 0.408809 -10476.269695 1.704816 -10476.965460 1.645530 0.408809 -0.059286 0.408809 1.647448   1   2  -1 
2456031.852968 -3.356404 0.581508 -10477.024746 0.408809 -10476.269695 1.704816 -10476.965460 1.645530 0.408809 -0.059286 0.408809 1.647448   1   2  -1 
2456052.857065 3.357847 0.051370 -10480.793021 0.406318 -10476.269695 -2.451219 -10478.970879 -4.273361 0.406318 -1.822142 0.406318 1.647448   1   2  -1 
2456052.857065 3.357847 0.051370 -10480.793021 0.406318 -10476.269695 -2.451219 -10478.970879 -4.273361 0.406318 -1.822142 0.406318 1.647448   1   2  -1 
2456052.862482 3.363264 0.051749 -10480.156970 0.393840 -10476.269695 -2.449302 -10478.969039 -3.637233 0.393840 -1.187931 0.393840 1.647448   1   2  -1 
2456052.862482 3.363264 0.051749 -10480.156970 0.393840 -10476.269695 -2.449302 -10478.969039 -3.637233 0.393840 -1.187931 0.393840 1.647448   1   2  -1 
2456053.851639 4.352421 0.120970 -10480.816786 0.437473 -10476.269695 -1.768223 -10478.276262 -4.308747 0.437473 -2.540524 0.437473 1.647448   1   2  -1 
2456053.851639 4.352421 0.120970 -10480.816786 0.437473 -10476.269695 -1.768223 -10478.276262 -4.308747 0.437473 -2.540524 0.437473 1.647448   1   2  -1 
2456053.857114 4.357896 0.121353 -10476.986852 0.414343 -10476.269695 -1.763018 -10478.270866 -0.479005 0.414343 1.284014 0.414343 1.647448   1   2  -1 
2456053.857114 4.357896 0.121353 -10476.986852 0.414343 -10476.269695 -1.763018 -10478.270866 -0.479005 0.414343 1.284014 0.414343 1.647448   1   2  -1 
2456054.839916 5.340698 0.190129 -10479.578072 0.266506 -10476.269695 -0.729531 -10477.184341 -3.123262 0.266506 -2.393731 0.266506 1.647448   1   2  -1 
2456054.839916 5.340698 0.190129 -10479.578072 0.266506 -10476.269695 -0.729531 -10477.184341 -3.123262 0.266506 -2.393731 0.266506 1.647448   1   2  -1 
2456055.886865 6.387647 0.263395 -10478.308216 0.254853 -10476.269695 0.322655 -10476.060999 -1.924562 0.254853 -2.247217 0.254853 1.647448   1   2  -1 
2456055.886865 6.387647 0.263395 -10478.308216 0.254853 -10476.269695 0.322655 -10476.060999 -1.924562 0.254853 -2.247217 0.254853 1.647448   1   2  -1 
2456056.818146 -6.970917 0.328565 -10476.145121 0.446651 -10476.269695 1.041403 -10475.342780 0.239062 0.446651 -0.802341 0.446651 1.647448   1   2  -1 
2456056.818146 -6.970917 0.328565 -10476.145121 0.446651 -10476.269695 1.041403 -10475.342780 0.239062 0.446651 -0.802341 0.446651 1.647448   1   2  -1 
2456056.823714 -6.965349 0.328955 -10476.399813 0.406993 -10476.269695 1.044982 -10475.339596 -0.015235 0.406993 -1.060217 0.406993 1.647448   1   2  -1 
2456056.823714 -6.965349 0.328955 -10476.399813 0.406993 -10476.269695 1.044982 -10475.339596 -0.015235 0.406993 -1.060217 0.406993 1.647448   1   2  -1 
2456078.843392 0.764484 0.869887 -10475.070920 0.323779 -10476.269695 -1.103044 -10477.367766 1.193801 0.323779 2.296846 0.323779 1.647448   1   2  -1 
2456078.843392 0.764484 0.869887 -10475.070920 0.323779 -10476.269695 -1.103044 -10477.367766 1.193801 0.323779 2.296846 0.323779 1.647448   1   2  -1 
2456078.849075 0.770167 0.870285 -10475.406297 0.316487 -10476.269695 -1.108733 -10477.371778 0.856748 0.316487 1.965481 0.316487 1.647448   1   2  -1 
2456078.849075 0.770167 0.870285 -10475.406297 0.316487 -10476.269695 -1.108733 -10477.371778 0.856748 0.316487 1.965481 0.316487 1.647448   1   2  -1 
2456081.832748 3.753840 0.079081 -10477.091748 0.398009 -10476.269695 -2.253037 -10477.764563 -1.580222 0.398009 0.672815 0.398009 1.647448   1   2  -1 
2456081.832748 3.753840 0.079081 -10477.091748 0.398009 -10476.269695 -2.253037 -10477.764563 -1.580222 0.398009 0.672815 0.398009 1.647448   1   2  -1 
2456081.838651 3.759743 0.079495 -10477.350415 0.323723 -10476.269695 -2.249244 -10477.759691 -1.839968 0.323723 0.409276 0.323723 1.647448   1   2  -1 
2456081.838651 3.759743 0.079495 -10477.350415 0.323723 -10476.269695 -2.249244 -10477.759691 -1.839968 0.323723 0.409276 0.323723 1.647448   1   2  -1 
2456085.820521 -6.548232 0.358145 -10474.269371 0.439249 -10476.269695 1.288778 -10473.944318 0.963725 0.439249 -0.325053 0.439249 1.647448   1   2  -1 
2456085.820521 -6.548232 0.358145 -10474.269371 0.439249 -10476.269695 1.288778 -10473.944318 0.963725 0.439249 -0.325053 0.439249 1.647448   1   2  -1 
2456085.826250 -6.542503 0.358546 -10473.694203 0.458936 -10476.269695 1.291794 -10473.940620 1.538211 0.458936 0.246417 0.458936 1.647448   1   2  -1 
2456085.826250 -6.542503 0.358546 -10473.694203 0.458936 -10476.269695 1.291794 -10473.940620 1.538211 0.458936 0.246417 0.458936 1.647448   1   2  -1 
2456088.742747 -3.626006 0.562642 -10472.336592 0.274700 -10476.269695 1.760944 -10472.865346 2.289698 0.274700 0.528754 0.274700 1.647448   1   2  -1 
2456088.742747 -3.626006 0.562642 -10472.336592 0.274700 -10476.269695 1.760944 -10472.865346 2.289698 0.274700 0.528754 0.274700 1.647448   1   2  -1 
2456092.900369 0.531616 0.853591 -10477.981567 0.314413 -10476.269695 -0.869663 -10475.619631 -3.231599 0.314413 -2.361936 0.314413 1.647448   1   2  -1 
2456092.900369 0.531616 0.853591 -10477.981567 0.314413 -10476.269695 -0.869663 -10475.619631 -3.231599 0.314413 -2.361936 0.314413 1.647448   1   2  -1 
2456115.815540 -5.132904 0.457189 -10474.774807 0.388096 -10476.269695 1.773494 -10472.454233 -0.547080 0.388096 -2.320574 0.388096 1.647448   1   2  -1 
2456115.815540 -5.132904 0.457189 -10474.774807 0.388096 -10476.269695 1.773494 -10472.454233 -0.547080 0.388096 -2.320574 0.388096 1.647448   1   2  -1 
2456118.809984 -2.138460 0.666740 -10471.978956 0.256427 -10476.269695 1.248967 -10473.060969 2.330979 0.256427 1.082013 0.256427 1.647448   1   2  -1 
2456118.809984 -2.138460 0.666740 -10471.978956 0.256427 -10476.269695 1.248967 -10473.060969 2.330979 0.256427 1.082013 0.256427 1.647448   1   2  -1 
2456121.820367 0.871923 0.877406 -10475.055286 0.705930 -10476.269695 -1.210352 -10475.370922 -0.894716 0.705930 0.315636 0.705930 1.647448   1   2  -1 
2456121.820367 0.871923 0.877406 -10475.055286 0.705930 -10476.269695 -1.210352 -10475.370922 -0.894716 0.705930 0.315636 0.705930 1.647448   1   2  -1 
2456149.686124 0.157990 0.827445 -10478.886301 0.422505 -10476.269695 -0.499991 -10476.680369 -2.705923 0.422505 -2.205932 0.422505 1.647448   1   2  -1 
2456149.686124 0.157990 0.827445 -10478.886301 0.422505 -10476.269695 -0.499991 -10476.680369 -2.705923 0.422505 -2.205932 0.422505 1.647448   1   2  -1 
2456154.723489 5.195355 0.179958 -10473.222066 0.432559 -10476.269695 -0.887196 -10474.162215 0.052952 0.432559 0.940149 0.432559 1.647448   1   2  -1 
2456154.723489 5.195355 0.179958 -10473.222066 0.432559 -10476.269695 -0.887196 -10474.162215 0.052952 0.432559 0.940149 0.432559 1.647448   1   2  -1 
2456154.728442 5.200308 0.180305 -10472.383548 0.640869 -10476.269695 -0.881813 -10474.157767 0.892407 0.640869 1.774219 0.640869 1.647448   1   2  -1 
2456154.728442 5.200308 0.180305 -10472.383548 0.640869 -10476.269695 -0.881813 -10474.157767 0.892407 0.640869 1.774219 0.640869 1.647448   1   2  -1 
2456166.527551 2.709571 0.006004 -10482.638275 0.322758 -10476.269695 -2.508173 -10480.244453 -4.901995 0.322758 -2.393822 0.322758 1.647448   1   2  -1 
2456166.527551 2.709571 0.006004 -10482.638275 0.322758 -10476.269695 -2.508173 -10480.244453 -4.901995 0.322758 -2.393822 0.322758 1.647448   1   2  -1 
2456168.609469 4.791489 0.151696 -10483.235121 0.485702 -10476.269695 -1.323240 -10479.890188 -4.668173 0.485702 -3.344933 0.485702 1.647448   1   2  -1 
2456168.609469 4.791489 0.151696 -10483.235121 0.485702 -10476.269695 -1.323240 -10479.890188 -4.668173 0.485702 -3.344933 0.485702 1.647448   1   2  -1 
2456168.615105 4.797125 0.152090 -10482.078140 0.428978 -10476.269695 -1.317256 -10479.884862 -3.510533 0.428978 -2.193278 0.428978 1.647448   1   2  -1 
2456168.615105 4.797125 0.152090 -10482.078140 0.428978 -10476.269695 -1.317256 -10479.884862 -3.510533 0.428978 -2.193278 0.428978 1.647448   1   2  -1 
2456171.510563 -6.597262 0.354714 -10477.310953 0.261955 -10476.269695 1.262599 -10476.819405 0.771051 0.261955 -0.491548 0.261955 1.647448   1   2  -1 
2456171.510563 -6.597262 0.354714 -10477.310953 0.261955 -10476.269695 1.262599 -10476.819405 0.771051 0.261955 -0.491548 0.261955 1.647448   1   2  -1 
2456173.694840 -4.412985 0.507569 -10472.314153 0.435027 -10476.269695 1.832028 -10476.071905 5.589780 0.435027 3.757752 0.435027 1.647448   1   2  -1 
2456173.694840 -4.412985 0.507569 -10472.314153 0.435027 -10476.269695 1.832028 -10476.071905 5.589780 0.435027 3.757752 0.435027 1.647448   1   2  -1 
2456181.612869 3.505044 0.061671 -10475.571527 0.304713 -10476.269695 -2.391046 -10477.761805 -0.200768 0.304713 2.190278 0.304713 1.647448   1   2  -1 
2456181.612869 3.505044 0.061671 -10475.571527 0.304713 -10476.269695 -2.391046 -10477.761805 -0.200768 0.304713 2.190278 0.304713 1.647448   1   2  -1 
2456186.623747 -5.773923 0.412331 -10470.871523 0.269145 -10476.269695 1.617205 -10472.768873 3.514555 0.269145 1.897350 0.269145 1.647448   1   2  -1 
2456186.623747 -5.773923 0.412331 -10470.871523 0.269145 -10476.269695 1.617205 -10472.768873 3.514555 0.269145 1.897350 0.269145 1.647448   1   2  -1 
2456189.666838 -2.730832 0.625286 -10471.752751 0.854916 -10476.269695 1.512257 -10472.647731 2.407237 0.854916 0.894980 0.854916 1.647448   1   2  -1 
2456189.666838 -2.730832 0.625286 -10471.752751 0.854916 -10476.269695 1.512257 -10472.647731 2.407237 0.854916 0.894980 0.854916 1.647448   1   2  -1 
2456190.592865 -1.804805 0.690089 -10474.982002 0.436640 -10476.269695 1.065624 -10473.246189 -0.670189 0.436640 -1.735813 0.436640 1.647448   1   2  -1 
2456190.592865 -1.804805 0.690089 -10474.982002 0.436640 -10476.269695 1.065624 -10473.246189 -0.670189 0.436640 -1.735813 0.436640 1.647448   1   2  -1 
2456190.598548 -1.799122 0.690486 -10475.915820 0.410184 -10476.269695 1.062282 -10473.250862 -1.602677 0.410184 -2.664958 0.410184 1.647448   1   2  -1 
2456190.598548 -1.799122 0.690486 -10475.915820 0.410184 -10476.269695 1.062282 -10473.250862 -1.602677 0.410184 -2.664958 0.410184 1.647448   1   2  -1 
2456195.586272 3.188602 0.039526 -10476.324229 0.455921 -10476.269695 -2.499287 -10476.456173 -2.367343 0.455921 0.131944 0.455921 1.647448   1   2  -1 
2456195.586272 3.188602 0.039526 -10476.324229 0.455921 -10476.269695 -2.499287 -10476.456173 -2.367343 0.455921 0.131944 0.455921 1.647448   1   2  -1 
2456195.591793 3.194123 0.039913 -10476.833989 0.456503 -10476.269695 -2.498085 -10476.454970 -2.877103 0.456503 -0.379019 0.456503 1.647448   1   2  -1 
2456195.591793 3.194123 0.039913 -10476.833989 0.456503 -10476.269695 -2.498085 -10476.454970 -2.877103 0.456503 -0.379019 0.456503 1.647448   1   2  -1 
2456198.564091 6.166421 0.247913 -10469.851121 0.593173 -10476.269695 0.118427 -10474.979752 5.247058 0.593173 5.128631 0.593173 1.647448   1   2  -1 
2456198.564091 6.166421 0.247913 -10469.851121 0.593173 -10476.269695 0.118427 -10474.979752 5.247058 0.593173 5.128631 0.593173 1.647448   1   2  -1 
2456198.569866 6.172196 0.248317 -10469.520142 0.625422 -10476.269695 0.123906 -10474.976646 5.580410 0.625422 5.456504 0.625422 1.647448   1   2  -1 
2456198.569866 6.172196 0.248317 -10469.520142 0.625422 -10476.269695 0.123906 -10474.976646 5.580410 0.625422 5.456504 0.625422 1.647448   1   2  -1 
2456204.547188 -2.140327 0.666609 -10474.005151 0.390830 -10476.269695 1.249922 -10475.597760 2.842531 0.390830 1.592609 0.390830 1.647448   1   2  -1 
2456204.547188 -2.140327 0.666609 -10474.005151 0.390830 -10476.269695 1.249922 -10475.597760 2.842531 0.390830 1.592609 0.390830 1.647448   1   2  -1 
2456205.523197 -1.164318 0.734910 -10476.331744 0.223735 -10476.269695 0.642837 -10476.288173 0.599266 0.223735 -0.043571 0.223735 1.647448   1   2  -1 
2456205.523197 -1.164318 0.734910 -10476.331744 0.223735 -10476.269695 0.642837 -10476.288173 0.599266 0.223735 -0.043571 0.223735 1.647448   1   2  -1 
2456208.615737 1.928222 0.951325 -10479.274458 0.471028 -10476.269695 -2.149823 -10477.806719 -3.617562 0.471028 -1.467739 0.471028 1.647448   1   2  -1 
2456208.615737 1.928222 0.951325 -10479.274458 0.471028 -10476.269695 -2.149823 -10477.806719 -3.617562 0.471028 -1.467739 0.471028 1.647448   1   2  -1 
2456209.540800 2.853285 0.016061 -10475.726000 0.526879 -10476.269695 -2.525275 -10477.887853 -0.363422 0.526879 2.161853 0.526879 1.647448   1   2  -1 
2456209.540800 2.853285 0.016061 -10475.726000 0.526879 -10476.269695 -2.525275 -10477.887853 -0.363422 0.526879 2.161853 0.526879 1.647448   1   2  -1 
2456210.532155 3.844640 0.085436 -10475.727704 0.432092 -10476.269695 -2.192206 -10477.280349 -0.639562 0.432092 1.552645 0.432092 1.647448   1   2  -1 
2456210.532155 3.844640 0.085436 -10475.727704 0.432092 -10476.269695 -2.192206 -10477.280349 -0.639562 0.432092 1.552645 0.432092 1.647448   1   2  -1 
2456212.523498 5.835983 0.224789 -10470.032065 0.239792 -10476.269695 -0.207122 -10474.363298 4.124111 0.239792 4.331233 0.239792 1.647448   1   2  -1 
2456212.523498 5.835983 0.224789 -10470.032065 0.239792 -10476.269695 -0.207122 -10474.363298 4.124111 0.239792 4.331233 0.239792 1.647448   1   2  -1 
2456217.523649 -3.453712 0.574699 -10469.768240 0.370476 -10476.269695 1.726937 -10470.262749 2.221447 0.370476 0.494509 0.370476 1.647448   1   2  -1 
2456217.523649 -3.453712 0.574699 -10469.768240 0.370476 -10476.269695 1.726937 -10470.262749 2.221447 0.370476 0.494509 0.370476 1.647448   1   2  -1 
2456217.529482 -3.447879 0.575107 -10468.041405 0.361734 -10476.269695 1.725670 -10470.262928 3.947193 0.361734 2.221523 0.361734 1.647448   1   2  -1 
2456217.529482 -3.447879 0.575107 -10468.041405 0.361734 -10476.269695 1.725670 -10470.262928 3.947193 0.361734 2.221523 0.361734 1.647448   1   2  -1 
2456218.587951 -2.389410 0.649178 -10468.491163 0.391645 -10476.269695 1.370188 -10470.445513 3.324538 0.391645 1.954350 0.391645 1.647448   1   2  -1 
2456218.587951 -2.389410 0.649178 -10468.491163 0.391645 -10476.269695 1.370188 -10470.445513 3.324538 0.391645 1.954350 0.391645 1.647448   1   2  -1 
2456219.500319 -1.477042 0.713026 -10469.245686 0.247828 -10476.269695 0.860844 -10470.855295 2.470453 0.247828 1.609609 0.247828 1.647448   1   2  -1 
2456219.500319 -1.477042 0.713026 -10469.245686 0.247828 -10476.269695 0.860844 -10470.855295 2.470453 0.247828 1.609609 0.247828 1.647448   1   2  -1 
2456220.491327 -0.486034 0.782376 -10472.137625 0.391613 -10476.269695 0.097231 -10471.576923 -0.463471 0.391613 -0.560702 0.391613 1.647448   1   2  -1 
2456220.491327 -0.486034 0.782376 -10472.137625 0.391613 -10476.269695 0.097231 -10471.576923 -0.463471 0.391613 -0.560702 0.391613 1.647448   1   2  -1 
2456220.514069 -0.463292 0.783968 -10472.572915 0.320320 -10476.269695 0.077324 -10471.596648 -0.898943 0.320320 -0.976267 0.320320 1.647448   1   2  -1 
2456220.514069 -0.463292 0.783968 -10472.572915 0.320320 -10476.269695 0.077324 -10471.596648 -0.898943 0.320320 -0.976267 0.320320 1.647448   1   2  -1 
2456409.867093 3.121744 0.034847 -10475.673600 0.617333 -10476.269695 -2.511869 -10475.092701 -3.092767 0.617333 -0.580899 0.617333 1.647448   1   2  -1 
2456409.867093 3.121744 0.034847 -10475.673600 0.617333 -10476.269695 -2.511869 -10475.092701 -3.092767 0.617333 -0.580899 0.617333 1.647448   1   2  -1 
2456409.872719 3.127370 0.035241 -10476.137178 0.595203 -10476.269695 -2.510952 -10475.092273 -3.555856 0.595203 -1.044905 0.595203 1.647448   1   2  -1 
2456409.872719 3.127370 0.035241 -10476.137178 0.595203 -10476.269695 -2.510952 -10475.092273 -3.555856 0.595203 -1.044905 0.595203 1.647448   1   2  -1 
2456410.795661 4.050312 0.099828 -10473.625918 3.271074 -10476.269695 -2.036110 -10475.208289 -0.453738 3.271074 1.582371 3.271074 1.647448   1   2  -1 
2456410.795661 4.050312 0.099828 -10473.625918 3.271074 -10476.269695 -2.036110 -10475.208289 -0.453738 3.271074 1.582371 3.271074 1.647448   1   2  -1 
2456410.804261 4.058912 0.100430 -10469.468381 2.427430 -10476.269695 -2.029074 -10475.210791 3.713336 2.427430 5.742410 2.427430 1.647448   1   2  -1 
2456410.804261 4.058912 0.100430 -10469.468381 2.427430 -10476.269695 -2.029074 -10475.210791 3.713336 2.427430 5.742410 2.427430 1.647448   1   2  -1 
2456416.824768 -4.210426 0.521744 -10472.302186 0.550392 -10476.269695 1.827022 -10471.618383 1.143219 0.550392 -0.683803 0.550392 1.647448   1   2  -1 
2456416.824768 -4.210426 0.521744 -10472.302186 0.550392 -10476.269695 1.827022 -10471.618383 1.143219 0.550392 -0.683803 0.550392 1.647448   1   2  -1 
2456416.828565 -4.206629 0.522010 -10470.986675 0.545862 -10476.269695 1.826840 -10471.617729 2.457894 0.545862 0.631054 0.545862 1.647448   1   2  -1 
2456416.828565 -4.206629 0.522010 -10470.986675 0.545862 -10476.269695 1.826840 -10471.617729 2.457894 0.545862 0.631054 0.545862 1.647448   1   2  -1 
2456416.832443 -4.202751 0.522281 -10471.882453 0.566830 -10476.269695 1.826650 -10471.617075 1.561272 0.566830 -0.265378 0.566830 1.647448   1   2  -1 
2456416.832443 -4.202751 0.522281 -10471.882453 0.566830 -10476.269695 1.826650 -10471.617075 1.561272 0.566830 -0.265378 0.566830 1.647448   1   2  -1 
2456432.884915 -2.440125 0.645629 -10474.962361 0.393986 -10476.269695 1.392953 -10475.290994 1.721586 0.393986 0.328633 0.393986 1.647448   1   2  -1 
2456432.884915 -2.440125 0.645629 -10474.962361 0.393986 -10476.269695 1.392953 -10475.290994 1.721586 0.393986 0.328633 0.393986 1.647448   1   2  -1 
2456432.890124 -2.434916 0.645994 -10475.372110 0.450803 -10476.269695 1.390642 -10475.292609 1.311140 0.450803 -0.079501 0.450803 1.647448   1   2  -1 
2456432.890124 -2.434916 0.645994 -10475.372110 0.450803 -10476.269695 1.390642 -10475.292609 1.311140 0.450803 -0.079501 0.450803 1.647448   1   2  -1 
2456433.905268 -1.419772 0.717033 -10472.852948 0.738644 -10476.269695 0.822562 -10475.698742 3.668356 0.738644 2.845794 0.738644 1.647448   1   2  -1 
2456433.905268 -1.419772 0.717033 -10472.852948 0.738644 -10476.269695 0.822562 -10475.698742 3.668356 0.738644 2.845794 0.738644 1.647448   1   2  -1 
2456433.910395 -1.414645 0.717392 -10474.512391 0.801539 -10476.269695 0.819099 -10475.701360 2.008068 0.801539 1.188969 0.801539 1.647448   1   2  -1 
2456433.910395 -1.414645 0.717392 -10474.512391 0.801539 -10476.269695 0.819099 -10475.701360 2.008068 0.801539 1.188969 0.801539 1.647448   1   2  -1 
2456434.892458 -0.432582 0.786117 -10475.434897 0.484791 -10476.269695 0.050289 -10476.324399 0.939791 0.484791 0.889502 0.484791 1.647448   1   2  -1 
2456434.892458 -0.432582 0.786117 -10475.434897 0.484791 -10476.269695 0.050289 -10476.324399 0.939791 0.484791 0.889502 0.484791 1.647448   1   2  -1 
2456434.898129 -0.426911 0.786513 -10474.106533 0.468854 -10476.269695 0.045277 -10476.328671 2.267415 0.468854 2.222138 0.468854 1.647448   1   2  -1 
2456434.898129 -0.426911 0.786513 -10474.106533 0.468854 -10476.269695 0.045277 -10476.328671 2.267415 0.468854 2.222138 0.468854 1.647448   1   2  -1 
2456437.889188 2.564148 0.995827 -10477.501611 0.400790 -10476.269695 -2.474141 -10478.381743 -1.594009 0.400790 0.880132 0.400790 1.647448   1   2  -1 
2456437.889188 2.564148 0.995827 -10477.501611 0.400790 -10476.269695 -2.474141 -10478.381743 -1.594009 0.400790 0.880132 0.400790 1.647448   1   2  -1 
2456437.894720 2.569680 0.996214 -10477.202903 0.367888 -10476.269695 -2.475735 -10478.382154 -1.296484 0.367888 1.179251 0.367888 1.647448   1   2  -1 
2456437.894720 2.569680 0.996214 -10477.202903 0.367888 -10476.269695 -2.475735 -10478.382154 -1.296484 0.367888 1.179251 0.367888 1.647448   1   2  -1 
2456438.860772 3.535732 0.063818 -10477.416873 0.320407 -10476.269695 -2.376425 -10478.076705 -1.716593 0.320407 0.659832 0.320407 1.647448   1   2  -1 
2456438.860772 3.535732 0.063818 -10477.416873 0.320407 -10476.269695 -2.376425 -10478.076705 -1.716593 0.320407 0.659832 0.320407 1.647448   1   2  -1 
2456441.860316 6.535276 0.273726 -10477.889690 0.423142 -10476.269695 0.452159 -10474.715789 -2.721742 0.423142 -3.173901 0.423142 1.647448   1   2  -1 
2456441.860316 6.535276 0.273726 -10477.889690 0.423142 -10476.269695 0.452159 -10474.715789 -2.721742 0.423142 -3.173901 0.423142 1.647448   1   2  -1 
2456454.832361 5.217476 0.181506 -10475.281861 0.354619 -10476.269695 -0.863154 -10474.942122 -1.202893 0.354619 -0.339739 0.354619 1.647448   1   2  -1 
2456454.832361 5.217476 0.181506 -10475.281861 0.354619 -10476.269695 -0.863154 -10474.942122 -1.202893 0.354619 -0.339739 0.354619 1.647448   1   2  -1 
2456454.837894 5.223009 0.181894 -10474.118452 0.355826 -10476.269695 -0.857142 -10474.937185 -0.038409 0.355826 0.818733 0.355826 1.647448   1   2  -1 
2456454.837894 5.223009 0.181894 -10474.118452 0.355826 -10476.269695 -0.857142 -10474.937185 -0.038409 0.355826 0.818733 0.355826 1.647448   1   2  -1 
2456467.823190 3.918460 0.090601 -10478.702475 0.627828 -10476.269695 -2.138978 -10477.602220 -3.239233 0.627828 -1.100255 0.627828 1.647448   1   2  -1 
2456467.823190 3.918460 0.090601 -10478.702475 0.627828 -10476.269695 -2.138978 -10477.602220 -3.239233 0.627828 -1.100255 0.627828 1.647448   1   2  -1 
2456467.826929 3.922199 0.090863 -10477.017285 0.556688 -10476.269695 -2.136196 -10477.598463 -1.555018 0.556688 0.581178 0.556688 1.647448   1   2  -1 
2456467.826929 3.922199 0.090863 -10477.017285 0.556688 -10476.269695 -2.136196 -10477.598463 -1.555018 0.556688 0.581178 0.556688 1.647448   1   2  -1 
2456467.830702 3.925972 0.091127 -10477.517838 0.592918 -10476.269695 -2.133380 -10477.594662 -2.056556 0.592918 0.076824 0.592918 1.647448   1   2  -1 
2456467.830702 3.925972 0.091127 -10477.517838 0.592918 -10476.269695 -2.133380 -10477.594662 -2.056556 0.592918 0.076824 0.592918 1.647448   1   2  -1 
2456473.860840 -4.333735 0.513115 -10476.447652 0.525661 -10476.269695 1.831176 -10474.729904 0.113428 0.525661 -1.717748 0.525661 1.647448   1   2  -1 
2456473.860840 -4.333735 0.513115 -10476.447652 0.525661 -10476.269695 1.831176 -10474.729904 0.113428 0.525661 -1.717748 0.525661 1.647448   1   2  -1 
2456473.864821 -4.329754 0.513393 -10476.577531 0.508451 -10476.269695 1.831096 -10474.727926 -0.018509 0.508451 -1.849605 0.508451 1.647448   1   2  -1 
2456473.864821 -4.329754 0.513393 -10476.577531 0.508451 -10476.269695 1.831096 -10474.727926 -0.018509 0.508451 -1.849605 0.508451 1.647448   1   2  -1 
2456473.868595 -4.325980 0.513658 -10477.152422 0.549460 -10476.269695 1.831016 -10474.726048 -0.595358 0.549460 -2.426374 0.549460 1.647448   1   2  -1 
2456473.868595 -4.325980 0.513658 -10477.152422 0.549460 -10476.269695 1.831016 -10474.726048 -0.595358 0.549460 -2.426374 0.549460 1.647448   1   2  -1 
2456480.776552 2.581977 0.997075 -10477.791088 0.498216 -10476.269695 -2.479196 -10477.001363 -3.268921 0.498216 -0.789725 0.498216 1.647448   1   2  -1 
2456480.776552 2.581977 0.997075 -10477.791088 0.498216 -10476.269695 -2.479196 -10477.001363 -3.268921 0.498216 -0.789725 0.498216 1.647448   1   2  -1 
2456480.782281 2.587706 0.997476 -10479.026503 0.462663 -10476.269695 -2.480769 -10476.999426 -4.507846 0.462663 -2.027077 0.462663 1.647448   1   2  -1 
2456480.782281 2.587706 0.997476 -10479.026503 0.462663 -10476.269695 -2.480769 -10476.999426 -4.507846 0.462663 -2.027077 0.462663 1.647448   1   2  -1 
2456481.631506 3.436931 0.056904 -10479.243238 0.620379 -10476.269695 -2.420963 -10476.394816 -5.269385 0.620379 -2.848422 0.620379 1.647448   1   2  -1 
2456481.631506 3.436931 0.056904 -10479.243238 0.620379 -10476.269695 -2.420963 -10476.394816 -5.269385 0.620379 -2.848422 0.620379 1.647448   1   2  -1 
2456481.637189 3.442614 0.057302 -10479.719427 0.629706 -10476.269695 -2.418602 -10476.388850 -5.749179 0.629706 -3.330577 0.629706 1.647448   1   2  -1 
2456481.637189 3.442614 0.057302 -10479.719427 0.629706 -10476.269695 -2.418602 -10476.388850 -5.749179 0.629706 -3.330577 0.629706 1.647448   1   2  -1 
2456501.599929 -5.174337 0.454290 -10471.824389 0.315832 -10476.269695 1.766421 -10473.297174 3.239207 0.315832 1.472785 0.315832 1.647448   1   2  -1 
2456501.599929 -5.174337 0.454290 -10471.824389 0.315832 -10476.269695 1.766421 -10473.297174 3.239207 0.315832 1.472785 0.315832 1.647448   1   2  -1 
2456523.744316 2.680205 0.003949 -10476.503679 0.283739 -10476.269695 -2.502637 -10476.652852 -2.353464 0.283739 0.149173 0.283739 1.647448   1   2  -1 
2456523.744316 2.680205 0.003949 -10476.503679 0.283739 -10476.269695 -2.502637 -10476.652852 -2.353464 0.283739 0.149173 0.283739 1.647448   1   2  -1 
2456524.691276 3.627165 0.070217 -10475.914483 0.351566 -10476.269695 -2.328773 -10476.416006 -1.827250 0.351566 0.501523 0.351566 1.647448   1   2  -1 
2456524.691276 3.627165 0.070217 -10475.914483 0.351566 -10476.269695 -2.328773 -10476.416006 -1.827250 0.351566 0.501523 0.351566 1.647448   1   2  -1 
2456524.696693 3.632582 0.070596 -10476.491657 0.358347 -10476.269695 -2.325762 -10476.412181 -2.405237 0.358347 -0.079476 0.358347 1.647448   1   2  -1 
2456524.696693 3.632582 0.070596 -10476.491657 0.358347 -10476.269695 -2.325762 -10476.412181 -2.405237 0.358347 -0.079476 0.358347 1.647448   1   2  -1 
2456525.743740 4.679629 0.143868 -10476.578898 0.318867 -10476.269695 -1.440928 -10475.359062 -2.660764 0.318867 -1.219836 0.318867 1.647448   1   2  -1 
2456525.743740 4.679629 0.143868 -10476.578898 0.318867 -10476.269695 -1.440928 -10475.359062 -2.660764 0.318867 -1.219836 0.318867 1.647448   1   2  -1 
2456569.534062 5.600415 0.208304 -10476.206904 0.538465 -10476.269695 -0.451623 -10474.920355 -1.738171 0.538465 -1.286549 0.538465 1.647448   1   2  -1 
2456569.534062 5.600415 0.208304 -10476.206904 0.538465 -10476.269695 -0.451623 -10474.920355 -1.738171 0.538465 -1.286549 0.538465 1.647448   1   2  -1 
2456585.564665 -6.948672 0.330122 -10473.765867 0.427831 -10476.269695 1.055652 -10474.095335 1.385120 0.427831 0.329468 0.427831 1.647448   1   2  -1 
2456585.564665 -6.948672 0.330122 -10473.765867 0.427831 -10476.269695 1.055652 -10474.095335 1.385120 0.427831 0.329468 0.427831 1.647448   1   2  -1 
2456585.568473 -6.944864 0.330389 -10475.180778 0.414412 -10476.269695 1.058077 -10474.091478 -0.031223 0.414412 -1.089300 0.414412 1.647448   1   2  -1 
2456585.568473 -6.944864 0.330389 -10475.180778 0.414412 -10476.269695 1.058077 -10474.091478 -0.031223 0.414412 -1.089300 0.414412 1.647448   1   2  -1 
2456585.572350 -6.940987 0.330660 -10474.743998 0.423051 -10476.269695 1.060542 -10474.087553 0.404098 0.423051 -0.656445 0.423051 1.647448   1   2  -1 
2456585.572350 -6.940987 0.330660 -10474.743998 0.423051 -10476.269695 1.060542 -10474.087553 0.404098 0.423051 -0.656445 0.423051 1.647448   1   2  -1 
2456586.547688 -5.965649 0.398914 -10474.360620 0.464286 -10476.269695 1.550497 -10473.220077 0.409954 0.464286 -1.140543 0.464286 1.647448   1   2  -1 
2456586.547688 -5.965649 0.398914 -10474.360620 0.464286 -10476.269695 1.550497 -10473.220077 0.409954 0.464286 -1.140543 0.464286 1.647448   1   2  -1 
2456586.551530 -5.961807 0.399183 -10474.580572 0.496503 -10476.269695 1.551927 -10473.217254 0.188608 0.496503 -1.363318 0.496503 1.647448   1   2  -1 
2456586.551530 -5.961807 0.399183 -10474.580572 0.496503 -10476.269695 1.551927 -10473.217254 0.188608 0.496503 -1.363318 0.496503 1.647448   1   2  -1 
2456586.555442 -5.957895 0.399456 -10475.256026 0.515154 -10476.269695 1.553378 -10473.214385 -0.488263 0.515154 -2.041641 0.515154 1.647448   1   2  -1 
2456586.555442 -5.957895 0.399456 -10475.256026 0.515154 -10476.269695 1.553378 -10473.214385 -0.488263 0.515154 -2.041641 0.515154 1.647448   1   2  -1 
2456590.510961 -2.002376 0.676263 -10473.364197 0.683759 -10476.269695 1.177250 -10472.750547 0.563600 0.683759 -0.613650 0.683759 1.647448   1   2  -1 
2456590.510961 -2.002376 0.676263 -10473.364197 0.683759 -10476.269695 1.177250 -10472.750547 0.563600 0.683759 -0.613650 0.683759 1.647448   1   2  -1 
2456590.514943 -1.998394 0.676541 -10471.788641 0.761395 -10476.269695 1.175088 -10472.750874 2.137321 0.761395 0.962233 0.761395 1.647448   1   2  -1 
2456590.514943 -1.998394 0.676541 -10471.788641 0.761395 -10476.269695 1.175088 -10472.750874 2.137321 0.761395 0.962233 0.761395 1.647448   1   2  -1 
2456590.518611 -1.994726 0.676798 -10472.177822 0.643858 -10476.269695 1.173094 -10472.751174 1.746445 0.643858 0.573352 0.643858 1.647448   1   2  -1 
2456590.518611 -1.994726 0.676798 -10472.177822 0.643858 -10476.269695 1.173094 -10472.751174 1.746445 0.643858 0.573352 0.643858 1.647448   1   2  -1 
2456765.917789 1.926309 0.951191 -10478.736988 0.356105 -10476.269695 -2.148478 -10477.883162 -3.002303 0.356105 -0.853826 0.356105 1.647448   1   2  -1 
2456765.917789 1.926309 0.951191 -10478.736988 0.356105 -10476.269695 -2.148478 -10477.883162 -3.002303 0.356105 -0.853826 0.356105 1.647448   1   2  -1 
2456765.923021 1.931541 0.951557 -10479.356033 0.359343 -10476.269695 -2.152154 -10477.886224 -3.621963 0.359343 -1.469809 0.359343 1.647448   1   2  -1 
2456765.923021 1.931541 0.951557 -10479.356033 0.359343 -10476.269695 -2.152154 -10477.886224 -3.621963 0.359343 -1.469809 0.359343 1.647448   1   2  -1 
2456789.854143 -2.717028 0.626252 -10471.510093 0.391560 -10476.269695 1.507022 -10471.148407 1.145336 0.391560 -0.361686 0.391560 1.647448   1   2  -1 
2456789.854143 -2.717028 0.626252 -10471.510093 0.391560 -10476.269695 1.507022 -10471.148407 1.145336 0.391560 -0.361686 0.391560 1.647448   1   2  -1 
2456789.859722 -2.711449 0.626642 -10471.639643 0.405092 -10476.269695 1.504894 -10471.148843 1.014094 0.405092 -0.490800 0.405092 1.647448   1   2  -1 
2456789.859722 -2.711449 0.626642 -10471.639643 0.405092 -10476.269695 1.504894 -10471.148843 1.014094 0.405092 -0.490800 0.405092 1.647448   1   2  -1 
2456806.890179 0.029163 0.818429 -10477.728101 0.424327 -10476.269695 -0.375606 -10476.268394 -1.835313 0.424327 -1.459707 0.424327 1.647448   1   2  -1 
2456806.890179 0.029163 0.818429 -10477.728101 0.424327 -10476.269695 -0.375606 -10476.268394 -1.835313 0.424327 -1.459707 0.424327 1.647448   1   2  -1 
2456829.893363 -5.547344 0.428187 -10474.769093 0.272363 -10476.269695 1.684031 -10473.600002 0.514940 0.272363 -1.169091 0.272363 1.647448   1   2  -1 
2456829.893363 -5.547344 0.428187 -10474.769093 0.272363 -10476.269695 1.684031 -10473.600002 0.514940 0.272363 -1.169091 0.272363 1.647448   1   2  -1 
2456857.748704 -6.271693 0.377497 -10473.725387 0.458440 -10476.269695 1.424254 -10472.873665 0.572533 0.458440 -0.851722 0.458440 1.647448   1   2  -1 
2456857.748704 -6.271693 0.377497 -10473.725387 0.458440 -10476.269695 1.424254 -10472.873665 0.572533 0.458440 -0.851722 0.458440 1.647448   1   2  -1 
2456857.754433 -6.265964 0.377898 -10473.163228 0.448012 -10476.269695 1.426844 -10472.871015 1.134632 0.448012 -0.292213 0.448012 1.647448   1   2  -1 
2456857.754433 -6.265964 0.377898 -10473.163228 0.448012 -10476.269695 1.426844 -10472.871015 1.134632 0.448012 -0.292213 0.448012 1.647448   1   2  -1 
2456866.784629 2.764232 0.009829 -10479.134302 0.372433 -10476.269695 -2.516644 -10478.826185 -2.824761 0.372433 -0.308117 0.372433 1.647448   1   2  -1 
2456866.784629 2.764232 0.009829 -10479.134302 0.372433 -10476.269695 -2.516644 -10478.826185 -2.824761 0.372433 -0.308117 0.372433 1.647448   1   2  -1 
2456896.727940 4.127852 0.105255 -10476.588857 0.526898 -10476.269695 -1.971320 -10475.379764 -3.180413 0.526898 -1.209093 0.526898 1.647448   1   2  -1 
2456896.727940 4.127852 0.105255 -10476.588857 0.526898 -10476.269695 -1.971320 -10475.379764 -3.180413 0.526898 -1.209093 0.526898 1.647448   1   2  -1 
2456896.733287 4.133199 0.105629 -10476.057196 0.651138 -10476.269695 -1.966743 -10475.373616 -2.650323 0.651138 -0.683580 0.651138 1.647448   1   2  -1 
2456896.733287 4.133199 0.105629 -10476.057196 0.651138 -10476.269695 -1.966743 -10475.373616 -2.650323 0.651138 -0.683580 0.651138 1.647448   1   2  -1 
2457146.919889 -2.897413 0.613628 -10475.918297 0.272209 -10476.269695 1.572067 -10472.818953 -1.527278 0.272209 -3.099344 0.272209 1.647448   1   2  -1 
2457146.919889 -2.897413 0.613628 -10475.918297 0.272209 -10476.269695 1.572067 -10472.818953 -1.527278 0.272209 -3.099344 0.272209 1.647448   1   2  -1 
2457176.844500 -1.552493 0.707746 -10464.313000 0.241278 -10461.276400 0.910146 -10463.059021 -0.343833 0.241278 -1.253979 0.241278 1.647448   1   3  -1 
2457176.844500 -1.552493 0.707746 -10464.313000 0.241278 -10461.276400 0.910146 -10463.059021 -0.343833 0.241278 -1.253979 0.241278 1.647448   1   3  -1 
2457180.950532 2.553539 0.995085 -10468.297390 0.305748 -10461.276400 -2.471017 -10465.934682 -4.833725 0.305748 -2.362708 0.305748 1.647448   1   3  -1 
2457180.950532 2.553539 0.995085 -10468.297390 0.305748 -10461.276400 -2.471017 -10465.934682 -4.833725 0.305748 -2.362708 0.305748 1.647448   1   3  -1 
2457180.956053 2.559060 0.995471 -10469.641714 0.321155 -10461.276400 -2.472653 -10465.936905 -6.177462 0.321155 -3.704809 0.321155 1.647448   1   3  -1 
2457180.956053 2.559060 0.995471 -10469.641714 0.321155 -10461.276400 -2.472653 -10465.936905 -6.177462 0.321155 -3.704809 0.321155 1.647448   1   3  -1 
2457257.708144 -6.427920 0.366564 -10458.156667 0.478548 -10461.276400 1.350249 -10456.774346 -0.032072 0.478548 -1.382321 0.478548 1.647448   1   3  -1 
2457257.708144 -6.427920 0.366564 -10458.156667 0.478548 -10461.276400 1.350249 -10456.774346 -0.032072 0.478548 -1.382321 0.478548 1.647448   1   3  -1 
2457257.713815 -6.422249 0.366961 -10458.308869 0.515819 -10461.276400 1.353050 -10456.772993 -0.182826 0.515819 -1.535876 0.515819 1.647448   1   3  -1 
2457257.713815 -6.422249 0.366961 -10458.308869 0.515819 -10461.276400 1.353050 -10456.772993 -0.182826 0.515819 -1.535876 0.515819 1.647448   1   3  -1 
2457307.523708 0.518108 0.852646 -10460.965808 0.284606 -10461.276400 -0.856147 -10462.226886 0.404930 0.284606 1.261078 0.284606 1.647448   1   3  -1 
2457307.523708 0.518108 0.852646 -10460.965808 0.284606 -10461.276400 -0.856147 -10462.226886 0.404930 0.284606 1.261078 0.284606 1.647448   1   3  -1 
2457307.529113 0.523513 0.853024 -10461.174528 0.295801 -10461.276400 -0.861555 -10462.231535 0.195452 0.295801 1.057007 0.295801 1.647448   1   3  -1 
2457307.529113 0.523513 0.853024 -10461.174528 0.295801 -10461.276400 -0.861555 -10462.231535 0.195452 0.295801 1.057007 0.295801 1.647448   1   3  -1 
2457675.588735 -2.952842 0.609749 -10454.424591 0.266631 -10461.276400 1.590591 -10459.019987 6.185987 0.266631 4.595396 0.266631 1.647448   1   3  -1 
2457675.588735 -2.952842 0.609749 -10454.424591 0.266631 -10461.276400 1.590591 -10459.019987 6.185987 0.266631 4.595396 0.266631 1.647448   1   3  -1 
2457879.840329 1.240919 0.903228 -10463.101417 0.420408 -10461.276400 -1.570391 -10464.297707 -0.374100 0.420408 1.196290 0.420408 1.647448   1   3  -1 
2457879.840329 1.240919 0.903228 -10463.101417 0.420408 -10461.276400 -1.570391 -10464.297707 -0.374100 0.420408 1.196290 0.420408 1.647448   1   3  -1 
2457943.770578 -6.278059 0.377052 -10457.458256 0.227044 -10461.276400 1.421366 -10458.659985 2.623095 0.227044 1.201729 0.227044 1.647448   1   3  -1 
2457943.770578 -6.278059 0.377052 -10457.458256 0.227044 -10461.276400 1.421366 -10458.659985 2.623095 0.227044 1.201729 0.227044 1.647448   1   3  -1 
2457968.637355 4.298873 0.117223 -10461.424457 0.383012 -10461.276400 -1.818542 -10462.329310 -0.913689 0.383012 0.904853 0.383012 1.647448   1   3  -1 
2457968.637355 4.298873 0.117223 -10461.424457 0.383012 -10461.276400 -1.818542 -10462.329310 -0.913689 0.383012 0.904853 0.383012 1.647448   1   3  -1 
2460042.883932 6.517888 0.272509 -10467.619651 0.097183 -10467.952627 0.437198 -10468.010901 0.828447 0.097183 0.391250 0.097183 1.113195   0   1  -1 
2460042.889532 6.523488 0.272901 -10467.826807 0.098837 -10467.952627 0.442025 -10468.008889 0.624107 0.098837 0.182082 0.098837 1.113195   0   1  -1 
2460043.870973 -6.784916 0.341582 -10467.810891 0.115769 -10467.952627 1.156326 -10467.687382 1.032817 0.115769 -0.123509 0.115769 1.113195   0   1  -1 
2460043.876677 -6.779212 0.341981 -10467.827764 0.107743 -10467.952627 1.159699 -10467.685772 1.017706 0.107743 -0.141992 0.107743 1.113195   0   1  -1 
2460044.793251 -5.862638 0.406123 -10466.216747 0.119007 -10467.952627 1.587508 -10467.487509 2.858270 0.119007 1.270762 0.119007 1.113195   0   1  -1 
2460044.798982 -5.856907 0.406524 -10466.355629 0.118254 -10467.952627 1.589487 -10467.486711 2.720569 0.118254 1.131082 0.118254 1.113195   0   1  -1 
2460045.773704 -4.882185 0.474734 -10468.947680 0.263543 -10467.952627 1.807591 -10467.450811 0.310722 0.263543 -1.496869 0.263543 1.113195   0   1  -1 
2460045.779649 -4.876240 0.475150 -10468.728031 0.178179 -10467.952627 1.808220 -10467.451247 0.531436 0.178179 -1.276784 0.178179 1.113195   0   1  -1 
2460046.786658 -3.869231 0.545621 -10466.718679 0.108298 -10467.952627 1.797712 -10467.647587 2.726620 0.108298 0.928908 0.108298 1.113195   0   1  -1 
2460046.792204 -3.863685 0.546009 -10467.571100 0.100449 -10467.952627 1.797021 -10467.649341 1.875261 0.100449 0.078241 0.100449 1.113195   0   1  -1 
2460047.789500 -2.866389 0.615799 -10468.079684 0.107918 -10467.952627 1.561399 -10468.076435 1.558149 0.107918 -0.003249 0.107918 1.113195   0   1  -1 
2460047.795047 -2.860842 0.616188 -10468.412170 0.104000 -10467.952627 1.559469 -10468.079393 1.226691 0.104000 -0.332777 0.104000 1.113195   0   1  -1 
2460048.783364 -1.872525 0.685350 -10468.577566 0.129590 -10467.952627 1.104887 -10468.692960 1.220281 0.129590 0.115394 0.129590 1.113195   0   1  -1 
2460048.789012 -1.866877 0.685745 -10468.027070 0.120793 -10467.952627 1.101653 -10468.696909 1.771492 0.120793 0.669839 0.120793 1.113195   0   1  -1 
2460049.801102 -0.854787 0.756571 -10468.921797 0.111941 -10467.952627 0.405801 -10469.466148 0.950152 0.111941 0.544351 0.111941 1.113195   0   1  -1 
2460049.806533 -0.849356 0.756951 -10469.044553 0.118675 -10467.952627 0.401458 -10469.470547 0.827453 0.118675 0.425994 0.118675 1.113195   0   1  -1 
2460050.776767 0.120878 0.824848 -10470.880979 0.110463 -10467.952627 -0.463954 -10470.278653 -1.066280 0.110463 -0.602326 0.110463 1.113195   0   1  -1 
2460050.782471 0.126582 0.825247 -10470.587932 0.106168 -10467.952627 -0.469483 -10470.283436 -0.773979 0.106168 -0.304496 0.106168 1.113195   0   1  -1 
2460068.823617 3.877882 0.087762 -10467.442048 0.125458 -10467.952627 -2.168643 -10468.569104 -1.041587 0.125458 1.127056 0.125458 1.113195   0   1  -1 
2460068.829253 3.883518 0.088156 -10468.177705 0.157911 -10467.952627 -2.164581 -10468.566983 -1.775303 0.157911 0.389278 0.157911 1.113195   0   1  -1 
2460073.775251 -5.460329 0.434276 -10468.691416 0.136518 -10467.952627 1.706294 -10467.851639 0.866517 0.136518 -0.839777 0.136518 1.113195   0   1  -1 
2460073.780774 -5.454806 0.434663 -10468.532442 0.124641 -10467.952627 1.707644 -10467.851459 1.026661 0.124641 -0.680983 0.124641 1.113195   0   1  -1 
2460076.728213 -2.507367 0.640924 -10468.677012 0.126723 -10467.952627 1.422241 -10468.037640 0.782869 0.126723 -0.639372 0.126723 1.113195   0   1  -1 
2460076.733797 -2.501783 0.641314 -10468.420636 0.121235 -10467.952627 1.419848 -10468.039077 1.038289 0.121235 -0.381559 0.121235 1.113195   0   1  -1 
2460077.755001 -1.480579 0.712778 -10469.796842 0.156253 -10467.952627 0.863184 -10468.389760 -0.543898 0.156253 -1.407082 0.156253 1.113195   0   1  -1 
2460077.760768 -1.474812 0.713182 -10469.832216 0.150546 -10467.952627 0.859367 -10468.392266 -0.580582 0.150546 -1.439950 0.150546 1.113195   0   1  -1 
2460078.818364 -0.417216 0.787192 -10470.121344 0.118065 -10467.952627 0.036696 -10468.973399 -1.111249 0.118065 -1.147945 0.118065 1.113195   0   1  -1 
2460078.823976 -0.411604 0.787585 -10470.631326 0.115757 -10467.952627 0.031721 -10468.977198 -1.622407 0.115757 -1.654128 0.115757 1.113195   0   1  -1 
2460079.846559 0.610979 0.859145 -10469.784428 0.112864 -10467.952627 -0.949172 -10469.804952 -0.928648 0.112864 0.020524 0.112864 1.113195   0   1  -1 
2460079.852048 0.616468 0.859529 -10469.613740 0.114319 -10467.952627 -0.954675 -10469.810054 -0.758361 0.114319 0.196314 0.114319 1.113195   0   1  -1 
2460080.730235 1.494655 0.920984 -10469.772583 0.121764 -10467.952627 -1.803050 -10470.659563 -0.916070 0.121764 0.886980 0.121764 1.113195   0   1  -1 
2460080.735864 1.500284 0.921378 -10469.610615 0.112383 -10467.952627 -1.808010 -10470.664906 -0.753719 0.112383 1.054291 0.112383 1.113195   0   1  -1 
2460082.755256 3.519676 0.062695 -10469.121371 0.143393 -10467.952627 -2.384162 -10471.283891 -0.221642 0.143393 2.162520 0.143393 1.113195   0   1  -1 
2460082.760842 3.525262 0.063086 -10468.518798 0.129661 -10467.952627 -2.381492 -10471.279958 0.379668 0.129661 2.761160 0.129661 1.113195   0   1  -1 
2460085.681985 6.446405 0.267506 -10469.405639 0.182782 -10467.952627 0.374868 -10466.101183 -2.929588 0.182782 -3.304456 0.182782 1.113195   0   1  -1 
2460085.687655 6.452075 0.267903 -10468.302871 0.192173 -10467.952627 0.379860 -10466.090396 -1.832614 0.192173 -2.212475 0.192173 1.113195   0   1  -1 
2460086.748603 -6.776822 0.342148 -10463.771857 0.096592 -10467.952627 1.161110 -10464.519528 1.908781 0.096592 0.747671 0.096592 1.113195   0   1  -1 
2460086.754324 -6.771101 0.342549 -10464.310069 0.104158 -10467.952627 1.164480 -10464.513949 1.368360 0.104158 0.203880 0.104158 1.113195   0   1  -1 
2460199.601214 6.046872 0.239547 -10467.857782 0.194625 -10467.952627 0.003304 -10468.872839 1.018361 0.194625 1.015057 0.194625 1.113195   0   1  -1 
2460199.607025 6.052683 0.239954 -10469.302924 0.190719 -10467.952627 0.008973 -10468.863992 -0.429960 0.190719 -0.438932 0.190719 1.113195   0   1  -1 
2460201.515076 -6.329111 0.373479 -10466.554990 0.136306 -10467.952627 1.397814 -10466.761249 1.604074 0.136306 0.206259 0.136306 1.113195   0   1  -1 
2460201.520627 -6.323560 0.373867 -10466.389365 0.147106 -10467.952627 1.400409 -10466.757626 1.768670 0.147106 0.368261 0.147106 1.113195   0   1  -1 
2460202.533617 -5.310570 0.444756 -10465.659465 0.116368 -10467.952627 1.740256 -10466.296002 2.376794 0.116368 0.636537 0.116368 1.113195   0   1  -1 
2460202.539273 -5.304914 0.445152 -10465.508485 0.110234 -10467.952627 1.741432 -10466.294404 2.527351 0.110234 0.785919 0.110234 1.113195   0   1  -1 
2460203.571018 -4.273169 0.517353 -10465.844882 0.168626 -10467.952627 1.829565 -10466.143788 2.128471 0.168626 0.298906 0.168626 1.113195   0   1  -1 
2460203.577196 -4.266991 0.517786 -10465.648256 0.180164 -10467.952627 1.829354 -10466.143658 2.324756 0.180164 0.495402 0.180164 1.113195   0   1  -1 
2460204.530857 -3.313330 0.584523 -10467.427115 0.098515 -10467.952627 1.694352 -10466.228899 0.496135 0.098515 -1.198216 0.098515 1.113195   0   1  -1 
2460204.536387 -3.307800 0.584910 -10466.800940 0.104273 -10467.952627 1.692979 -10466.230024 1.122063 0.104273 -0.570916 0.104273 1.113195   0   1  -1 
2460205.516019 -2.328168 0.653464 -10468.149301 0.122140 -10467.952627 1.341922 -10466.554830 -0.252549 0.122140 -1.594471 0.122140 1.113195   0   1  -1 
2460205.521490 -2.322697 0.653847 -10467.759986 0.108265 -10467.952627 1.339356 -10466.557364 0.136733 0.108265 -1.202622 0.108265 1.113195   0   1  -1 
2460206.534104 -1.310083 0.724709 -10467.984215 0.123507 -10467.952627 0.747179 -10467.156514 -0.080523 0.123507 -0.827701 0.123507 1.113195   0   1  -1 
2460206.539634 -1.304553 0.725096 -10467.395836 0.112931 -10467.952627 0.743307 -10467.160423 0.507894 0.112931 -0.235413 0.112931 1.113195   0   1  -1 
2460208.612713 0.768526 0.870170 -10467.863703 0.119086 -10467.952627 -1.107090 -10468.756562 -0.214231 0.119086 0.892859 0.119086 1.113195   0   1  -1 
2460208.618030 0.773843 0.870542 -10468.124237 0.122661 -10467.952627 -1.112412 -10468.760125 -0.476524 0.122661 0.635888 0.122661 1.113195   0   1  -1 
2460209.504007 1.659820 0.932542 -10468.350357 0.247406 -10467.952627 -1.944125 -10469.211609 -1.082873 0.247406 0.861252 0.247406 1.113195   0   1  -1 
2460209.509978 1.665791 0.932960 -10468.742438 0.220522 -10467.952627 -1.949039 -10469.213458 -1.478019 0.220522 0.471020 0.220522 1.113195   0   1  -1 
2460210.587394 2.743207 0.008358 -10468.232795 0.137683 -10467.952627 -2.513670 -10469.187781 -1.558684 0.137683 0.954986 0.137683 1.113195   0   1  -1 
2460210.593026 2.748839 0.008752 -10467.916827 0.147704 -10467.952627 -2.514501 -10469.185610 -1.245718 0.147704 1.268783 0.147704 1.113195   0   1  -1 
2460211.516295 3.672108 0.073362 -10469.090653 0.190231 -10467.952627 -2.303163 -10468.569916 -2.823900 0.190231 -0.520737 0.190231 1.113195   0   1  -1 
2460211.522268 3.678081 0.073780 -10468.782398 0.153085 -10467.952627 -2.299654 -10468.564567 -2.517485 0.153085 -0.217831 0.153085 1.113195   0   1  -1 
