2455480.529186	-26.909975	0.485677	1	0
2455480.532970	-26.058843	0.440084	1	0
2455480.536778	-26.244486	0.465046	1	0
2455482.554786	-25.645222	0.353905	1	0
2455484.542056	-27.186795	0.514319	1	0
2455484.545828	-26.136740	0.532707	1	0
2455484.549671	-24.017564	0.508347	1	0
2455485.527184	-25.766756	0.432034	1	0
2455485.532971	-27.967751	0.445706	1	0
2455487.543214	-26.158314	0.404437	1	0
2455487.548897	-23.138260	0.401767	1	0
2455493.544252	-25.229085	0.396600	1	0
2455493.550478	-23.168274	0.405220	1	0
2455495.535877	-22.710575	0.401246	1	0
2455495.541664	-25.642209	0.425418	1	0
2455498.517820	-24.342041	0.663846	1	0
2455498.523445	-24.738223	0.600098	1	0
2455500.544007	-24.476855	0.341836	1	0
2455500.549389	-24.813524	0.372174	1	0
2455501.547102	-24.783974	0.302659	1	0
2455501.552738	-26.031797	0.289222	1	0
2455505.514789	-24.965633	0.344263	1	0
2455505.520425	-25.963370	0.340728	1	0
2455507.517142	-27.398443	0.264981	1	0
2455507.522824	-26.516546	0.270208	1	0
2455509.518050	-26.509772	0.380261	1	0
2455509.523524	-26.058801	0.354765	1	0
2455511.516449	-28.045351	0.398498	1	0
2455511.521935	-25.840348	0.396662	1	0
2455513.504562	-26.063860	0.418335	1	0
2455513.510244	-26.656020	0.441085	1	0
2455514.505835	-28.058961	0.335906	1	0
2455514.511356	-26.642215	0.341716	1	0
2455519.503938	-24.641989	0.516685	1	0
2455519.508811	-25.135445	0.498073	1	0
2455523.508036	-23.856297	0.414917	1	0
2455523.513036	-22.994255	0.432885	1	0
2455524.521481	-24.709671	0.333974	1	0
2455524.526446	-24.308004	0.339194	1	0
2455653.900831	-25.612029	0.372304	1	0
2455653.906410	-24.161106	0.368097	1	0
2455654.900357	-24.436787	0.407058	1	0
2455654.905936	-24.084025	0.365708	1	0
2455657.909222	-24.104658	0.302855	1	0
2455657.914813	-23.667872	0.315866	1	0
2455659.907949	-23.898066	0.384743	1	0
2455659.913540	-23.238369	0.401510	1	0
2455660.901884	-24.754074	0.251174	1	0
2455662.902485	-24.200224	0.474458	1	0
2455662.908180	-24.067169	0.454621	1	0
2455663.839263	-26.097182	0.868606	1	0
2455672.897729	-25.596039	0.326960	1	0
2455672.902775	-25.939332	0.300639	1	0
2455675.905453	-25.957415	0.211350	1	0
2455679.879903	-24.345286	0.252289	1	0
2455679.885123	-25.711920	0.256851	1	0
2455712.893679	-25.516104	0.280177	1	0
2455715.864679	-22.931541	0.681733	1	0
2455715.867376	-28.616863	0.709421	1	0
2455715.869992	-25.093281	0.718389	1	0
2455715.872747	-24.781614	0.742414	1	0
2455727.859452	-23.690321	0.528199	1	0
2455727.863145	-25.870346	0.516663	1	0
2455727.866953	-25.899190	0.559742	1	0
2455735.809170	-25.001888	0.263016	1	0
2455754.777241	-23.310355	0.545675	1	0
2455755.755721	-27.691015	0.384396	1	0
2455769.736300	-23.807786	0.338766	1	0
2455769.742075	-25.737885	0.385157	1	0
2455776.628483	-24.967384	0.356174	1	0
2455782.624998	-26.013016	0.380536	1	0
2455784.737667	-26.498015	0.272683	1	0
2455801.526698	-24.288917	0.636570	1	0
2455801.531628	-26.351823	0.588581	1	0
2455804.632333	-26.712023	0.560283	1	0
2455804.637669	-26.500980	0.516075	1	0
2455807.626267	-25.803456	0.482855	1	0
2455807.631162	-27.246843	0.443292	1	0
2455810.581550	-26.536934	0.377097	1	0
2455810.586723	-26.643570	0.398696	1	0
2455816.587002	-27.268074	0.479893	1	0
2455816.590578	-24.693999	0.444942	1	0
2455816.594154	-25.997669	0.438232	1	0
2455834.622073	-25.259445	0.288686	1	0
2455834.627593	-25.841078	0.288262	1	0
2455836.585712	-26.404099	0.340261	1	0
2455836.591440	-25.180084	0.339568	1	0
2455839.585007	-23.458640	0.455066	1	0
2455839.590794	-25.200869	0.459884	1	0
2455842.549547	-22.047028	0.533150	1	0
2455842.555033	-25.918735	0.436601	1	0
2455845.575633	-25.259730	0.533869	1	0
2455845.581258	-25.817378	0.461200	1	0
2455870.498785	-26.611150	0.365314	1	0
2455870.504422	-27.219360	0.359240	1	0
2455874.532217	-26.523893	0.513797	1	0
2455874.537437	-24.043101	0.695338	1	0
2455878.549549	-26.332169	0.680478	1	0
2455878.554965	-27.171511	0.660711	1	0
2456020.892743	-26.398556	0.400252	1	0
2456020.898160	-24.498061	0.390725	1	0
2456022.889397	-25.350339	0.497344	1	0
2456022.894884	-26.468069	0.556527	1	0
2456024.891353	-25.969708	0.428656	1	0
2456024.897048	-25.325267	0.407038	1	0
2456028.922257	-26.626536	0.345283	1	0
2456029.892891	-27.734634	0.543499	1	0
2456029.898354	-24.980386	0.519266	1	0
2456031.852968	-23.499732	0.408809	1	0
2456052.857065	-27.077636	0.406318	1	0
2456052.862482	-25.515691	0.393840	1	0
2456053.851639	-27.718607	0.437473	1	0
2456053.857114	-24.875823	0.414343	1	0
2456054.839916	-26.614037	0.266506	1	0
2456055.886865	-26.560052	0.254853	1	0
2456056.818146	-25.035898	0.446651	1	0
2456056.823714	-25.575505	0.406993	1	0
2456078.843392	-24.518196	0.323779	1	0
2456078.849075	-24.174693	0.316487	1	0
2456081.832748	-22.774279	0.398009	1	0
2456081.838651	-23.542613	0.323723	1	0
2456085.820521	-24.535394	0.439249	1	0
2456085.826250	-25.784214	0.458936	1	0
2456088.742747	-24.555140	0.274700	1	0
2456092.900369	-25.520468	0.314413	1	0
2456115.815540	-24.478774	0.388096	1	0
2456118.809984	-25.405570	0.256427	1	0
2456121.820367	-25.220090	0.705930	1	0
2456149.686124	-25.751686	0.422505	1	0
2456154.723489	-23.590960	0.432559	1	0
2456154.728442	-25.978785	0.640869	1	0
2456166.527551	-23.896330	0.322758	1	0
2456168.609469	-25.596469	0.485702	1	0
2456168.615105	-23.735823	0.428978	1	0
2456171.510563	-25.064368	0.261955	1	0
2456173.694840	-23.658056	0.435027	1	0
2456181.612869	-25.749650	0.304713	1	0
2456186.623747	-24.370201	0.269145	1	0
2456189.666838	-25.693203	0.854916	1	0
2456190.592865	-21.505898	0.436640	1	0
2456190.598548	-22.814816	0.410184	1	0
2456195.586272	-23.991425	0.455921	1	0
2456195.591793	-25.301327	0.456503	1	0
2456198.564091	-19.336707	0.593173	1	0
2456198.569866	-24.445113	0.625422	1	0
2456204.547188	-20.889997	0.390830	1	0
2456205.523197	-22.994646	0.223735	1	0
2456208.615737	-27.443259	0.471028	1	0
2456209.540800	-25.491736	0.526879	1	0
2456210.532155	-25.261528	0.432092	1	0
2456212.523498	-25.294554	0.239792	1	0
2456217.523649	-19.703787	0.370476	1	0
2456217.529482	-19.326386	0.361734	1	0
2456218.587951	-19.082533	0.391645	1	0
2456219.500319	-19.527157	0.247828	1	0
2456220.491327	-20.168133	0.391613	1	0
2456220.514069	-21.014052	0.320320	1	0
2456409.867093	-20.591699	0.617333	1	0
2456409.872719	-20.151012	0.595203	1	0
2456416.824768	-22.159939	0.550392	1	0
2456416.828565	-23.100921	0.545862	1	0
2456416.832443	-22.956212	0.566830	1	0
2456432.884915	-27.579236	0.393986	1	0
2456432.890124	-26.715660	0.450803	1	0
2456433.905268	-25.594069	0.738644	1	0
2456433.910395	-28.401349	0.801539	1	0
2456434.892458	-25.809648	0.484791	1	0
2456434.898129	-23.506674	0.468854	1	0
2456437.889188	-24.884604	0.400790	1	0
2456437.894720	-25.072705	0.367888	1	0
2456438.860772	-25.990651	0.320407	1	0
2456441.860316	-24.014503	0.423142	1	0
2456454.832361	-23.997808	0.354619	1	0
2456454.837894	-22.599444	0.355826	1	0
2456467.823190	-25.761156	0.627828	1	0
2456467.826929	-24.870329	0.556688	1	0
2456467.830702	-26.757156	0.592918	1	0
2456473.860840	-26.025579	0.525661	1	0
2456473.864821	-26.100899	0.508451	1	0
2456473.868595	-29.196466	0.549460	1	0
2456480.776552	-23.192493	0.498216	1	0
2456480.782281	-24.495239	0.462663	1	0
2456481.631506	-26.796869	0.620379	1	0
2456481.637189	-26.767470	0.629706	1	0
2456501.599929	-24.740542	0.315832	1	0
2456523.744316	-25.807160	0.283739	1	0
2456524.691276	-25.319964	0.351566	1	0
2456524.696693	-24.516845	0.358347	1	0
2456525.743740	-25.822667	0.318867	1	0
2456569.534062	-26.502332	0.538465	1	0
2456585.564665	-24.318027	0.427831	1	0
2456585.568473	-25.604567	0.414412	1	0
2456585.572350	-26.300858	0.423051	1	0
2456586.547688	-22.976857	0.464286	1	0
2456586.551530	-24.816035	0.496503	1	0
2456586.555442	-25.499232	0.515154	1	0
2456590.510961	-24.188890	0.683759	1	0
2456590.514943	-26.805340	0.761395	1	0
2456590.518611	-28.066154	0.643858	1	0
2456765.917789	-25.232175	0.356105	1	0
2456765.923021	-25.375142	0.359343	1	0
2456789.854143	-27.340576	0.391560	1	0
2456789.859722	-26.773936	0.405092	1	0
2456806.890179	-27.483229	0.424327	1	0
2456829.893363	-28.440148	0.272363	1	0
2456857.748704	-25.370298	0.458440	1	0
2456857.754433	-26.513555	0.448012	1	0
2456866.784629	-28.725741	0.372433	1	0
2456896.727940	-25.463793	0.526898	1	0
2456896.733287	-23.350729	0.651138	1	0
2457146.919889	-25.875665	0.272209	1	0
