# time model 
2455007.429878 -0.000005 
2455009.095720 0.000041 
2455010.761563 0.000105 
2455012.427406 0.000146 
2455014.093248 0.000043 
2455015.759091 -0.000029 
2455017.424934 0.000078 
2455019.090776 0.000129 
2455020.756619 -0.000017 
2455022.422462 -0.000093 
2455024.088304 -0.000018 
2455025.754147 -0.000093 
2455027.419989 -0.000334 
2455029.085832 -0.000374 
2455030.751675 -0.000181 
2455032.417517 -0.000068 
2455034.083360 -0.000049 
2455035.749203 0.000050 
2455037.415045 0.000096 
2455039.080888 -0.000036 
2455040.746730 -0.000100 
2455042.412573 0.000023 
2455044.078416 0.000073 
2455045.744258 -0.000022 
2455047.410101 -0.000025 
2455049.075944 0.000034 
2455050.741786 -0.000079 
2455052.407629 -0.000248 
2455054.073472 -0.000231 
2455055.739314 -0.000147 
2455057.405157 -0.000167 
2455059.070999 -0.000165 
2455060.736842 -0.000075 
2455062.402685 -0.000064 
2455064.068527 -0.000145 
2455065.734370 -0.000166 
2455067.400213 -0.000126 
2455069.066055 -0.000072 
2455070.731898 0.000028 
2455072.397741 0.000079 
2455074.063583 -0.000014 
2455075.729426 -0.000041 
2455077.395268 0.000108 
2455079.061111 0.000115 
2455080.726954 -0.000131 
2455082.392796 -0.000244 
2455084.058639 -0.000142 
2455085.724482 -0.000161 
2455087.390324 -0.000244 
2455089.056167 -0.000140 
2455090.722010 -0.000124 
2455092.387852 -0.000319 
2455094.053695 -0.000194 
2455095.719537 0.000198 
2455097.385380 0.000046 
2455099.051223 -0.000400 
2455100.717065 -0.000062 
2455102.382908 0.000606 
2455104.048751 0.000303 
2455105.714593 -0.000395 
2455107.380436 -0.000160 
2455109.046279 0.000362 
2455110.712121 0.000118 
2455112.377964 -0.000092 
2455114.043806 0.000286 
2455115.709649 0.000188 
2455117.375492 -0.000325 
2455119.041334 0.000064 
2455120.707177 0.000536 
2455122.373020 -0.000508 
2455124.038862 -0.001448 
2455125.704705 -0.000364 
2455127.370547 0.000550 
2455129.036390 -0.000715 
2455130.702233 -0.001478 
2455132.368075 0.000270 
2455134.033918 0.001775 
2455135.699761 0.001318 
2455137.365603 0.001086 
2455139.031446 0.001535 
2455140.697289 0.000884 
2455142.363131 0.000322 
2455144.028974 0.001350 
2455145.694816 0.000983 
2455147.360659 -0.002129 
2455149.026502 -0.003348 
2455150.692344 -0.001318 
2455152.358187 -0.001568 
2455154.024030 -0.004745 
2455155.689872 -0.004109 
2455157.355715 0.001106 
2455159.021558 0.004236 
2455160.687400 0.003986 
2455162.353243 0.004118 
2455164.019085 0.003782 
2455165.684928 0.001786 
2455167.350771 0.002173 
2455169.016613 0.004352 
2455170.682456 0.001274 
2455172.348299 -0.005176 
2455174.014141 -0.005726 
2455175.679984 -0.003293 
2455177.345827 -0.007745 
2455179.011669 -0.013597 
2455180.677512 -0.008759 
2455182.343354 0.001950 
2455184.009197 0.006947 
2455185.675040 0.008002 
2455187.340882 0.009228 
2455189.006725 0.006376 
2455190.672568 0.002100 
2455192.338410 0.005320 
2455194.004253 0.009079 
2455195.670096 0.000932 
2455197.335938 -0.009111 
2455199.001781 -0.007234 
2455200.667623 -0.006274 
2455202.333466 -0.018954 
2455203.999309 -0.027070 
2455205.665151 -0.014810 
2455207.330994 0.001586 
2455208.996837 0.007570 
2455210.662679 0.011650 
2455212.328522 0.014776 
2455213.994364 0.007260 
2455215.660207 0.000311 
2455217.326050 0.008466 
2455218.991892 0.013732 
2455220.657735 -0.000426 
2455222.323578 -0.011734 
2455223.989420 -0.005766 
2455225.655263 -0.009335 
2455227.321106 -0.032259 
2455228.986948 -0.040016 
2455230.652791 -0.019805 
2455232.318633 -0.001990 
2455233.984476 0.002694 
2455235.650319 0.011183 
2455237.316161 0.016232 
2455238.982004 0.003271 
2455240.647847 -0.005131 
2455242.313689 0.008112 
2455243.979532 0.014034 
2455245.645375 -0.002271 
2455247.311217 -0.009372 
2455248.977060 -0.000362 
2455250.642902 -0.010495 
2455252.308745 -0.037959 
2455253.974588 -0.040995 
2455255.640430 -0.020138 
2455257.306273 -0.010404 
2455258.972116 -0.009157 
2455260.637958 0.002562 
2455262.303801 0.007390 
2455263.969644 -0.007275 
2455265.635486 -0.013728 
2455267.301329 -0.000714 
2455268.967171 0.004888 
2455270.633014 -0.001891 
2455272.298857 0.000237 
2455273.964699 0.004379 
2455275.630542 -0.007969 
2455277.296385 -0.020932 
2455278.962227 -0.017796 
2455280.628070 -0.015343 
2455282.293913 -0.022038 
2455283.959755 -0.020926 
2455285.625598 -0.012564 
2455287.291440 -0.013288 
2455288.957283 -0.018672 
2455290.623126 -0.019550 
2455292.288968 -0.020120 
2455293.954811 -0.013098 
2455295.620654 0.006519 
2455297.286496 0.010823 
2455298.952339 -0.007755 
2455300.618181 -0.004062 
2455302.284024 0.027016 
2455303.949867 0.023596 
2455305.615709 -0.017618 
2455307.281552 -0.028029 
2455308.947395 -0.008649 
2455310.613237 -0.016268 
2455312.279080 -0.029482 
2455313.944923 -0.009928 
2455315.610765 -0.008614 
2455317.276608 -0.040175 
2455318.942450 -0.021306 
2455320.608293 0.030585 
2455322.274136 -0.002727 
2455323.939978 -0.067684 
2455325.605821 -0.011804 
2455327.271664 0.078548 
2455328.937506 0.025126 
2455330.603349 -0.064664 
2455332.269192 -0.010471 
2455333.935034 0.071148 
2455335.600877 0.035960 
2455337.266719 0.008942 
2455338.932562 0.058561 
2455340.598405 0.037905 
2455342.264247 -0.027739 
2455343.930090 0.030059 
2455345.595933 0.073942 
2455347.261775 -0.090641 
2455348.927618 -0.211870 
2455350.593461 -0.061188 
2455352.259303 0.032051 
2455353.925146 -0.156910 
2455355.590988 -0.226135 
2455357.256831 0.050396 
2455358.922674 0.264119 
2455360.588516 0.211430 
2455362.254359 0.189294 
2455363.920202 0.230938 
2455365.586044 0.127692 
2455367.251887 0.075671 
2455368.917730 0.220703 
2455370.583572 0.125254 
2455372.249415 -0.315220 
2455373.915257 -0.450816 
2455375.581100 -0.196612 
2455377.246943 -0.306098 
2455378.912785 -0.742010 
2455380.578628 -0.584811 
2455382.244471 0.152161 
2455383.910313 0.566791 
2455385.576156 0.561612 
2455387.241998 0.599298 
2455388.907841 0.510714 
2455390.573684 0.225500 
2455392.239526 0.327065 
2455393.905369 0.619802 
2455395.571212 0.147460 
2455397.237054 -0.700454 
2455398.902897 -0.716814 
2455400.568740 -0.453510 
2455402.234582 -1.156439 
2455403.900425 -1.906450 
2455405.566267 -1.172988 
2455407.232110 0.229113 
2455408.897953 0.847019 
2455410.563795 1.035969 
2455412.229638 1.225058 
2455413.895481 0.787335 
2455415.561323 0.218289 
2455417.227166 0.707382 
2455418.893009 1.188079 
2455420.558851 0.083288 
2455422.224694 -1.143532 
2455423.890536 -0.825741 
2455425.556379 -0.808254 
2455427.222222 -2.551576 
2455428.888064 -3.514273 
2455430.553907 -1.870645 
2455432.219750 0.116429 
2455433.885592 0.793378 
2455435.551435 1.377820 
2455437.217278 1.800759 
2455438.883120 0.782870 
2455440.548963 -0.080700 
2455442.214805 1.009619 
2455443.880648 1.649072 
2455445.546491 -0.097090 
2455447.212333 -1.340404 
2455448.878176 -0.539275 
2455450.544019 -1.122487 
2455452.209861 -3.982717 
2455453.875704 -4.789817 
2455455.541547 -2.342420 
2455457.207389 -0.421723 
2455458.873232 0.025267 
2455460.539074 1.117394 
2455462.204917 1.730080 
2455463.870760 0.136655 
2455465.536602 -0.817915 
2455467.202445 0.772938 
2455468.868288 1.454327 
2455470.534130 -0.286152 
2455472.199973 -0.864416 
2455473.865815 0.149663 
2455475.531658 -1.155301 
2455477.197501 -4.137312 
2455478.863343 -4.294438 
2455480.529186 -2.197071 
2455482.195029 -1.514929 
2455483.860871 -1.462149 
2455485.526714 -0.124967 
2455487.192557 0.342247 
2455488.858399 -1.208417 
2455490.524242 -1.815274 
2455492.190084 -0.552261 
2455493.855927 0.089408 
2455495.521770 -0.087536 
2455497.187612 0.394937 
2455498.853455 0.461351 
2455500.519298 -0.719650 
2455502.185140 -1.276727 
2455503.850983 -0.942156 
2455505.516826 -1.618280 
2455507.182668 -2.718925 
2455508.848511 -2.504021 
2455510.514353 -1.972012 
2455512.180196 -2.170166 
2455513.846039 -2.219751 
2455515.511881 -2.386466 
2455517.177724 -2.987616 
2455518.843567 -1.798621 
2455520.509409 1.039975 
2455522.175252 1.334613 
2455523.841095 -0.583411 
2455525.506937 0.630093 
2455527.172780 3.988361 
2455528.838622 3.115799 
2455530.504465 -1.040203 
2455532.170308 -2.503996 
2455533.836150 -2.094665 
2455535.501993 -3.313155 
2455537.167836 -3.671209 
2455538.833678 -1.859670 
2455540.499521 -2.387215 
2455542.165364 -4.718252 
2455543.831206 -2.573584 
2455545.497049 1.929955 
2455547.162891 1.172474 
2455548.828734 -1.602402 
2455550.494577 1.697637 
2455552.160419 6.695377 
2455553.826262 4.816779 
2455555.492105 -0.070516 
2455557.157947 -0.943591 
2455558.823790 -0.973961 
2455560.489632 -3.347673 
2455562.155475 -3.406059 
2455563.821318 -0.829711 
2455565.487160 -1.895473 
2455567.153003 -4.927184 
2455568.818846 -2.623332 
2455570.484688 1.836448 
2455572.150531 0.677551 
2455573.816374 -2.030771 
2455575.482216 1.155761 
2455577.148059 5.542009 
2455578.813901 4.211217 
2455580.479744 1.161581 
2455582.145587 1.009656 
2455583.811429 0.130210 
2455585.477272 -2.584549 
2455587.143115 -2.191784 
2455588.808957 0.227608 
2455590.474800 -1.366409 
2455592.140643 -4.550093 
2455593.806485 -2.686236 
2455595.472328 1.151917 
2455597.138170 0.323881 
2455598.804013 -2.140663 
2455600.469856 -0.497378 
2455602.135698 2.503229 
2455603.801541 2.658453 
2455605.467384 2.126178 
2455607.133226 2.370742 
2455608.799069 0.749946 
2455610.464912 -1.669901 
2455612.130754 -0.866118 
2455613.796597 0.916263 
2455615.462439 -1.219797 
2455617.128282 -4.384342 
2455618.794125 -2.950430 
2455620.459967 0.485486 
2455622.125810 0.224502 
2455623.791653 -2.192306 
2455625.457495 -2.155136 
2455627.123338 -0.172107 
2455628.789181 1.199790 
2455630.455023 2.023009 
2455632.120866 2.179595 
2455633.786708 0.633543 
2455635.452551 -0.816328 
2455637.118394 0.116640 
2455638.784236 0.915097 
2455640.450079 -1.576732 
2455642.115922 -4.334531 
2455643.781764 -2.933167 
2455645.447607 0.314627 
2455647.113449 0.322983 
2455648.779292 -2.216853 
2455650.445135 -2.942387 
2455652.110977 -1.221302 
2455653.776820 0.218847 
2455655.442663 0.316003 
2455657.108505 0.022164 
2455658.774348 -0.096161 
2455660.440191 0.102009 
2455662.106033 0.530052 
2455663.771876 0.005508 
2455665.437718 -2.146990 
2455667.103561 -3.634591 
2455668.769404 -1.934625 
2455670.435246 0.878459 
2455672.101089 0.561855 
2455673.766932 -2.291353 
2455675.432774 -3.053659 
2455677.098617 -0.996134 
2455678.764460 -0.223487 
2455680.430302 -1.947124 
2455682.096145 -2.522638 
2455683.761987 -0.487145 
2455685.427830 1.031895 
2455687.093673 0.166133 
2455688.759515 -1.406905 
2455690.425358 -2.253780 
2455692.091201 -2.030472 
2455693.757043 -0.113598 
2455695.422886 2.014391 
2455697.088729 0.810556 
2455698.754571 -2.887165 
2455700.420414 -3.595656 
2455702.086256 -0.703572 
2455703.752099 0.124816 
2455705.417942 -2.294664 
2455707.083784 -2.665136 
2455708.749627 0.103978 
2455710.415470 1.119034 
2455712.081312 -0.771567 
2455713.747155 -1.930107 
2455715.412998 -1.473509 
2455717.078840 -0.709732 
2455718.744683 1.088336 
2455720.410525 2.881031 
2455722.076368 0.746750 
2455723.742211 -3.851044 
2455725.408053 -4.270313 
2455727.073896 -0.513767 
2455728.739739 0.776302 
2455730.405581 -1.075347 
2455732.071424 -1.057653 
2455733.737266 0.433377 
2455735.403109 -0.313404 
2455737.068952 -1.485205 
2455738.734794 -0.388688 
2455740.400637 0.236344 
2455742.066480 -0.738192 
2455743.732322 0.336878 
2455745.398165 2.456080 
2455747.064008 0.174889 
2455748.729850 -4.416730 
2455750.395693 -4.182234 
2455752.061535 -0.344690 
2455753.727378 0.803635 
2455755.393221 -0.108834 
2455757.059063 0.193300 
2455758.724906 -0.381936 
2455760.390749 -2.353199 
2455762.056591 -1.018707 
2455763.722434 2.822697 
2455765.388277 2.285103 
2455767.054119 -1.827055 
2455768.719962 -2.159080 
2455770.385804 0.391808 
2455772.051647 -0.779315 
2455773.717490 -3.965742 
2455775.383332 -3.139464 
2455777.049175 -0.078590 
2455778.715018 0.537743 
2455780.380860 -0.014590 
2455782.046703 -0.021425 
2455783.712546 -1.358541 
2455785.378388 -2.423023 
2455787.044231 0.859493 
2455788.710073 4.966397 
2455790.375916 2.819093 
2455792.041759 -3.074468 
2455793.707601 -4.619564 
2455795.373444 -1.963279 
2455797.039287 -0.994970 
2455798.705129 -1.886764 
2455800.370972 -1.095311 
2455802.036815 0.533005 
2455803.702657 0.330437 
2455805.368500 -0.830574 
2455807.034342 -1.363521 
2455808.700185 -1.648167 
2455810.366028 -1.150525 
2455812.031870 1.200239 
2455813.697713 3.033701 
2455815.363556 1.050170 
2455817.029398 -2.907398 
2455818.695241 -4.044820 
2455820.361083 -1.781524 
2455822.026926 0.378560 
2455823.692769 0.695512 
2455825.358611 0.433485 
2455827.024454 0.457300 
2455828.690297 0.208407 
2455830.356139 -0.544391 
2455832.021982 -1.315687 
2455833.687825 -1.889499 
2455835.353667 -2.287737 
2455837.019510 -2.137294 
2455838.685352 -1.136664 
2455840.351195 0.047195 
2455842.017038 0.369274 
2455843.682880 -0.051744 
2455845.348723 -0.069803 
2455847.014566 0.604331 
2455848.680408 0.921829 
2455850.346251 0.236852 
2455852.012094 -0.743691 
2455853.677936 -1.032653 
2455855.343779 -0.417628 
2455857.009621 0.321003 
2455858.675464 -0.312571 
2455860.341307 -2.782516 
2455862.007149 -4.614387 
2455863.672992 -2.622304 
2455865.338835 2.157981 
2455867.004677 4.730879 
2455868.670520 2.533077 
2455870.336363 -1.363525 
2455872.002205 -2.796649 
2455873.668048 -1.698708 
2455875.333890 -1.080590 
2455876.999733 -2.270696 
2455878.665576 -2.980071 
2455880.331418 -0.742777 
2455881.997261 2.646241 
2455883.663104 2.612681 
2455885.328946 -1.511576 
2455886.994789 -4.408392 
2455888.660632 -1.609254 
2455890.326474 4.194461 
2455891.992317 6.400630 
2455893.658159 2.507777 
2455895.324002 -3.391760 
2455896.989845 -5.746611 
2455898.655687 -3.880321 
2455900.321530 -2.115691 
2455901.987373 -3.154599 
2455903.653215 -3.818158 
2455905.319058 -0.436486 
2455906.984900 4.135573 
2455908.650743 4.102996 
2455910.316586 -0.259095 
2455911.982428 -2.853433 
2455913.648271 -0.363800 
2455915.314114 4.088722 
2455916.979956 5.451985 
2455918.645799 1.924959 
2455920.311642 -3.543734 
2455921.977484 -6.025749 
2455923.643327 -4.367797 
2455925.309169 -2.675838 
2455926.975012 -3.473304 
2455928.640855 -3.273446 
2455930.306697 0.710054 
2455931.972540 4.516793 
2455933.638383 3.619449 
2455935.304225 0.125356 
2455936.970068 -1.311219 
2455938.635911 0.074784 
2455940.301753 2.346501 
2455941.967596 3.580544 
2455943.633438 1.940521 
2455945.299281 -2.105286 
2455946.965124 -4.627267 
2455948.630966 -3.844004 
2455950.296809 -3.061486 
2455951.962652 -3.723991 
2455953.628494 -2.178549 
2455955.294337 2.259166 
2455956.960180 4.384371 
2455958.626022 2.167731 
2455960.291865 -0.181333 
2455961.957707 -0.430828 
2455963.623550 -0.405724 
2455965.289393 0.055594 
2455966.955235 1.993693 
2455968.621078 2.544790 
2455970.286921 -0.303527 
2455971.952763 -2.952610 
2455973.618606 -2.987992 
2455975.284449 -3.209343 
2455976.950291 -3.916758 
2455978.616134 -1.272581 
2455980.281976 3.347521 
2455981.947819 3.905569 
2455983.613662 0.767197 
2455985.279504 -0.618596 
2455986.945347 -0.334895 
2455988.611190 -1.514603 
2455990.277032 -1.892342 
2455991.942875 0.973108 
2455993.608717 2.872636 
2455995.274560 0.716613 
2455996.940403 -1.623095 
2455998.606245 -1.775289 
2456000.272088 -2.513337 
2456001.937931 -3.408588 
2456003.603773 -0.841891 
2456005.269616 2.904206 
2456006.935459 2.623866 
2456008.601301 -0.002643 
2456010.267144 -0.644640 
2456011.932986 -0.872347 
2456013.598829 -2.730993 
2456015.264672 -2.828542 
2456016.930514 0.201476 
2456018.596357 1.805779 
2456020.262200 0.324320 
2456021.928042 -0.485657 
2456023.593885 0.168858 
2456025.259728 -0.467644 
2456026.925570 -1.628036 
2456028.591413 -0.794518 
2456030.257255 0.564711 
2456031.923098 0.408740 
2456033.588941 0.037400 
2456035.254783 -0.107750 
2456036.920626 -1.647462 
2456038.586469 -3.310358 
2456040.252311 -2.424165 
2456041.918154 -0.644060 
2456043.583997 -0.767106 
2456045.249839 -1.035747 
2456046.915682 0.761798 
2456048.581524 2.438174 
2456050.247367 1.804983 
2456051.913210 0.282572 
2456053.579052 -0.726189 
2456055.244895 -1.326282 
2456056.910738 -0.840842 
2456058.576580 0.557015 
2456060.242423 0.308252 
2456061.908266 -1.888407 
2456063.574108 -2.588531 
2456065.239951 -1.155769 
2456066.905793 -1.153206 
2456068.571636 -2.794359 
2456070.237479 -1.924463 
2456071.903321 1.769849 
2456073.569164 3.636011 
2456075.235007 2.065071 
2456076.900849 0.241550 
2456078.566692 -0.005225 
2456080.232534 0.236267 
2456081.898377 0.452383 
2456083.564220 0.713224 
2456085.230062 0.140325 
2456086.895905 -1.083816 
2456088.561748 -1.101554 
2456090.227590 -0.058214 
2456091.893433 -0.414957 
2456093.559276 -1.959919 
2456095.225118 -1.314448 
2456096.890961 1.878843 
2456098.556803 3.346301 
2456100.222646 0.988662 
2456101.888489 -1.466486 
2456103.554331 -0.457954 
2456105.220174 2.006677 
2456106.886017 2.340002 
2456108.551859 0.977746 
2456110.217702 0.208437 
2456111.883545 -0.022007 
2456113.549387 -0.326255 
2456115.215230 0.294297 
2456116.881072 1.488762 
2456118.546915 1.046154 
2456120.212758 -0.291379 
2456121.878600 0.413471 
2456123.544443 1.660043 
2456125.210286 -0.381168 
2456126.876128 -3.342862 
2456128.541971 -1.870415 
2456130.207814 2.164914 
2456131.873656 3.005789 
2456133.539499 1.287581 
2456135.205341 0.859706 
2456136.871184 0.801455 
2456138.537027 -0.287426 
2456140.202869 0.315198 
2456141.868712 2.636717 
2456143.534555 2.218033 
2456145.200397 -0.649198 
2456146.866240 -1.146901 
2456148.532083 -0.124177 
2456150.197925 -1.728821 
2456151.863768 -3.530514 
2456153.529610 -1.365051 
2456155.195453 1.603243 
2456156.861296 1.440514 
2456158.527138 0.734262 
2456160.192981 1.428722 
2456161.858824 0.894567 
2456163.524666 -0.520078 
2456165.190509 0.366804 
2456166.856351 1.658693 
2456168.522194 0.080150 
2456170.188037 -1.491555 
2456171.853879 -0.391307 
2456173.519722 -0.081165 
2456175.185565 -1.806651 
2456176.851407 -1.334944 
2456178.517250 1.211564 
2456180.183093 1.002605 
2456181.848935 -1.007305 
2456183.514778 -0.332053 
2456185.180620 1.248660 
2456186.846463 0.265355 
2456188.512306 -0.682370 
2456190.178148 0.391725 
2456191.843991 0.080215 
2456193.509834 -1.858271 
2456195.175676 -0.963208 
2456196.841519 1.931351 
2456198.507362 1.903368 
2456200.173204 0.281569 
2456201.839047 1.268042 
2456203.504889 2.580249 
2456205.170732 0.726828 
2456206.836575 -1.286102 
2456208.502417 -0.443656 
2456210.168260 0.524550 
2456211.834103 -0.283528 
2456213.499945 -0.506513 
2456215.165788 0.661883 
2456216.831631 1.294183 
2456218.497473 1.176051 
2456220.163316 1.229087 
2456221.829158 1.033590 
2456223.495001 0.762225 
2456225.160844 1.570552 
2456226.826686 2.601634 
2456228.492529 2.059445 
2456230.158372 0.632670 
2456231.824214 -0.045430 
2456233.490057 -0.138778 
2456235.155900 -0.246714 
2456236.821742 -0.242036 
2456238.487585 -0.069678 
2456240.153427 0.928693 
2456241.819270 3.400147 
2456243.485113 4.876730 
2456245.150955 2.265199 
2456246.816798 -1.673388 
2456248.482641 -1.500779 
2456250.148483 1.662335 
2456251.814326 2.503238 
2456253.480168 0.968454 
2456255.146011 0.499524 
2456256.811854 0.689465 
2456258.477696 -0.139654 
2456260.143539 -0.439885 
2456261.809382 0.384137 
2456263.475224 0.405692 
2456265.141067 0.805090 
2456266.806910 3.935623 
2456268.472752 5.895840 
2456270.138595 1.997418 
2456271.804437 -3.109496 
2456273.470280 -2.474737 
2456275.136123 1.154893 
2456276.801965 1.621125 
2456278.467808 0.202425 
2456280.133651 0.261280 
2456281.799493 0.186123 
2456283.465336 -0.773399 
2456285.131179 0.126248 
2456286.797021 1.884903 
2456288.462864 1.062347 
2456290.128706 0.232643 
2456291.794549 3.081562 
2456293.460392 5.013767 
2456295.126234 1.162579 
2456296.792077 -3.221218 
2456298.457920 -2.171509 
2456300.123762 0.621155 
2456301.789605 0.575533 
2456303.455448 -0.076627 
2456305.121290 -0.047453 
2456306.787133 -1.538493 
2456308.452975 -2.218935 
2456310.118818 1.482617 
2456311.784661 4.705348 
2456313.450503 2.092306 
2456315.116346 -0.791324 
2456316.782189 1.799242 
2456318.448031 3.937092 
2456320.113874 0.319645 
2456321.779717 -2.981412 
2456323.445559 -1.329371 
2456325.111402 0.350188 
2456326.777244 -0.355225 
2456328.443087 -0.037194 
2456330.108930 -0.341902 
2456331.774772 -4.077092 
2456333.440615 -4.345628 
2456335.106458 3.486385 
2456336.772300 8.750115 
2456338.438143 3.393465 
2456340.103986 -2.206458 
2456341.769828 0.793052 
2456343.435671 3.675677 
2456345.101513 -0.270869 
2456346.767356 -3.037931 
2456348.433199 -0.523509 
2456350.099041 0.372689 
2456351.764884 -1.082845 
2456353.430727 0.114311 
2456355.096569 -0.468312 
2456356.762412 -6.471966 
2456358.428254 -6.389603 
2456360.094097 5.490569 
2456361.759940 12.552391 
2456363.425782 4.320745 
2456365.091625 -3.639133 
2456366.757468 0.324004 
2456368.423310 4.129203 
2456370.089153 -0.474744 
2456371.754996 -3.218278 
2456373.420838 0.019186 
2456375.086681 0.542304 
2456376.752523 -1.457369 
2456378.418366 0.270594 
2456380.084209 -0.216721 
2456381.750051 -7.094033 
2456383.415894 -6.880721 
2456385.081737 6.109856 
2456386.747579 13.084594 
2456388.413422 3.835371 
2456390.079265 -4.191981 
2456391.745107 0.340481 
2456393.410950 4.300272 
2456395.076792 -0.140697 
2456396.742635 -2.655485 
2456398.408478 0.287445 
2456400.074320 0.587081 
2456401.740163 -1.193521 
2456403.406006 0.477278 
2456405.071848 0.509582 
2456406.737691 -4.522960 
2456408.403534 -4.603302 
2456410.069376 3.821236 
2456411.735219 7.716354 
2456413.401061 1.571368 
2456415.066904 -2.767714 
2456416.732747 0.579136 
2456418.398589 3.081658 
2456420.064432 0.806518 
2456421.730275 -0.597269 
2456423.396117 0.325200 
2456425.061960 0.190568 
2456426.727803 -0.201450 
2456428.393645 0.959004 
2456430.059488 1.274493 
2456431.725330 -0.330682 
2456433.391173 -1.155060 
2456435.057016 -0.570194 
2456436.722858 -0.332036 
2456438.388701 -0.205413 
2456440.054544 0.448900 
2456441.720386 0.661710 
2456443.386229 0.806733 
2456445.052071 1.898228 
2456446.717914 2.062804 
2456448.383757 0.107552 
2456450.049599 -0.841478 
2456451.715442 0.800924 
2456453.381285 1.825702 
2456455.047127 1.024223 
2456456.712970 0.778255 
2456458.378813 0.410209 
2456460.044655 -1.976441 
2456461.710498 -2.836001 
2456463.376340 0.680338 
2456465.042183 3.201908 
2456466.708026 0.737773 
2456468.373868 -0.964430 
2456470.039711 1.933271 
2456471.705554 3.231737 
2456473.371396 -0.349912 
2456475.037239 -2.122726 
2456476.703082 0.892921 
2456478.368924 2.386007 
2456480.034767 0.112815 
2456481.700609 -0.678918 
2456483.366452 0.710840 
2456485.032295 0.268023 
2456486.698137 -0.282807 
2456488.363980 2.485411 
2456490.029823 4.185951 
2456491.695665 0.798669 
2456493.361508 -1.867280 
2456495.027351 0.795865 
2456496.693193 2.745274 
2456498.359036 -0.360094 
2456500.024878 -2.462036 
2456501.690721 0.201757 
2456503.356564 1.868420 
2456505.022406 -0.371714 
2456506.688249 -1.290101 
2456508.354092 1.053386 
2456510.019934 2.397791 
2456511.685777 2.144466 
2456513.351620 3.181184 
2456515.017462 3.558059 
2456516.683305 0.362425 
2456518.349147 -2.407359 
2456520.014990 -0.613783 
2456521.680833 1.809407 
2456523.346675 0.580592 
2456525.012518 -1.136489 
2456526.678361 -0.158426 
2456528.344203 0.658580 
2456530.010046 -0.483270 
2456531.675888 -0.528688 
2456533.341731 1.465917 
2456535.007574 2.541049 
2456536.673416 2.250130 
2456538.339259 2.474809 
2456540.005102 2.013011 
2456541.670944 -0.760828 
2456543.336787 -2.823294 
2456545.002630 -1.154175 
2456546.668472 1.662635 
2456548.334315 2.098024 
2456550.000157 0.967672 
2456551.666000 0.178344 
2456553.331843 -0.351747 
2456554.997685 -0.369983 
2456556.663528 0.793345 
2456558.329371 1.761279 
2456559.995213 1.246214 
2456561.661056 0.723636 
2456563.326899 1.015331 
2456564.992741 0.121084 
2456566.658584 -2.170461 
2456568.324426 -2.629375 
2456569.990269 -0.118343 
2456571.656112 2.535520 
2456573.321954 3.294796 
2456574.987797 2.540106 
2456576.653640 0.784373 
2456578.319482 -0.785789 
2456579.985325 -0.140110 
2456581.651168 1.828236 
2456583.317010 1.725768 
2456584.982853 -0.289499 
2456586.648695 -0.901379 
2456588.314538 -0.365541 
2456589.980381 -1.508767 
2456591.646223 -3.014224 
2456593.312066 -1.499380 
2456594.977909 1.801945 
2456596.643751 3.465085 
2456598.309594 3.478031 
2456599.975437 2.898115 
2456601.641279 1.093622 
2456603.307122 -0.765909 
2456604.972964 0.047132 
2456606.638807 2.049373 
2456608.304650 1.319086 
2456609.970492 -1.120934 
2456611.636335 -1.560765 
2456613.302178 -0.996848 
2456614.968020 -2.134208 
2456616.633863 -2.828677 
2456618.299705 -0.319171 
2456619.965548 2.809224 
2456621.631391 3.392686 
2456623.297233 2.733197 
2456624.963076 2.294962 
2456626.628919 0.986169 
2456628.294761 -0.519267 
2456629.960604 0.124428 
2456631.626447 1.607868 
2456633.292289 0.808784 
2456634.958132 -1.110935 
2456636.623974 -1.272264 
2456638.289817 -0.855521 
2456639.955660 -1.841930 
2456641.621502 -2.152122 
2456643.287345 0.123618 
2456644.953188 2.455109 
2456646.619030 2.475463 
2456648.284873 1.672123 
2456649.950716 1.394688 
2456651.616558 0.684461 
2456653.282401 -0.249735 
2456654.948243 0.116685 
2456656.614086 0.966479 
2456658.279929 0.412767 
2456659.945771 -0.643466 
2456661.611614 -0.523956 
2456663.277457 -0.318944 
2456664.943299 -1.252938 
2456666.609142 -1.645356 
2456668.274985 -0.158446 
2456669.940827 1.397596 
2456671.606670 1.371493 
2456673.272512 0.792723 
2456674.938355 0.673806 
2456676.604198 0.408831 
2456678.270040 -0.071931 
2456679.935883 0.045341 
2456681.601726 0.423871 
2456683.267568 0.194667 
2456684.933411 -0.081841 
2456686.599254 0.265220 
2456688.265096 0.235151 
2456689.930939 -0.853056 
2456691.596781 -1.568574 
2456693.262624 -0.769748 
2456694.928467 0.375060 
2456696.594309 0.561529 
2456698.260152 0.292355 
2456699.925995 0.299730 
2456701.591837 0.250053 
2456703.257680 -0.046393 
2456704.923522 -0.126771 
2456706.589365 0.033987 
2456708.255208 0.123542 
2456709.921050 0.380192 
2456711.586893 0.821427 
2456713.252736 0.516047 
2456714.918578 -0.803908 
2456716.584421 -1.707201 
2456718.250264 -1.150206 
2456719.916106 -0.098297 
2456721.581949 0.250433 
2456723.247791 0.179407 
2456724.913634 0.261124 
2456726.579477 0.190057 
2456728.245319 -0.231846 
2456729.911162 -0.484562 
2456731.577005 -0.279530 
2456733.242847 0.150378 
2456734.908690 0.660482 
2456736.574533 0.938727 
2456738.240375 0.317826 
2456739.906218 -0.979667 
2456741.572060 -1.519818 
2456743.237903 -0.707313 
2456744.903746 0.265272 
2456746.569588 0.455779 
2456748.235431 0.401468 
2456749.901274 0.505227 
2456751.567116 0.171174 
2456753.232959 -0.679821 
2456754.898802 -1.082571 
2456756.564644 -0.569524 
2456758.230487 0.256728 
2456759.896329 0.735521 
2456761.562172 0.545942 
2456763.228015 -0.329246 
2456764.893857 -1.068156 
2456766.559700 -0.559871 
2456768.225543 0.788695 
2456769.891385 1.390406 
2456771.557228 1.012217 
2456773.223071 0.860787 
2456774.888913 0.983823 
2456776.554756 0.175775 
2456778.220598 -1.340366 
2456779.886441 -1.810786 
2456781.552284 -0.747209 
2456783.218126 0.471366 
2456784.883969 0.723191 
2456786.549812 0.078782 
2456788.215654 -0.784875 
2456789.881497 -0.795960 
2456791.547339 0.670185 
2456793.213182 2.359468 
2456794.879025 2.436032 
2456796.544867 1.452548 
2456798.210710 1.334865 
2456799.876553 1.623221 
2456801.542395 0.308082 
2456803.208238 -1.910418 
2456804.874081 -2.283095 
2456806.539923 -0.612387 
2456808.205766 0.750339 
2456809.871608 0.814635 
2456811.537451 0.343638 
2456813.203294 -0.257881 
2456814.869136 -0.478445 
2456816.534979 0.652470 
2456818.200822 2.282656 
2456819.866664 2.292487 
2456821.532507 1.271646 
2456823.198350 1.589848 
2456824.864192 2.359947 
2456826.530035 0.837791 
2456828.195877 -1.758580 
2456829.861720 -1.964077 
2456831.527563 -0.243482 
2456833.193405 0.583659 
2456834.859248 0.634537 
2456836.525091 1.108529 
2456838.190933 0.831601 
2456839.856776 -0.553392 
2456841.522619 -0.698320 
2456843.188461 0.688825 
2456844.854304 1.011231 
2456846.520146 0.459180 
2456848.185989 1.598226 
2456849.851832 3.171055 
2456851.517674 1.954164 
2456853.183517 -0.557827 
2456854.849360 -0.912907 
2456856.515202 -0.123827 
2456858.181045 -0.363372 
2456859.846888 -0.056295 
2456861.512730 1.615832 
2456863.178573 1.586682 
2456864.844415 -0.868615 
2456866.510258 -2.058697 
2456868.176101 -1.018195 
2456869.841943 -0.625002 
2456871.507786 -0.675363 
2456873.173629 1.411228 
2456874.839471 3.853066 
2456876.505314 3.132369 
2456878.171156 0.815400 
2456879.836999 0.067861 
2456881.502842 -0.177104 
2456883.168684 -1.144600 
2456884.834527 -0.595340 
2456886.500370 1.591349 
2456888.166212 1.621833 
2456889.832055 -0.988257 
2456891.497898 -2.377313 
2456893.163740 -1.812680 
2456894.829583 -1.816138 
2456896.495425 -1.594739 
2456898.161268 1.126934 
2456899.827111 3.999571 
2456901.492953 3.607480 
2456903.158796 1.540680 
2456904.824639 0.567437 
2456906.490481 -0.163133 
2456908.156324 -1.255945 
2456909.822167 -0.701998 
2456911.488009 1.187501 
2456913.153852 1.185076 
2456914.819694 -0.811011 
2456916.485537 -1.836319 
2456918.151380 -1.695852 
2456919.817222 -2.083131 
2456921.483065 -1.779444 
2456923.148908 0.830660 
2456924.814750 3.361037 
2456926.480593 3.109041 
2456928.146436 1.488026 
2456929.812278 0.606726 
2456931.478121 -0.103735 
2456933.143963 -0.934453 
2456934.809806 -0.532960 
2456936.475649 0.699840 
2456938.141491 0.663302 
2456939.807334 -0.515664 
2456941.473177 -1.064807 
2456943.139019 -1.139479 
2456944.804862 -1.627640 
2456946.470705 -1.373946 
2456948.136547 0.543686 
2456949.802390 2.273851 
2456951.468232 2.087747 
2456953.134075 1.018908 
2456954.799918 0.415514 
2456956.465760 -0.047651 
2456958.131603 -0.522942 
2456959.797446 -0.298878 
2456961.463288 0.326645 
2456963.129131 0.280808 
2456964.794973 -0.258688 
2456966.460816 -0.462126 
2456968.126659 -0.579579 
2456969.792501 -0.966246 
2456971.458344 -0.812166 
2456973.124187 0.307876 
2456974.790029 1.253968 
2456976.455872 1.119933 
2456978.121715 0.526456 
2456979.787557 0.201463 
2456981.453400 -0.012135 
2456983.119242 -0.212966 
2456984.785085 -0.117263 
2456986.450928 0.120386 
2456988.116770 0.081812 
2456989.782613 -0.098204 
2456991.448456 -0.127457 
2456993.114298 -0.214886 
2456994.780141 -0.468250 
2456996.445984 -0.414524 
2456998.111826 0.138753 
2456999.777669 0.600446 
2457001.443511 0.523502 
2457003.109354 0.218936 
2457004.775197 0.068402 
2457006.441039 0.011640 
2457008.106882 -0.046007 
2457009.772725 -0.020112 
2457011.438567 0.044038 
2457013.104410 0.015640 
2457014.770253 -0.022502 
2457016.436095 0.014160 
2457018.101938 -0.059148 
2457019.767780 -0.300012 
2457021.433623 -0.339128 
2457023.099466 0.035913 
2457024.765308 0.417562 
2457026.431151 0.389239 
2457028.096994 0.146315 
2457029.762836 0.047397 
2457031.428679 0.047179 
2457033.094522 -0.001748 
2457034.760364 -0.013911 
2457036.426207 0.031871 
2457038.092049 0.011290 
2457039.757892 0.001374 
2457041.423735 0.083105 
2457043.089577 -0.055512 
2457044.755420 -0.524122 
2457046.421263 -0.648387 
2457048.087105 0.024436 
2457049.752948 0.748846 
2457051.418790 0.703757 
2457053.084633 0.277148 
2457054.750476 0.145171 
2457056.416318 0.121142 
2457058.082161 -0.073987 
2457059.748004 -0.128266 
2457061.413846 0.018610 
2457063.079689 0.009806 
2457064.745532 -0.004608 
2457066.411374 0.172517 
2457068.077217 -0.149959 
2457069.743059 -1.156763 
2457071.408902 -1.325279 
2457073.074745 0.185362 
2457074.740587 1.617892 
2457076.406430 1.378817 
2457078.072273 0.525599 
2457079.738115 0.358490 
2457081.403958 0.247819 
2457083.069801 -0.294119 
2457084.735643 -0.420079 
2457086.401486 -0.053431 
2457088.067328 -0.032331 
2457089.733171 -0.038935 
2457091.399014 0.319031 
2457093.064856 -0.303657 
2457094.730699 -2.108223 
2457096.396542 -2.191623 
2457098.062384 0.636794 
2457099.728227 2.911019 
2457101.394070 2.160827 
2457103.059912 0.723210 
2457104.725755 0.643953 
2457106.391597 0.407394 
2457108.057440 -0.691202 
2457109.723283 -0.917109 
2457111.389125 -0.222381 
2457113.054968 -0.142681 
2457114.720811 -0.110869 
2457116.386653 0.493008 
2457118.052496 -0.466088 
2457119.718339 -3.055629 
2457121.384181 -2.814389 
2457123.050024 1.429782 
2457124.715866 4.181363 
2457126.381709 2.543235 
2457128.047552 0.607459 
2457129.713394 0.870439 
2457131.379237 0.530364 
2457133.045080 -1.197028 
2457134.710922 -1.509104 
2457136.376765 -0.468143 
2457138.042607 -0.315058 
2457139.708450 -0.215775 
2457141.374293 0.610338 
2457143.040135 -0.551511 
2457144.705978 -3.440421 
2457146.371821 -2.634942 
2457148.037663 2.358228 
2457149.703506 4.639294 
2457151.369349 1.950556 
2457153.035191 -0.043327 
2457154.701034 0.826520 
2457156.366876 0.525249 
2457158.032719 -1.546739 
2457159.698562 -1.854655 
2457161.364404 -0.652046 
2457163.030247 -0.474070 
2457164.696090 -0.304389 
2457166.361932 0.600909 
2457168.027775 -0.481655 
2457169.693618 -2.910718 
2457171.359460 -1.615175 
2457173.025303 2.831839 
2457174.691145 3.777328 
2457176.356988 0.484717 
2457178.022831 -1.039974 
2457179.688673 0.378346 
2457181.354516 0.388251 
2457183.020359 -1.310496 
2457184.686201 -1.466624 
2457186.352044 -0.507493 
2457188.017887 -0.471232 
2457189.683729 -0.291744 
2457191.349572 0.488355 
2457193.015414 -0.319987 
2457194.681257 -1.888781 
2457196.347100 -0.550922 
2457198.012942 2.463254 
2457199.678785 2.225760 
2457201.344628 -0.815952 
2457203.010470 -1.840575 
2457204.676313 -0.383561 
2457206.342156 0.235288 
2457208.007998 -0.294746 
2457209.673841 -0.175886 
2457211.339683 0.130604 
2457213.005526 -0.209554 
2457214.671369 -0.146168 
2457216.337211 0.356188 
2457218.003054 -0.171859 
2457219.668897 -0.955802 
2457221.334739 0.057959 
2457223.000582 1.615509 
2457224.666424 0.873334 
2457226.332267 -1.394401 
2457227.998110 -2.200514 
2457229.663952 -1.165688 
2457231.329795 0.073532 
2457232.995638 0.942339 
2457234.661480 1.425973 
2457236.327323 1.059308 
2457237.993166 0.249478 
2457239.659008 0.077833 
2457241.324851 0.274229 
2457242.990693 -0.066167 
2457244.656536 -0.363948 
2457246.322379 0.243260 
2457247.988221 0.811598 
2457249.654064 0.092645 
2457251.319907 -1.304862 
2457252.985749 -2.011617 
2457254.651592 -1.601898 
2457256.317435 -0.266772 
2457257.983277 1.471234 
2457259.649120 2.427228 
2457261.314962 1.878124 
2457262.980805 0.767032 
2457264.646648 0.301707 
2457266.312490 0.256728 
2457267.978333 0.013429 
2457269.644176 -0.098456 
2457271.310018 0.209863 
2457272.975861 0.324698 
2457274.641704 -0.149996 
2457276.307546 -0.795827 
2457277.973389 -1.305258 
2457279.639231 -1.546921 
2457281.305074 -0.887448 
2457282.970917 0.874448 
2457284.636759 2.388236 
2457286.302602 2.294306 
2457287.968445 1.184300 
2457289.634287 0.459680 
2457291.300130 0.272155 
2457292.965973 0.074980 
2457294.631815 -0.032907 
2457296.297658 0.122349 
2457297.963500 0.137811 
2457299.629343 -0.097728 
2457301.295186 -0.230286 
2457302.961028 -0.487697 
2457304.626871 -1.215954 
2457306.292714 -1.471658 
2457307.958556 -0.158234 
2457309.624399 1.731704 
2457311.290241 2.239035 
2457312.956084 1.328272 
2457314.621927 0.499507 
2457316.287769 0.267872 
2457317.953612 0.102406 
2457319.619455 -0.041091 
2457321.285297 0.053237 
2457322.951140 0.098454 
2457324.616983 0.010740 
2457326.282825 0.111717 
2457327.948668 0.034148 
2457329.614510 -0.820717 
2457331.280353 -1.568383 
2457332.946196 -0.763007 
2457334.612038 1.007453 
2457336.277881 1.764577 
2457337.943724 1.129484 
2457339.609566 0.412550 
2457341.275409 0.216660 
2457342.941252 0.090823 
2457344.607094 -0.052241 
2457346.272937 0.014992 
2457347.938779 0.090584 
2457349.604622 0.068931 
2457351.270465 0.203736 
2457352.936307 0.208606 
2457354.602150 -0.471990 
2457356.267993 -1.217141 
2457357.933835 -0.806534 
2457359.599678 0.473091 
2457361.265521 1.127902 
2457362.931363 0.754387 
2457364.597206 0.268590 
2457366.263048 0.142200 
2457367.928891 0.060049 
2457369.594734 -0.048493 
2457371.260576 -0.000869 
2457372.926419 0.073643 
2457374.592262 0.071727 
2457376.258104 0.159220 
2457377.923947 0.182626 
2457379.589790 -0.228870 
2457381.255632 -0.732738 
2457382.921475 -0.559201 
2457384.587317 0.176496 
2457386.253160 0.588569 
2457387.919003 0.403356 
2457389.584845 0.140019 
2457391.250688 0.076057 
2457392.916531 0.030185 
2457394.582373 -0.035633 
2457396.248216 -0.006112 
2457397.914058 0.046816 
2457399.579901 0.047786 
2457401.245744 0.085129 
2457402.911586 0.101574 
2457404.577429 -0.091077 
2457406.243272 -0.343056 
2457407.909114 -0.280656 
2457409.574957 0.054814 
2457411.240800 0.248934 
2457412.906642 0.170650 
2457414.572485 0.057576 
2457416.238327 0.032633 
2457417.904170 0.010335 
2457419.570013 -0.022528 
2457421.235855 -0.008339 
2457422.901698 0.020089 
2457424.567541 0.022191 
2457426.233383 0.033910 
2457427.899226 0.040793 
2457429.565069 -0.027171 
2457431.230911 -0.116475 
2457432.896754 -0.092916 
2457434.562596 0.023735 
2457436.228439 0.085865 
2457437.894282 0.055281 
2457439.560124 0.018090 
2457441.225967 0.010780 
2457442.891810 0.000738 
2457444.557652 -0.013355 
2457446.223495 -0.009639 
2457447.889338 0.001463 
2457449.555180 0.006171 
2457451.221023 0.012598 
2457452.886865 0.014377 
2457454.552708 -0.004143 
2457456.218551 -0.021813 
2457457.884393 -0.007029 
2457459.550236 0.023079 
2457461.216079 0.029971 
2457462.881921 0.015318 
2457464.547764 0.005116 
2457466.213607 0.002856 
2457467.879449 -0.001997 
2457469.545292 -0.007848 
2457471.211134 -0.009098 
2457472.876977 -0.006503 
2457474.542820 -0.000060 
2457476.208662 0.008011 
2457477.874505 0.008198 
2457479.540348 0.000181 
2457481.206190 -0.000143 
2457482.872033 0.013435 
2457484.537875 0.024353 
2457486.203718 0.019884 
2457487.869561 0.009050 
2457489.535403 0.003435 
2457491.201246 0.001358 
2457492.867089 -0.001664 
2457494.532931 -0.005010 
2457496.198774 -0.008046 
2457497.864617 -0.008858 
2457499.530459 -0.002191 
2457501.196302 0.009034 
2457502.862144 0.011160 
2457504.527987 0.001446 
2457506.193830 -0.003083 
2457507.859672 0.007997 
2457509.525515 0.020961 
2457511.191358 0.020445 
2457512.857200 0.011083 
2457514.523043 0.004227 
2457516.188886 0.001009 
2457517.854728 -0.002227 
2457519.520571 -0.007806 
2457521.186413 -0.017454 
2457522.852256 -0.023386 
2457524.518099 -0.008778 
2457526.183941 0.022905 
2457527.849784 0.038936 
2457529.515627 0.022692 
2457531.181469 0.001692 
2457532.847312 0.003663 
2457534.513155 0.016703 
2457536.178997 0.018800 
2457537.844840 0.011618 
2457539.510682 0.004378 
2457541.176525 -0.002167 
2457542.842368 -0.009368 
2457544.508210 -0.027142 
2457546.174053 -0.065036 
2457547.839896 -0.086625 
2457549.505738 -0.029495 
2457551.171581 0.086023 
2457552.837424 0.148635 
2457554.503266 0.108012 
2457556.169109 0.040325 
2457557.834951 0.017060 
2457559.500794 0.018678 
2457561.166637 0.014001 
2457562.832479 0.009843 
2457564.498322 0.003934 
2457566.164165 -0.012359 
2457567.830007 -0.031536 
2457569.495850 -0.082268 
2457571.161692 -0.194983 
2457572.827535 -0.251412 
2457574.493378 -0.071471 
2457576.159220 0.263522 
2457577.825063 0.434124 
2457579.490906 0.322101 
2457581.156748 0.139887 
2457582.822591 0.060048 
2457584.488434 0.033828 
2457586.154276 0.008719 
2457587.820119 0.008013 
2457589.485961 0.003901 
2457591.151804 -0.033904 
2457592.817647 -0.077652 
2457594.483489 -0.192902 
2457596.149332 -0.449145 
2457597.815175 -0.562081 
2457599.481017 -0.131235 
2457601.146860 0.623226 
2457602.812703 0.981466 
2457604.478545 0.719049 
2457606.144388 0.319625 
2457607.810230 0.138809 
2457609.476073 0.065774 
2457611.141916 0.005176 
2457612.807758 0.008092 
2457614.473601 0.004934 
2457616.139444 -0.068303 
2457617.805286 -0.149420 
2457619.471129 -0.359544 
2457621.136972 -0.822330 
2457622.802814 -1.000284 
2457624.468657 -0.184714 
2457626.134499 1.171463 
2457627.800342 1.771636 
2457629.466185 1.273462 
2457631.132027 0.562999 
2457632.797870 0.243574 
2457634.463713 0.109790 
2457636.129555 0.004072 
2457637.795398 0.010366 
2457639.461241 0.006655 
2457641.127083 -0.108908 
2457642.792926 -0.230053 
2457644.458768 -0.537841 
2457646.124611 -1.207276 
2457647.790454 -1.424662 
2457649.456296 -0.187249 
2457651.122139 1.767703 
2457652.787982 2.567200 
2457654.453824 1.805408 
2457656.119667 0.786952 
2457657.785509 0.336684 
2457659.451352 0.148260 
2457661.117195 0.004712 
2457662.783037 0.013071 
2457664.448880 0.007457 
2457666.114723 -0.137921 
2457667.780565 -0.280052 
2457669.446408 -0.633834 
2457671.112251 -1.393059 
2457672.778093 -1.586381 
2457674.443936 -0.106450 
2457676.109778 2.103513 
2457677.775621 2.922833 
2457679.441464 2.004468 
2457681.107306 0.857756 
2457682.773149 0.361387 
2457684.438992 0.156025 
2457686.104834 0.005308 
2457687.770677 0.013023 
2457689.436520 0.005236 
2457691.102362 -0.135910 
2457692.768205 -0.261944 
2457694.434047 -0.571497 
2457696.099890 -1.231258 
2457697.765733 -1.351450 
2457699.431575 0.003788 
2457701.097418 1.919609 
2457702.763261 2.557235 
2457704.429103 1.712141 
2457706.094946 0.720221 
2457707.760789 0.298693 
2457709.426631 0.126071 
2457711.092474 0.004016 
2457712.758316 0.008653 
2457714.424159 0.000167 
2457716.090002 -0.104110 
2457717.755844 -0.186879 
2457719.421687 -0.397665 
2457721.087530 -0.851268 
2457722.753372 -0.907179 
2457724.419215 0.058957 
2457726.085058 1.364063 
2457727.750900 1.758280 
2457729.416743 1.159363 
2457731.082585 0.485545 
2457732.748428 0.197064 
2457734.414271 0.077731 
2457736.080113 -0.000007 
2457737.745956 0.002207 
2457739.411799 -0.004552 
2457741.077641 -0.060173 
2457742.743484 -0.096993 
2457744.409326 -0.216172 
2457746.075169 -0.476525 
2457747.741012 -0.499023 
2457749.406854 0.047916 
2457751.072697 0.760838 
2457752.738540 0.971836 
2457754.404382 0.657670 
2457756.070225 0.292473 
2457757.736068 0.110073 
2457759.401910 0.027059 
2457761.067753 -0.009377 
2457762.733595 -0.003938 
2457764.399438 -0.008336 
2457766.065281 -0.027868 
2457767.731123 -0.037896 
2457769.396966 -0.098087 
2457771.062809 -0.218897 
2457772.728651 -0.225354 
2457774.394494 0.002874 
2457776.060337 0.303761 
2457777.726179 0.441347 
2457779.392022 0.378353 
2457781.057864 0.219729 
2457782.723707 0.062602 
2457784.389550 -0.025969 
2457786.055392 -0.030568 
2457787.721235 -0.010595 
2457789.387078 -0.019971 
2457791.052920 -0.047456 
2457792.718763 -0.067889 
2457794.384606 -0.069935 
2457796.050448 -0.044837 
2457797.716291 -0.018261 
2457799.382133 -0.015818 
2457801.047976 0.034886 
2457802.713819 0.202601 
2457804.379661 0.351964 
2457806.045504 0.282702 
2457807.711347 0.053651 
2457809.377189 -0.090793 
2457811.043032 -0.072588 
2457812.708875 -0.024068 
2457814.374717 -0.063475 
2457816.040560 -0.188135 
2457817.706402 -0.268175 
2457819.372245 -0.123744 
2457821.038088 0.188645 
2457822.703930 0.304901 
2457824.369773 0.083746 
2457826.035616 -0.065390 
2457827.701458 0.191777 
2457829.367301 0.521361 
2457831.033143 0.444000 
2457832.698986 0.067554 
2457834.364829 -0.171124 
2457836.030671 -0.141276 
2457837.696514 -0.057667 
2457839.362357 -0.178232 
2457841.028199 -0.534512 
2457842.694042 -0.712900 
2457844.359885 -0.211504 
2457846.025727 0.669954 
2457847.691570 0.951387 
2457849.357412 0.409037 
2457851.023255 -0.004617 
2457852.689098 0.323485 
2457854.354940 0.768259 
2457856.020783 0.614311 
2457857.686626 0.082413 
2457859.352468 -0.250523 
2457861.018311 -0.230325 
2457862.684154 -0.130352 
2457864.349996 -0.404314 
2457866.015839 -1.121450 
2457867.681681 -1.373533 
2457869.347524 -0.223667 
2457871.013367 1.521716 
2457872.679209 1.998945 
2457874.345052 1.004619 
2457876.010895 0.219700 
2457877.676737 0.505023 
2457879.342580 0.928904 
2457881.008423 0.672979 
2457882.674265 0.079473 
2457884.340108 -0.292701 
2457886.005950 -0.316425 
2457887.671793 -0.259147 
2457889.337636 -0.746176 
2457891.003478 -1.819579 
2457892.669321 -1.983256 
2457894.335164 0.010498 
2457896.001006 2.624458 
2457897.666849 3.178243 
2457899.332692 1.699515 
2457900.998534 0.530758 
2457902.664377 0.624318 
2457904.330219 0.879989 
2457905.996062 0.567968 
2457907.661905 0.058881 
2457909.327747 -0.278327 
2457910.993590 -0.373592 
2457912.659433 -0.444096 
2457914.325275 -1.124639 
2457915.991118 -2.247046 
2457917.656960 -1.992331 
2457919.322803 0.635686 
2457920.988646 3.458213 
2457922.654488 3.746241 
2457924.320331 2.010486 
2457925.986174 0.706208 
2457927.652016 0.584630 
2457929.317859 0.655816 
2457930.983702 0.388252 
2457932.649544 0.023733 
2457934.315387 -0.243862 
2457935.981229 -0.386693 
2457937.647072 -0.641407 
2457939.312915 -1.352271 
2457940.978757 -1.895614 
2457942.644600 -0.882194 
2457944.310443 1.548613 
2457945.976285 3.240607 
2457947.642128 2.845379 
2457949.307971 1.426358 
2457950.973813 0.524616 
2457952.639656 0.348669 
2457954.305498 0.360879 
2457955.971341 0.234972 
2457957.637184 -0.027718 
2457959.303026 -0.220684 
2457960.968869 -0.336475 
2457962.634712 -0.740605 
2457964.300554 -1.233574 
2457965.966397 -0.736888 
2457967.632240 0.919038 
2457969.298082 2.133417 
2457970.963925 1.769815 
2457972.629767 0.730454 
2457974.295610 0.197800 
2457975.961453 0.087239 
2457977.627295 0.037529 
2457979.293138 0.109221 
2457980.958981 0.135379 
2457982.624823 -0.069324 
2457984.290666 -0.189185 
2457985.956509 -0.235139 
2457987.622351 -0.655692 
2457989.288194 -0.848039 
2457990.954036 0.323444 
2457992.619879 1.981974 
2457994.285722 1.932688 
2457995.951564 0.225728 
2457997.617407 -0.914027 
2457999.283250 -0.674679 
2458000.949092 -0.227190 
2458002.614935 -0.147427 
2458004.280777 -0.023849 
2458005.946620 0.075406 
2458007.612463 -0.075667 
2458009.278305 -0.138159 
2458010.944148 -0.132638 
2458012.609991 -0.454888 
2458014.275833 -0.452514 
2458015.941676 0.735190 
2458017.607519 1.943395 
2458019.273361 1.305660 
2458020.939204 -0.548034 
2458022.605046 -1.401408 
2458024.270889 -0.874011 
2458025.936732 -0.302816 
2458027.602574 -0.178367 
2458029.268417 -0.056394 
2458030.934260 0.041377 
2458032.600102 -0.056964 
2458034.265945 -0.084413 
2458035.931788 -0.060194 
2458037.597630 -0.252854 
2458039.263473 -0.183385 
2458040.929315 0.652181 
2458042.595158 1.332936 
2458044.261001 0.684339 
2458045.926843 -0.641686 
2458047.592686 -1.123719 
2458049.258529 -0.662851 
2458050.924371 -0.231538 
2458052.590214 -0.127582 
2458054.256057 -0.040467 
2458055.921899 0.023028 
2458057.587742 -0.032514 
2458059.253584 -0.043132 
2458060.919427 -0.021568 
2458062.585270 -0.111937 
2458064.251112 -0.050542 
2458065.916955 0.390908 
2458067.582798 0.685164 
2458069.248640 0.270802 
2458070.914483 -0.426191 
2458072.580326 -0.629507 
2458074.246168 -0.357822 
2458075.912011 -0.125424 
2458077.577853 -0.063739 
2458079.243696 -0.015855 
2458080.909539 0.013329 
2458082.575381 -0.013987 
2458084.241224 -0.018488 
2458085.907067 -0.006512 
2458087.572909 -0.038315 
2458089.238752 -0.007244 
2458090.904594 0.161540 
2458092.570437 0.251039 
2458094.236280 0.071450 
2458095.902122 -0.185025 
2458097.567965 -0.240610 
2458099.233808 -0.131548 
2458100.899650 -0.046094 
2458102.565493 -0.019840 
2458104.231336 0.000103 
2458105.897178 0.008050 
2458107.563021 -0.004031 
2458109.228863 -0.006993 
2458110.894706 -0.003053 
2458112.560549 -0.010711 
2458114.226391 -0.003801 
2458115.892234 0.032399 
2458117.558077 0.047359 
2458119.223919 0.009243 
2458120.889762 -0.034649 
2458122.555605 -0.038167 
2458124.221447 -0.018834 
2458125.887290 -0.006420 
2458127.553132 0.000009 
2458129.218975 0.005625 
2458130.884818 0.004966 
2458132.550660 -0.000416 
2458134.216503 -0.003007 
2458135.882346 -0.003173 
2458137.548188 -0.005157 
2458139.214031 -0.009350 
2458140.879874 -0.012800 
2458142.545716 -0.008944 
2458144.211559 0.006214 
2458145.877401 0.022485 
2458147.543244 0.024446 
2458149.209087 0.013633 
2458150.874929 0.005030 
2458152.540772 0.004285 
2458154.206615 0.004988 
2458155.872457 0.003036 
2458157.538300 0.000060 
2458159.204143 -0.002094 
2458160.869985 -0.003316 
2458162.535828 -0.005974 
2458164.201670 -0.011837 
2458165.867513 -0.014338 
2458167.533356 -0.003771 
2458169.199198 0.015303 
2458170.865041 0.025739 
2458172.530884 0.020619 
2458174.196726 0.009931 
2458175.862569 0.003696 
2458177.528411 0.002332 
2458179.194254 0.002519 
2458180.860097 0.001800 
2458182.525939 -0.000353 
2458184.191782 -0.001880 
2458185.857625 -0.002743 
2458187.523467 -0.006440 
2458189.189310 -0.010077 
2458190.855153 -0.003677 
2458192.520995 0.011410 
2458194.186838 0.018868 
2458195.852680 0.011640 
2458197.518523 0.001810 
2458199.184366 -0.000799 
2458200.850208 -0.000144 
2458202.516051 -0.000234 
2458204.181894 0.000548 
2458205.847736 0.001027 
2458207.513579 -0.000646 
2458209.179422 -0.001557 
2458210.845264 -0.001810 
2458212.511107 -0.005336 
2458214.176949 -0.006495 
2458215.842792 0.004272 
2458217.508635 0.018065 
2458219.174477 0.015755 
2458220.840320 -0.000426 
2458222.506163 -0.010032 
2458224.172005 -0.006903 
2458225.837848 -0.002355 
2458227.503691 -0.001474 
2458229.169533 -0.000355 
2458230.835376 0.000568 
2458232.501218 -0.000631 
2458234.167061 -0.001087 
2458235.832904 -0.000966 
2458237.498746 -0.003493 
2458239.164589 -0.003253 
2458240.830432 0.006519 
2458242.496274 0.015914 
2458244.162117 0.009980 
2458245.827960 -0.005421 
2458247.493802 -0.012097 
2458249.159645 -0.007430 
2458250.825487 -0.002582 
2458252.491330 -0.001491 
2458254.157173 -0.000486 
2458255.823015 0.000312 
2458257.488858 -0.000441 
2458259.154701 -0.000635 
2458260.820543 -0.000413 
2458262.486386 -0.001834 
2458264.152228 -0.001219 
2458265.818071 0.005156 
2458267.483914 0.010123 
2458269.149756 0.004901 
2458270.815599 -0.005248 
2458272.481442 -0.008769 
2458274.147284 -0.005132 
2458275.813127 -0.001795 
2458277.478970 -0.000970 
2458279.144812 -0.000300 
2458280.810655 0.000175 
2458282.476497 -0.000235 
2458284.142340 -0.000310 
2458285.808183 -0.000139 
2458287.474025 -0.000762 
2458289.139868 -0.000296 
2458290.805711 0.002829 
2458292.471553 0.004818 
2458294.137396 0.001783 
2458295.803239 -0.003137 
2458297.469081 -0.004498 
2458299.134924 -0.002540 
2458300.800766 -0.000891 
2458302.466609 -0.000439 
2458304.132452 -0.000095 
2458305.798294 0.000102 
2458307.464137 -0.000093 
2458309.129980 -0.000128 
2458310.795822 -0.000043 
2458312.461665 -0.000244 
2458314.127508 -0.000039 
2458315.793350 0.001035 
2458317.459193 0.001572 
2458319.125035 0.000408 
2458320.790878 -0.001190 
2458322.456721 -0.001503 
2458324.122563 -0.000812 
2458325.788406 -0.000284 
2458327.454249 -0.000111 
2458329.120091 0.000021 
2458330.785934 0.000062 
2458332.451777 -0.000023 
2458334.117619 -0.000048 
2458335.783462 -0.000026 
2458337.449304 -0.000070 
2458339.115147 -0.000045 
2458340.780990 0.000125 
2458342.446832 0.000199 
2458344.112675 0.000047 
2458345.778518 -0.000108 
2458347.444360 -0.000103 
2458349.110203 -0.000041 
2458350.776045 -0.000013 
2458352.441888 0.000019 
2458354.107731 0.000051 
2458355.773573 0.000039 
2458357.439416 -0.000001 
2458359.105259 -0.000023 
2458360.771101 -0.000029 
2458362.436944 -0.000045 
2458364.102787 -0.000092 
2458365.768629 -0.000139 
2458367.434472 -0.000095 
2458369.100314 0.000074 
2458370.766157 0.000234 
2458372.432000 0.000239 
2458374.097842 0.000129 
2458375.763685 0.000047 
2458377.429528 0.000036 
2458379.095370 0.000039 
2458380.761213 0.000023 
2458382.427056 -0.000000 
2458384.092898 -0.000018 
2458385.758741 -0.000028 
2458387.424583 -0.000055 
2458389.090426 -0.000103 
2458390.756269 -0.000104 
2458392.422111 0.000003 
2458394.087954 0.000149 
2458395.753797 0.000199 
2458397.419639 0.000139 
2458399.085482 0.000063 
2458400.751325 0.000024 
2458402.417167 0.000014 
2458404.083010 0.000017 
2458405.748852 0.000014 
2458407.414695 -0.000004 
2458409.080538 -0.000016 
2458410.746380 -0.000022 
2458412.412223 -0.000055 
2458414.078066 -0.000081 
2458415.743908 -0.000010 
2458417.409751 0.000124 
2458419.075594 0.000163 
2458420.741436 0.000070 
2458422.407279 -0.000020 
2458424.073121 -0.000026 
2458425.738964 -0.000008 
2458427.404807 -0.000006 
2458429.070649 0.000002 
2458430.736492 0.000008 
2458432.402335 -0.000006 
2458434.068177 -0.000013 
2458435.734020 -0.000014 
2458437.399862 -0.000043 
2458439.065705 -0.000049 
2458440.731548 0.000047 
2458442.397390 0.000159 
2458444.063233 0.000126 
2458445.729076 -0.000020 
2458447.394918 -0.000100 
2458449.060761 -0.000066 
2458450.726604 -0.000023 
2458452.392446 -0.000014 
2458454.058289 -0.000004 
2458455.724131 0.000004 
2458457.389974 -0.000005 
2458459.055817 -0.000008 
2458460.721659 -0.000007 
2458462.387502 -0.000026 
2458464.053345 -0.000023 
2458465.719187 0.000056 
2458467.385030 0.000128 
2458469.050873 0.000075 
2458470.716715 -0.000050 
2458472.382558 -0.000101 
2458474.048400 -0.000061 
2458475.714243 -0.000021 
2458477.380086 -0.000012 
2458479.045928 -0.000004 
2458480.711771 0.000002 
2458482.377614 -0.000003 
2458484.043456 -0.000005 
2458485.709299 -0.000003 
2458487.375142 -0.000013 
2458489.040984 -0.000008 
2458490.706827 0.000040 
2458492.372669 0.000075 
2458494.038512 0.000034 
2458495.704355 -0.000042 
2458497.370197 -0.000067 
2458499.036040 -0.000039 
2458500.701883 -0.000014 
2458502.367725 -0.000007 
2458504.033568 -0.000002 
2458505.699411 0.000001 
2458507.365253 -0.000002 
2458509.031096 -0.000002 
2458510.696938 -0.000001 
2458512.362781 -0.000005 
2458514.028624 -0.000002 
2458515.694466 0.000020 
2458517.360309 0.000033 
2458519.026152 0.000011 
2458520.691994 -0.000022 
2458522.357837 -0.000031 
2458524.023679 -0.000018 
2458525.689522 -0.000006 
2458527.355365 -0.000003 
2458529.021207 -0.000000 
2458530.687050 0.000001 
2458532.352893 -0.000001 
2458534.018735 -0.000001 
2458535.684578 -0.000000 
2458537.350421 -0.000002 
2458539.016263 -0.000000 
2458540.682106 0.000006 
2458542.347948 0.000009 
2458544.013791 0.000002 
2458545.679634 -0.000007 
2458547.345476 -0.000009 
2458549.011319 -0.000005 
2458550.677162 -0.000002 
2458552.343004 -0.000001 
2458554.008847 0.000000 
2458555.674690 0.000000 
2458557.340532 -0.000000 
2458559.006375 -0.000000 
2458560.672217 -0.000000 
2458562.338060 -0.000000 
2458564.003903 -0.000001 
2458565.669745 0.000000 
2458567.335588 0.000000 
2458569.001431 0.000000 
2458570.667273 0.000000 
2458572.333116 0.000001 
2458573.998959 0.000000 
2458575.664801 0.000000 
2458577.330644 0.000000 
2458578.996486 0.000000 
2458580.662329 0.000000 
2458582.328172 0.000000 
2458583.994014 -0.000000 
2458585.659857 -0.000000 
2458587.325700 -0.000000 
2458588.991542 -0.000001 
2458590.657385 -0.000001 
2458592.323228 -0.000001 
2458593.989070 0.000001 
2458595.654913 0.000002 
2458597.320755 0.000002 
2458598.986598 0.000001 
2458600.652441 0.000000 
2458602.318283 0.000000 
2458603.984126 0.000000 
2458605.649969 0.000000 
2458607.315811 -0.000000 
2458608.981654 -0.000000 
2458610.647496 -0.000000 
2458612.313339 -0.000000 
2458613.979182 -0.000001 
2458615.645024 -0.000001 
2458617.310867 0.000000 
2458618.976710 0.000001 
2458620.642552 0.000001 
2458622.308395 0.000001 
2458623.974238 0.000000 
2458625.640080 0.000000 
2458627.305923 0.000000 
2458628.971765 0.000000 
2458630.637608 0.000000 
2458632.303451 -0.000000 
2458633.969293 -0.000000 
2458635.635136 -0.000000 
2458637.300979 -0.000000 
2458638.966821 -0.000001 
2458640.632664 0.000000 
2458642.298507 0.000001 
2458643.964349 0.000001 
2458645.630192 0.000000 
2458647.296034 -0.000000 
2458648.961877 -0.000000 
2458650.627720 -0.000000 
2458652.293562 -0.000000 
2458653.959405 -0.000000 
2458655.625248 0.000000 
2458657.291090 -0.000000 
2458658.956933 -0.000000 
2458660.622776 -0.000000 
2458662.288618 -0.000000 
2458663.954461 -0.000000 
2458665.620303 0.000000 
2458667.286146 0.000001 
2458668.951989 0.000001 
2458670.617831 -0.000000 
2458672.283674 -0.000001 
2458673.949517 -0.000001 
2458675.615359 -0.000000 
2458677.281202 -0.000000 
2458678.947045 -0.000000 
2458680.612887 0.000000 
2458682.278730 -0.000000 
2458683.944572 -0.000000 
2458685.610415 -0.000000 
2458687.276258 -0.000000 
2458688.942100 -0.000000 
2458690.607943 0.000000 
2458692.273786 0.000001 
2458693.939628 0.000001 
2458695.605471 -0.000000 
2458697.271313 -0.000001 
2458698.937156 -0.000000 
2458700.602999 -0.000000 
2458702.268841 -0.000000 
2458703.934684 -0.000000 
2458705.600527 0.000000 
2458707.266369 -0.000000 
2458708.932212 -0.000000 
2458710.598055 -0.000000 
2458712.263897 -0.000000 
2458713.929740 -0.000000 
2458715.595582 0.000000 
2458717.261425 0.000001 
2458718.927268 0.000000 
2458720.593110 -0.000000 
2458722.258953 -0.000000 
2458723.924796 -0.000000 
2458725.590638 -0.000000 
2458727.256481 -0.000000 
2458728.922324 -0.000000 
2458730.588166 0.000000 
2458732.254009 -0.000000 
2458733.919851 -0.000000 
2458735.585694 -0.000000 
2458737.251537 -0.000000 
2458738.917379 -0.000000 
2458740.583222 0.000000 
2458742.249065 0.000000 
2458743.914907 0.000000 
2458745.580750 -0.000000 
2458747.246593 -0.000000 
2458748.912435 -0.000000 
2458750.578278 -0.000000 
2458752.244120 -0.000000 
2458753.909963 -0.000000 
2458755.575806 0.000000 
2458757.241648 -0.000000 
2458758.907491 -0.000000 
2458760.573334 -0.000000 
2458762.239176 -0.000000 
2458763.905019 -0.000000 
2458765.570862 0.000000 
2458767.236704 0.000000 
2458768.902547 0.000000 
2458770.568389 -0.000000 
2458772.234232 -0.000000 
2458773.900075 -0.000000 
2458775.565917 -0.000000 
2458777.231760 -0.000000 
2458778.897603 0.000000 
2458780.563445 0.000000 
2458782.229288 -0.000000 
2458783.895130 -0.000000 
2458785.560973 -0.000000 
2458787.226816 -0.000000 
2458788.892658 -0.000000 
2458790.558501 -0.000000 
2458792.224344 -0.000000 
2458793.890186 0.000000 
2458795.556029 0.000000 
2458797.221872 0.000000 
2458798.887714 0.000000 
2458800.553557 0.000000 
2458802.219399 0.000000 
2458803.885242 0.000000 
2458805.551085 0.000000 
2458807.216927 0.000000 
2458808.882770 -0.000000 
2458810.548613 -0.000000 
2458812.214455 -0.000000 
2458813.880298 -0.000000 
2458815.546141 -0.000000 
2458817.211983 -0.000000 
2458818.877826 0.000000 
2458820.543668 0.000000 
2458822.209511 0.000000 
2458823.875354 0.000000 
2458825.541196 0.000000 
2458827.207039 0.000000 
2458828.872882 0.000000 
2458830.538724 0.000000 
2458832.204567 -0.000000 
2458833.870410 -0.000000 
2458835.536252 -0.000000 
2458837.202095 -0.000000 
2458838.867937 -0.000000 
2458840.533780 -0.000000 
2458842.199623 0.000000 
2458843.865465 0.000000 
2458845.531308 0.000000 
2458847.197151 0.000000 
2458848.862993 0.000000 
2458850.528836 0.000000 
2458852.194679 0.000000 
2458853.860521 0.000000 
2458855.526364 0.000000 
2458857.192206 -0.000000 
2458858.858049 -0.000000 
2458860.523892 -0.000000 
2458862.189734 -0.000000 
2458863.855577 -0.000000 
2458865.521420 0.000000 
2458867.187262 0.000000 
2458868.853105 0.000000 
2458870.518947 0.000000 
2458872.184790 -0.000000 
2458873.850633 -0.000000 
2458875.516475 -0.000000 
2458877.182318 -0.000000 
2458878.848161 -0.000000 
2458880.514003 0.000000 
2458882.179846 -0.000000 
2458883.845689 -0.000000 
2458885.511531 -0.000000 
2458887.177374 -0.000000 
2458888.843216 -0.000000 
2458890.509059 0.000000 
2458892.174902 0.000000 
2458893.840744 0.000000 
2458895.506587 -0.000000 
2458897.172430 -0.000000 
2458898.838272 -0.000000 
2458900.504115 -0.000000 
2458902.169958 -0.000000 
2458903.835800 -0.000000 
2458905.501643 0.000000 
2458907.167485 -0.000000 
2458908.833328 -0.000000 
2458910.499171 -0.000000 
2458912.165013 -0.000000 
2458913.830856 -0.000000 
2458915.496699 0.000000 
2458917.162541 0.000000 
2458918.828384 0.000000 
2458920.494227 -0.000000 
2458922.160069 -0.000000 
2458923.825912 -0.000000 
2458925.491754 -0.000000 
2458927.157597 -0.000000 
2458928.823440 -0.000000 
2458930.489282 0.000000 
2458932.155125 -0.000000 
2458933.820968 -0.000000 
2458935.486810 -0.000000 
2458937.152653 -0.000000 
2458938.818496 -0.000000 
2458940.484338 0.000000 
2458942.150181 0.000000 
2458943.816023 0.000000 
2458945.481866 -0.000000 
2458947.147709 -0.000000 
2458948.813551 -0.000000 
2458950.479394 -0.000000 
2458952.145237 -0.000000 
2458953.811079 -0.000000 
2458955.476922 0.000000 
2458957.142764 -0.000000 
2458958.808607 -0.000000 
2458960.474450 -0.000000 
2458962.140292 -0.000000 
2458963.806135 0.000000 
2458965.471978 0.000000 
2458967.137820 0.000000 
2458968.803663 0.000000 
2458970.469506 -0.000000 
2458972.135348 -0.000000 
2458973.801191 -0.000000 
2458975.467033 -0.000000 
2458977.132876 -0.000000 
2458978.798719 -0.000000 
2458980.464561 0.000000 
2458982.130404 -0.000000 
2458983.796247 -0.000000 
2458985.462089 -0.000000 
2458987.127932 -0.000000 
2458988.793775 0.000000 
2458990.459617 0.000000 
2458992.125460 0.000000 
2458993.791302 0.000000 
2458995.457145 -0.000000 
2458997.122988 -0.000000 
2458998.788830 -0.000000 
2459000.454673 -0.000000 
2459002.120516 -0.000000 
2459003.786358 -0.000000 
2459005.452201 -0.000000 
2459007.118044 0.000000 
2459008.783886 -0.000000 
2459010.449729 -0.000000 
2459012.115571 -0.000000 
2459013.781414 0.000000 
2459015.447257 0.000000 
2459017.113099 0.000000 
2459018.778942 0.000000 
2459020.444785 0.000000 
2459022.110627 -0.000000 
2459023.776470 -0.000000 
2459025.442313 0.000000 
2459027.108155 0.000000 
2459028.773998 0.000000 
2459030.439840 0.000000 
2459032.105683 0.000000 
2459033.771526 -0.000000 
2459035.437368 -0.000000 
2459037.103211 -0.000000 
2459038.769054 -0.000000 
2459040.434896 0.000000 
2459042.100739 0.000000 
2459043.766581 0.000000 
2459045.432424 -0.000000 
2459047.098267 -0.000000 
2459048.764109 -0.000000 
2459050.429952 0.000000 
2459052.095795 0.000000 
2459053.761637 0.000000 
2459055.427480 0.000000 
2459057.093323 -0.000000 
2459058.759165 -0.000000 
2459060.425008 -0.000000 
2459062.090850 -0.000000 
2459063.756693 -0.000000 
2459065.422536 0.000000 
2459067.088378 0.000000 
2459068.754221 0.000000 
2459070.420064 -0.000000 
2459072.085906 -0.000000 
2459073.751749 -0.000000 
2459075.417592 0.000000 
2459077.083434 0.000000 
2459078.749277 0.000000 
2459080.415119 0.000000 
2459082.080962 -0.000000 
2459083.746805 -0.000000 
2459085.412647 -0.000000 
2459087.078490 -0.000000 
2459088.744333 -0.000000 
2459090.410175 0.000000 
2459092.076018 0.000000 
2459093.741861 0.000000 
2459095.407703 -0.000000 
2459097.073546 -0.000000 
2459098.739388 -0.000000 
2459100.405231 0.000000 
2459102.071074 0.000000 
2459103.736916 0.000000 
2459105.402759 0.000000 
2459107.068602 -0.000000 
2459108.734444 -0.000000 
2459110.400287 -0.000000 
2459112.066130 -0.000000 
2459113.731972 -0.000000 
2459115.397815 0.000000 
2459117.063657 0.000000 
2459118.729500 0.000000 
2459120.395343 -0.000000 
2459122.061185 -0.000000 
2459123.727028 -0.000000 
2459125.392871 0.000000 
2459127.058713 0.000000 
2459128.724556 0.000000 
2459130.390398 0.000000 
2459132.056241 -0.000000 
2459133.722084 -0.000000 
2459135.387926 -0.000000 
2459137.053769 -0.000000 
2459138.719612 0.000000 
2459140.385454 0.000000 
2459142.051297 0.000000 
2459143.717140 0.000000 
2459145.382982 -0.000000 
2459147.048825 -0.000000 
2459148.714667 -0.000000 
2459150.380510 0.000000 
2459152.046353 -0.000000 
2459153.712195 -0.000000 
2459155.378038 -0.000000 
2459157.043881 -0.000000 
2459158.709723 -0.000000 
2459160.375566 -0.000000 
2459162.041409 -0.000000 
2459163.707251 0.000000 
2459165.373094 0.000000 
2459167.038936 0.000000 
2459168.704779 0.000000 
2459170.370622 -0.000000 
2459172.036464 -0.000000 
2459173.702307 0.000000 
2459175.368150 -0.000000 
2459177.033992 -0.000000 
2459178.699835 -0.000000 
2459180.365678 -0.000000 
2459182.031520 -0.000000 
2459183.697363 -0.000000 
2459185.363205 -0.000000 
2459187.029048 -0.000000 
2459188.694891 0.000000 
2459190.360733 0.000000 
2459192.026576 0.000000 
2459193.692419 0.000000 
2459195.358261 0.000000 
2459197.024104 0.000000 
2459198.689947 -0.000000 
2459200.355789 -0.000000 
2459202.021632 -0.000000 
2459203.687474 -0.000000 
2459205.353317 -0.000000 
2459207.019160 -0.000000 
2459208.685002 -0.000000 
2459210.350845 -0.000000 
2459212.016688 -0.000000 
2459213.682530 0.000000 
2459215.348373 0.000000 
2459217.014215 0.000000 
2459218.680058 0.000000 
2459220.345901 0.000000 
2459222.011743 0.000000 
2459223.677586 -0.000000 
2459225.343429 -0.000000 
2459227.009271 -0.000000 
2459228.675114 -0.000000 
2459230.340957 -0.000000 
2459232.006799 0.000000 
2459233.672642 -0.000000 
2459235.338484 -0.000000 
2459237.004327 -0.000000 
2459238.670170 0.000000 
2459240.336012 0.000000 
2459242.001855 0.000000 
2459243.667698 0.000000 
2459245.333540 -0.000000 
2459246.999383 -0.000000 
2459248.665226 -0.000000 
2459250.331068 0.000000 
2459251.996911 0.000000 
2459253.662753 0.000000 
2459255.328596 0.000000 
2459256.994439 -0.000000 
2459258.660281 -0.000000 
2459260.326124 -0.000000 
2459261.991967 -0.000000 
2459263.657809 -0.000000 
2459265.323652 0.000000 
2459266.989495 0.000000 
2459268.655337 0.000000 
2459270.321180 -0.000000 
2459271.987022 -0.000000 
2459273.652865 -0.000000 
2459275.318708 0.000000 
2459276.984550 0.000000 
2459278.650393 0.000000 
2459280.316236 0.000000 
2459281.982078 -0.000000 
2459283.647921 -0.000000 
2459285.313764 -0.000000 
2459286.979606 -0.000000 
2459288.645449 -0.000000 
2459290.311291 0.000000 
2459291.977134 0.000001 
2459293.642977 0.000000 
2459295.308819 -0.000000 
2459296.974662 -0.000001 
2459298.640505 -0.000000 
2459300.306347 0.000000 
2459301.972190 0.000000 
2459303.638032 0.000000 
2459305.303875 0.000000 
2459306.969718 -0.000000 
2459308.635560 -0.000000 
2459310.301403 -0.000000 
2459311.967246 -0.000000 
2459313.633088 -0.000000 
2459315.298931 0.000000 
2459316.964774 0.000001 
2459318.630616 0.000000 
2459320.296459 -0.000001 
2459321.962301 -0.000001 
2459323.628144 -0.000000 
2459325.293987 0.000001 
2459326.959829 0.000000 
2459328.625672 0.000000 
2459330.291515 0.000000 
2459331.957357 -0.000000 
2459333.623200 -0.000000 
2459335.289043 -0.000000 
2459336.954885 -0.000000 
2459338.620728 -0.000000 
2459340.286570 0.000001 
2459341.952413 0.000002 
2459343.618256 0.000001 
2459345.284098 -0.000001 
2459346.949941 -0.000001 
2459348.615784 -0.000000 
2459350.281626 0.000001 
2459351.947469 0.000000 
2459353.613312 -0.000000 
2459355.279154 0.000000 
2459356.944997 -0.000000 
2459358.610839 -0.000001 
2459360.276682 -0.000001 
2459361.942525 -0.000000 
2459363.608367 0.000000 
2459365.274210 0.000001 
2459366.940053 0.000002 
2459368.605895 0.000001 
2459370.271738 -0.000001 
2459371.937581 -0.000001 
2459373.603423 -0.000000 
2459375.269266 0.000000 
2459376.935108 -0.000000 
2459378.600951 -0.000000 
2459380.266794 -0.000000 
2459381.932636 -0.000000 
2459383.598479 -0.000001 
2459385.264322 -0.000001 
2459386.930164 -0.000001 
2459388.596007 0.000001 
2459390.261850 0.000002 
2459391.927692 0.000001 
2459393.593535 0.000000 
2459395.259377 0.000000 
2459396.925220 0.000000 
2459398.591063 0.000000 
2459400.256905 -0.000000 
2459401.922748 -0.000001 
2459403.588591 -0.000001 
2459405.254433 -0.000000 
2459406.920276 -0.000000 
2459408.586118 -0.000001 
2459410.251961 -0.000002 
2459411.917804 -0.000001 
2459413.583646 0.000002 
2459415.249489 0.000003 
2459416.915332 0.000001 
2459418.581174 0.000000 
2459420.247017 0.000002 
2459421.912860 0.000002 
2459423.578702 -0.000000 
2459425.244545 -0.000001 
2459426.910387 -0.000001 
2459428.576230 -0.000001 
2459430.242073 -0.000001 
2459431.907915 0.000000 
2459433.573758 -0.000001 
2459435.239601 -0.000002 
2459436.905443 -0.000000 
2459438.571286 0.000003 
2459440.237129 0.000003 
2459441.902971 0.000001 
2459443.568814 0.000001 
2459445.234656 0.000001 
2459446.900499 -0.000001 
2459448.566342 -0.000002 
2459450.232184 -0.000001 
2459451.898027 -0.000001 
2459453.563870 -0.000001 
2459455.229712 -0.000000 
2459456.895555 0.000000 
2459458.561398 -0.000002 
2459460.227240 -0.000002 
2459461.893083 -0.000000 
2459463.558925 0.000001 
2459465.224768 0.000004 
2459466.890611 0.000008 
2459468.556453 0.000006 
2459470.222296 -0.000007 
2459471.888139 -0.000013 
2459473.553981 -0.000005 
2459475.219824 0.000005 
2459476.885667 0.000004 
2459478.551509 0.000001 
2459480.217352 0.000003 
2459481.883194 -0.000000 
2459483.549037 -0.000004 
2459485.214880 -0.000002 
2459486.880722 -0.000002 
2459488.546565 -0.000005 
2459490.212408 0.000008 
2459491.878250 0.000030 
2459493.544093 0.000017 
2459495.209935 -0.000028 
2459496.875778 -0.000044 
2459498.541621 -0.000009 
2459500.207463 0.000019 
2459501.873306 0.000014 
2459503.539149 0.000006 
2459505.204991 0.000008 
2459506.870834 -0.000001 
2459508.536677 -0.000011 
2459510.202519 -0.000005 
2459511.868362 -0.000006 
2459513.534204 -0.000013 
2459515.200047 0.000022 
2459516.865890 0.000073 
2459518.531732 0.000037 
2459520.197575 -0.000067 
2459521.863418 -0.000094 
2459523.529260 -0.000015 
2459525.195103 0.000043 
2459526.860946 0.000027 
2459528.526788 0.000011 
2459530.192631 0.000015 
2459531.858473 -0.000004 
2459533.524316 -0.000026 
2459535.190159 -0.000017 
2459536.856001 -0.000016 
2459538.521844 -0.000017 
2459540.187687 0.000054 
2459541.853529 0.000136 
2459543.519372 0.000063 
2459545.185215 -0.000112 
2459546.851057 -0.000148 
2459548.516900 -0.000017 
2459550.182742 0.000068 
2459551.848585 0.000035 
2459553.514428 0.000009 
2459555.180270 0.000020 
2459556.846113 -0.000007 
2459558.511956 -0.000050 
2459560.177798 -0.000049 
2459561.843641 -0.000035 
2459563.509484 -0.000002 
2459565.175326 0.000109 
2459566.841169 0.000196 
2459568.507011 0.000083 
2459570.172854 -0.000131 
2459571.838697 -0.000164 
2459573.504539 -0.000012 
2459575.170382 0.000072 
2459576.836225 0.000021 
2459578.502067 -0.000011 
2459580.167910 0.000011 
2459581.833752 -0.000011 
2459583.499595 -0.000080 
2459585.165438 -0.000107 
2459586.831280 -0.000058 
2459588.497123 0.000054 
2459590.162966 0.000183 
2459591.828808 0.000211 
2459593.494651 0.000078 
2459595.160494 -0.000077 
2459596.826336 -0.000086 
2459598.492179 0.000001 
2459600.158021 0.000024 
2459601.823864 -0.000035 
2459603.489707 -0.000060 
2459605.155549 -0.000018 
2459606.821392 -0.000013 
2459608.487235 -0.000108 
2459610.153077 -0.000186 
2459611.818920 -0.000075 
2459613.484763 0.000159 
2459615.150605 0.000255 
2459616.816448 0.000144 
2459618.482290 0.000043 
2459620.148133 0.000071 
2459621.813976 0.000087 
2459623.479818 0.000005 
2459625.145661 -0.000082 
2459626.811504 -0.000124 
2459628.477346 -0.000128 
2459630.143189 -0.000062 
2459631.809032 -0.000008 
2459633.474874 -0.000125 
2459635.140717 -0.000258 
2459636.806559 -0.000073 
2459638.472402 0.000274 
2459640.138245 0.000297 
2459641.804087 0.000055 
2459643.469930 0.000032 
2459645.135773 0.000213 
2459646.801615 0.000183 
2459648.467458 -0.000048 
2459650.133301 -0.000167 
2459651.799143 -0.000171 
2459653.464986 -0.000165 
2459655.130828 -0.000074 
2459656.796671 0.000004 
2459658.462514 -0.000144 
2459660.128356 -0.000279 
2459661.794199 -0.000051 
2459663.460042 0.000278 
2459665.125884 0.000320 
2459666.791727 0.000243 
2459668.457569 0.000212 
2459670.123412 -0.000002 
2459671.789255 -0.000297 
2459673.455097 -0.000239 
2459675.120940 0.000013 
2459676.786783 0.000006 
2459678.452625 -0.000071 
2459680.118468 0.000045 
2459681.784311 0.000007 
2459683.450153 -0.000245 
2459685.115996 -0.000233 
2459686.781838 -0.000059 
2459688.447681 -0.000022 
2459690.113524 0.000474 
2459691.779366 0.001371 
2459693.445209 0.000898 
2459695.111052 -0.001224 
2459696.776894 -0.002190 
2459698.442737 -0.000648 
2459700.108580 0.000872 
2459701.774422 0.000661 
2459703.440265 0.000272 
2459705.106107 0.000430 
2459706.771950 -0.000034 
2459708.437793 -0.000624 
2459710.103635 -0.000250 
2459711.769478 -0.000250 
2459713.435321 -0.000764 
2459715.101163 0.001179 
2459716.767006 0.004383 
2459718.432849 0.002461 
2459720.098691 -0.004174 
2459721.764534 -0.006305 
2459723.430376 -0.001265 
2459725.096219 0.002812 
2459726.762062 0.001935 
2459728.427904 0.000854 
2459730.093747 0.001141 
2459731.759590 -0.000180 
2459733.425432 -0.001604 
2459735.091275 -0.000771 
2459736.757118 -0.000897 
2459738.422960 -0.001714 
2459740.088803 0.003195 
2459741.754645 0.009963 
2459743.420488 0.005028 
2459745.086331 -0.008922 
2459746.752173 -0.012450 
2459748.418016 -0.001867 
2459750.083859 0.005721 
2459751.749701 0.003470 
2459753.415544 0.001305 
2459755.081386 0.001959 
2459756.747229 -0.000488 
2459758.413072 -0.003532 
2459760.078914 -0.002650 
2459761.744757 -0.002316 
2459763.410600 -0.001841 
2459765.076442 0.007439 
2459766.742285 0.017422 
2459768.408128 0.007997 
2459770.073970 -0.013744 
2459771.739813 -0.018063 
2459773.405655 -0.001965 
2459775.071498 0.008251 
2459776.737341 0.003979 
2459778.403183 0.000681 
2459780.069026 0.002173 
2459781.734869 -0.000942 
2459783.400711 -0.006506 
2459785.066554 -0.006978 
2459786.732397 -0.004607 
2459788.398239 0.000881 
2459790.064082 0.014377 
2459791.729924 0.023541 
2459793.395767 0.009711 
2459795.061610 -0.014344 
2459796.727452 -0.017645 
2459798.393295 -0.001059 
2459800.059138 0.007465 
2459801.724980 0.001273 
2459803.390823 -0.002394 
2459805.056666 0.000651 
2459806.722508 -0.001359 
2459808.388351 -0.010019 
2459810.054193 -0.014345 
2459811.720036 -0.007253 
2459813.385879 0.008713 
2459815.051721 0.023077 
2459816.717564 0.023015 
2459818.383407 0.008159 
2459820.049249 -0.005348 
2459821.715092 -0.005509 
2459823.380935 0.000501 
2459825.046777 0.000126 
2459826.712620 -0.006351 
2459828.378462 -0.008719 
2459830.044305 -0.003336 
2459831.710148 -0.001358 
2459833.375990 -0.012920 
2459835.041833 -0.023586 
2459836.707676 -0.008891 
2459838.373518 0.021657 
2459840.039361 0.030732 
2459841.705203 0.013331 
2459843.371046 0.003873 
2459845.036889 0.013355 
2459846.702731 0.015147 
2459848.368574 0.000001 
2459850.034417 -0.012816 
2459851.700259 -0.016554 
2459853.366102 -0.016370 
2459855.031945 -0.008142 
2459856.697787 -0.000569 
2459858.363630 -0.014523 
2459860.029472 -0.030824 
2459861.695315 -0.007991 
2459863.361158 0.033235 
2459865.027000 0.034514 
2459866.692843 0.006596 
2459868.358686 0.005647 
2459870.024528 0.024291 
2459871.690371 0.016367 
2459873.356214 -0.009128 
2459875.022056 -0.018215 
2459876.687899 -0.017799 
2459878.353741 -0.018112 
2459880.019584 -0.007061 
2459881.685427 0.000719 
2459883.351269 -0.017795 
2459885.017112 -0.031016 
2459886.682955 -0.005418 
2459888.348797 0.027060 
2459890.014640 0.038286 
2459891.680483 0.046605 
2459893.346325 0.037183 
2459895.012168 -0.021343 
2459896.678010 -0.069679 
2459898.343853 -0.036865 
2459900.009696 0.017061 
2459901.675538 0.013668 
2459903.341381 -0.001101 
2459905.007224 0.012929 
2459906.673066 0.000432 
2459908.338909 -0.034741 
2459910.004752 -0.025201 
2459911.670594 -0.009326 
2459913.336437 -0.019522 
2459915.002279 0.065396 
2459916.668122 0.219582 
2459918.333965 0.138139 
2459919.999807 -0.203796 
2459921.665650 -0.344377 
2459923.331493 -0.091298 
2459924.997335 0.143220 
2459926.663178 0.106585 
2459928.329020 0.046190 
2459929.994863 0.066593 
2459931.660706 -0.006311 
2459933.326548 -0.091636 
2459934.992391 -0.035498 
2459936.658234 -0.040668 
2459938.324076 -0.115643 
2459939.989919 0.173431 
2459941.655762 0.634163 
2459943.321604 0.348465 
2459944.987447 -0.596200 
2459946.653289 -0.884184 
2459948.319132 -0.166713 
2459949.984975 0.397979 
2459951.650817 0.267466 
2459953.316660 0.115059 
2459954.982503 0.155190 
2459956.648345 -0.026698 
2459958.314188 -0.227781 
2459959.980031 -0.123866 
2459961.645873 -0.133726 
2459963.311716 -0.216169 
2459964.977558 0.457264 
2459966.643401 1.342344 
2459968.309244 0.666935 
2459969.975086 -1.167360 
2459971.640929 -1.612316 
2459973.306772 -0.229244 
2459974.972614 0.740391 
2459976.638457 0.432238 
2459978.304300 0.147956 
2459979.970142 0.240973 
2459981.635985 -0.066070 
2459983.301827 -0.478943 
2459984.967670 -0.398639 
2459986.633513 -0.322438 
2459988.299355 -0.174145 
2459989.965198 1.017737 
2459991.631041 2.201762 
2459993.296883 0.993949 
2459994.962726 -1.649141 
2459996.628569 -2.147047 
2459998.294411 -0.216477 
2459999.960254 0.969880 
2460001.626096 0.422745 
2460003.291939 0.019995 
2460004.957782 0.227070 
2460006.623624 -0.119013 
2460008.289467 -0.841676 
2460009.955310 -0.980082 
2460011.621152 -0.605514 
2460013.286995 0.262813 
2460014.952837 1.879207 
2460016.618680 2.766131 
2460018.284523 1.112755 
2460019.950365 -1.488978 
2460021.616208 -1.801358 
2460023.282051 -0.081559 
2460024.947893 0.717315 
2460026.613736 -0.020784 
2460028.279579 -0.424783 
2460029.945421 -0.017839 
2460031.611264 -0.159112 
2460033.277106 -1.236052 
2460034.942949 -1.898879 
2460036.608792 -0.900152 
2460038.274634 1.323028 
2460039.940477 2.881552 
2460041.606320 2.431333 
2460043.272162 0.821519 
2460044.938005 -0.133256 
2460046.603848 -0.052695 
2460048.269690 0.086686 
2460049.935533 -0.330219 
2460051.601375 -1.023487 
2460053.267218 -1.225819 
2460054.933061 -0.533767 
2460056.598903 -0.139776 
2460058.264746 -1.524833 
2460059.930589 -2.946672 
2460061.596431 -1.031074 
2460063.262274 2.872857 
2460064.928117 3.671264 
2460066.593959 1.149710 
2460068.259802 0.295370 
2460069.925644 2.074908 
2460071.591487 2.297239 
2460073.257330 -0.048161 
2460074.923172 -1.831312 
2460076.589015 -2.144366 
2460078.254858 -2.039193 
2460079.920700 -1.055711 
2460081.586543 -0.052451 
2460083.252386 -1.635388 
2460084.918228 -3.615665 
2460086.584071 -0.861723 
2460088.249913 4.113575 
2460089.915756 3.903975 
2460091.581599 -0.085685 
2460093.247441 -0.029713 
2460094.913284 3.543055 
2460096.579127 3.440810 
2460098.244969 -0.513760 
2460099.910812 -2.771046 
2460101.576654 -2.606233 
2460103.242497 -2.303400 
2460104.908340 -1.264155 
2460106.574182 -0.050288 
2460108.240025 -1.584405 
2460109.905868 -3.548478 
2460111.571710 -0.616900 
2460113.237553 4.196964 
2460114.903396 3.481888 
2460116.569238 -0.475086 
2460118.235081 0.173359 
2460119.900923 3.862787 
2460121.566766 3.222482 
2460123.232609 -1.040688 
2460124.898451 -3.023934 
2460126.564294 -2.471162 
2460128.230137 -2.078802 
2460129.895979 -1.275924 
2460131.561822 -0.259166 
2460133.227665 -1.522808 
2460134.893507 -3.142328 
2460136.559350 -0.640962 
2460138.225192 3.396872 
2460139.891035 2.918290 
2460141.556878 0.025259 
2460143.222720 0.923684 
2460144.888563 3.735652 
2460146.554406 2.446723 
2460148.220248 -1.593513 
2460149.886091 -3.087959 
2460151.551934 -2.218359 
2460153.217776 -1.773111 
2460154.883619 -1.317159 
2460156.549461 -0.643222 
2460158.215304 -1.640854 
2460159.881147 -2.938565 
2460161.546989 -0.954831 
2460163.212832 2.495212 
2460164.878675 2.685937 
2460166.544517 1.008888 
2460168.210360 1.919295 
2460169.876203 3.645739 
2460171.542045 1.698980 
2460173.207888 -2.116848 
2460174.873730 -3.189959 
2460176.539573 -2.074952 
2460178.205416 -1.597799 
2460179.871258 -1.424780 
2460181.537101 -1.048289 
2460183.202944 -1.913454 
2460184.868786 -3.016544 
2460186.534629 -1.326193 
2460188.200471 1.917443 
2460189.866314 2.776802 
2460191.532157 1.950192 
2460193.197999 2.668041 
2460194.863842 3.462165 
2460196.529685 1.108989 
2460198.195527 -2.363191 
2460199.861370 -3.084337 
2460201.527213 -1.903166 
2460203.193055 -1.457388 
2460204.858898 -1.428447 
2460206.524740 -1.252475 
2460208.190583 -2.062594 
2460209.856426 -2.982795 
2460211.522268 -1.435540 
2460213.188111 1.598463 
2460214.853954 2.776018 
2460216.519796 2.359970 
2460218.185639 2.727083 
2460219.851482 2.863120 
2460221.517324 0.649666 
2460223.183167 -2.086702 
2460224.849009 -2.506988 
2460226.514852 -1.519845 
2460228.180695 -1.178752 
2460229.846537 -1.185787 
2460231.512380 -1.127019 
2460233.178223 -1.815361 
2460234.844065 -2.478485 
2460236.509908 -1.177339 
2460238.175751 1.277228 
2460239.841593 2.335577 
2460241.507436 2.070417 
2460243.173278 2.134115 
2460244.839121 1.969565 
2460246.504964 0.340831 
2460248.170806 -1.458250 
2460249.836649 -1.669948 
2460251.502492 -1.012624 
2460253.168334 -0.799039 
2460254.834177 -0.799613 
2460256.500020 -0.790390 
2460258.165862 -1.278298 
2460259.831705 -1.680041 
2460261.497547 -0.758612 
2460263.163390 0.888161 
2460264.829233 1.601498 
2460266.495075 1.403084 
2460268.160918 1.324283 
2460269.826761 1.124828 
2460271.492603 0.164325 
2460273.158446 -0.821322 
2460274.824288 -0.915506 
2460276.490131 -0.561908 
2460278.155974 -0.452068 
2460279.821816 -0.441251 
2460281.487659 -0.442976 
2460283.153502 -0.729943 
2460284.819344 -0.934411 
2460286.485187 -0.390067 
2460288.151030 0.526238 
2460289.816872 0.900421 
2460291.482715 0.754142 
2460293.148557 0.657525 
2460294.814400 0.533114 
2460296.480243 0.078410 
2460298.146085 -0.371458 
2460299.811928 -0.411980 
2460301.477771 -0.259607 
2460303.143613 -0.213463 
2460304.809456 -0.198602 
2460306.475299 -0.197364 
2460308.141141 -0.337436 
2460309.806984 -0.425370 
2460311.472826 -0.157097 
2460313.138669 0.265392 
2460314.804512 0.414310 
2460316.470354 0.317125 
2460318.136197 0.255638 
2460319.802040 0.211035 
2460321.467882 0.042068 
2460323.133725 -0.132093 
2460324.799568 -0.152991 
2460326.465410 -0.101311 
2460328.131253 -0.085133 
2460329.797095 -0.072761 
2460331.462938 -0.067678 
2460333.128781 -0.124567 
2460334.794623 -0.158462 
2460336.460466 -0.047604 
2460338.126309 0.115467 
2460339.792151 0.155708 
2460341.457994 0.099019 
2460343.123837 0.075794 
2460344.789679 0.077018 
2460346.455522 0.027210 
2460348.121364 -0.039252 
2460349.787207 -0.053921 
2460351.453050 -0.038180 
2460353.118892 -0.032091 
2460354.784735 -0.024531 
2460356.450578 -0.018511 
2460358.116420 -0.039149 
2460359.782263 -0.054257 
2460361.448105 -0.013000 
2460363.113948 0.046854 
2460364.779791 0.052928 
2460366.445633 0.023910 
2460368.111476 0.023162 
2460369.777319 0.038286 
2460371.443161 0.019455 
2460373.109004 -0.018324 
2460374.774847 -0.029987 
2460376.440689 -0.020865 
2460378.106532 -0.016615 
2460379.772374 -0.013162 
2460381.438217 -0.008451 
2460383.104060 -0.017864 
2460384.769902 -0.028467 
2460386.435745 -0.009535 
2460388.101588 0.022617 
2460389.767430 0.026686 
2460391.433273 0.013327 
2460393.099116 0.019820 
2460394.764958 0.032055 
2460396.430801 0.013587 
2460398.096643 -0.019421 
2460399.762486 -0.028111 
2460401.428329 -0.017989 
2460403.094171 -0.013766 
2460404.760014 -0.012708 
2460406.425857 -0.009944 
2460408.091699 -0.017360 
2460409.757542 -0.026685 
2460411.423385 -0.012260 
2460413.089227 0.015955 
2460414.755070 0.024670 
2460416.420912 0.018647 
2460418.086755 0.024170 
2460419.752598 0.029425 
2460421.418440 0.008675 
2460423.084283 -0.020490 
2460424.750126 -0.026163 
2460426.415968 -0.016045 
2460428.081811 -0.012294 
2460429.747654 -0.012192 
2460431.413496 -0.010970 
2460433.079339 -0.017859 
2460434.745181 -0.025438 
2460436.411024 -0.012352 
2460438.076867 0.013295 
2460439.742709 0.023748 
2460441.408552 0.020586 
2460443.074395 0.022982 
2460444.740237 0.023247 
2460446.406080 0.004958 
2460448.071922 -0.017003 
2460449.737765 -0.020202 
2460451.403608 -0.012242 
2460453.069450 -0.009517 
2460454.735293 -0.009585 
2460456.401136 -0.009220 
2460458.066978 -0.014824 
2460459.732821 -0.020054 
2460461.398664 -0.009488 
2460463.064506 0.010299 
2460464.730349 0.018949 
2460466.396191 0.016817 
2460468.062034 0.016905 
2460469.727877 0.015245 
2460471.393719 0.002547 
2460473.059562 -0.011231 
2460474.725405 -0.012795 
2460476.391247 -0.007779 
2460478.057090 -0.006157 
2460479.722933 -0.006135 
2460481.388775 -0.006094 
2460483.054618 -0.009881 
2460484.720460 -0.012914 
2460486.386303 -0.005770 
2460488.052146 0.006879 
2460489.717988 0.012339 
2460491.383831 0.010728 
2460493.049674 0.009911 
2460494.715516 0.008301 
2460496.381359 0.001216 
2460498.047202 -0.005986 
2460499.713044 -0.006670 
2460501.378887 -0.004117 
2460503.044729 -0.003325 
2460504.710572 -0.003215 
2460506.376415 -0.003225 
2460508.042257 -0.005348 
2460509.708100 -0.006826 
2460511.373943 -0.002797 
2460513.039785 0.003911 
2460514.705628 0.006593 
2460516.371471 0.005430 
2460518.037313 0.004636 
2460519.703156 0.003749 
2460521.368998 0.000589 
2460523.034841 -0.002550 
2460524.700684 -0.002850 
2460526.366526 -0.001815 
2460528.032369 -0.001499 
2460529.698212 -0.001371 
2460531.364054 -0.001348 
2460533.029897 -0.002336 
2460534.695739 -0.002948 
2460536.361582 -0.001052 
2460538.027425 0.001895 
2460539.693267 0.002878 
2460541.359110 0.002129 
2460543.024953 0.001682 
2460544.690795 0.001428 
2460546.356638 0.000329 
2460548.022481 -0.000852 
2460549.688323 -0.001018 
2460551.354166 -0.000686 
2460553.020008 -0.000578 
2460554.685851 -0.000480 
2460556.351694 -0.000430 
2460558.017536 -0.000815 
2460559.683379 -0.001051 
2460561.349222 -0.000298 
2460563.015064 0.000800 
2460564.680907 0.001034 
2460566.346750 0.000611 
2460568.012592 0.000471 
2460569.678435 0.000536 
2460571.344277 0.000220 
2460573.010120 -0.000258 
2460574.675963 -0.000380 
2460576.341805 -0.000272 
2460578.007648 -0.000226 
2460579.673491 -0.000171 
2460581.339333 -0.000119 
2460583.005176 -0.000260 
2460584.671019 -0.000377 
2460586.336861 -0.000093 
2460588.002704 0.000330 
2460589.668546 0.000365 
2460591.334389 0.000154 
2460593.000232 0.000174 
2460594.666074 0.000309 
2460596.331917 0.000158 
2460597.997760 -0.000155 
2460599.663602 -0.000252 
2460601.329445 -0.000172 
2460602.995288 -0.000135 
2460604.661130 -0.000111 
2460606.326973 -0.000074 
2460607.992815 -0.000148 
2460609.658658 -0.000238 
2460611.324501 -0.000091 
2460612.990343 0.000175 
2460614.656186 0.000221 
2460616.322029 0.000126 
2460617.987871 0.000185 
2460619.653714 0.000277 
2460621.319556 0.000108 
2460622.985399 -0.000176 
2460624.651242 -0.000246 
2460626.317084 -0.000155 
2460627.982927 -0.000118 
2460629.648770 -0.000112 
2460631.314612 -0.000092 
2460632.980455 -0.000155 
2460634.646298 -0.000234 
2460636.312140 -0.000112 
2460637.977983 0.000132 
2460639.643825 0.000217 
2460641.309668 0.000173 
2460642.975511 0.000215 
2460644.641353 0.000247 
2460646.307196 0.000067 
2460647.973039 -0.000175 
2460649.638881 -0.000219 
2460651.304724 -0.000134 
2460652.970567 -0.000103 
2460654.636409 -0.000103 
2460656.302252 -0.000094 
2460657.968094 -0.000152 
2460659.633937 -0.000214 
2460661.299780 -0.000104 
2460662.965622 0.000110 
2460664.631465 0.000200 
2460666.297308 0.000176 
2460667.963150 0.000190 
2460669.628993 0.000186 
2460671.294836 0.000038 
2460672.960678 -0.000136 
2460674.626521 -0.000161 
2460676.292363 -0.000097 
2460677.958206 -0.000076 
2460679.624049 -0.000076 
2460681.289891 -0.000074 
2460682.955734 -0.000119 
2460684.621577 0.000000 
