# time Tc_folded Tref_folded value value_err offset model full_model val_compare val_compare_err residuals residuals_err jitter jitter_flag offset_flag subset_flag 
2455480.529186 0.000000 0.000000 -26.909975 0.971355 -24.629779 -2.197071 -26.826850 -2.280196 0.971355 -0.083125 0.971355 1.053735   1   2  -1 
2455480.532970 0.000000 0.000000 -26.058843 0.880169 -24.629779 -2.193104 -26.822884 -1.429064 0.880169 0.764041 0.880169 1.053735   1   2  -1 
2455480.536778 0.000000 0.000000 -26.244486 0.930093 -24.629779 -2.189123 -26.818902 -1.614707 0.930093 0.574416 0.930093 1.053735   1   2  -1 
2455482.554786 0.000000 0.000000 -25.645222 0.707811 -24.629779 -1.560605 -26.190384 -1.015443 0.707811 0.545162 0.707811 1.053735   1   2  -1 
2455484.542056 0.000000 0.000000 -27.186795 1.028638 -24.629779 -1.026295 -25.656074 -2.557016 1.028638 -1.530721 1.028638 1.053735   1   2  -1 
2455484.545828 0.000000 0.000000 -26.136740 1.065413 -24.629779 -1.023191 -25.652970 -1.506961 1.065413 -0.483770 1.065413 1.053735   1   2  -1 
2455484.549671 0.000000 0.000000 -24.017564 1.016694 -24.629779 -1.020022 -25.649801 0.612215 1.016694 1.632237 1.016694 1.053735   1   2  -1 
2455485.527184 0.000000 0.000000 -25.766756 0.864068 -24.629779 -0.124554 -24.754334 -1.136977 0.864068 -1.012422 0.864068 1.053735   1   2  -1 
2455485.532971 0.000000 0.000000 -27.967751 0.891412 -24.629779 -0.119485 -24.749264 -3.337972 0.891412 -3.218487 0.891412 1.053735   1   2  -1 
2455487.543214 0.000000 0.000000 -26.158314 0.808873 -24.629779 0.121372 -24.508407 -1.528535 0.808873 -1.649907 0.808873 1.053735   1   2  -1 
2455487.548897 0.000000 0.000000 -23.138260 0.803534 -24.629779 0.116986 -24.512793 1.491519 0.803534 1.374533 0.803534 1.053735   1   2  -1 
2455493.544252 0.000000 0.000000 -25.229085 0.793201 -24.629779 0.081548 -24.548231 -0.599306 0.793201 -0.680854 0.793201 1.053735   1   2  -1 
2455493.550478 0.000000 0.000000 -23.168274 0.810440 -24.629779 0.082139 -24.547640 1.461505 0.810440 1.379366 0.810440 1.053735   1   2  -1 
2455495.535877 0.000000 0.000000 -22.710575 0.802492 -24.629779 -0.086884 -24.716663 1.919204 0.802492 2.006088 0.802492 1.053735   1   2  -1 
2455495.541664 0.000000 0.000000 -25.642209 0.850836 -24.629779 -0.086595 -24.716374 -1.012430 0.850836 -0.925835 0.850836 1.053735   1   2  -1 
2455498.517820 0.000000 0.000000 -24.342041 1.327692 -24.629779 0.570419 -24.059360 0.287738 1.327692 -0.282681 1.327692 1.053735   1   2  -1 
2455498.523445 0.000000 0.000000 -24.738223 1.200196 -24.629779 0.569157 -24.060622 -0.108444 1.200196 -0.677601 1.200196 1.053735   1   2  -1 
2455500.544007 0.000000 0.000000 -24.476855 0.683673 -24.629779 -0.737738 -25.367518 0.152924 0.683673 0.890663 0.683673 1.053735   1   2  -1 
2455500.549389 0.000000 0.000000 -24.813524 0.744348 -24.629779 -0.741653 -25.371433 -0.183745 0.744348 0.557909 0.744348 1.053735   1   2  -1 
2455501.547102 0.000000 0.000000 -24.783974 0.605317 -24.629779 -1.241603 -25.871382 -0.154195 0.605317 1.087408 0.605317 1.053735   1   2  -1 
2455501.552738 0.000000 0.000000 -26.031797 0.578445 -24.629779 -1.242892 -25.872671 -1.402018 0.578445 -0.159126 0.578445 1.053735   1   2  -1 
2455505.514789 0.000000 0.000000 -24.965633 0.688526 -24.629779 -1.616725 -26.246504 -0.335854 0.688526 1.280871 0.688526 1.053735   1   2  -1 
2455505.520425 0.000000 0.000000 -25.963370 0.681455 -24.629779 -1.621031 -26.250811 -1.333591 0.681455 0.287441 0.681455 1.053735   1   2  -1 
2455507.517142 0.000000 0.000000 -27.398443 0.529962 -24.629779 -2.792195 -27.421974 -2.768664 0.529962 0.023531 0.529962 1.053735   1   2  -1 
2455507.522824 0.000000 0.000000 -26.516546 0.540417 -24.629779 -2.792846 -27.422625 -1.886767 0.540417 0.906079 0.540417 1.053735   1   2  -1 
2455509.518050 0.000000 0.000000 -26.509772 0.760523 -24.629779 -2.215256 -26.845035 -1.879993 0.760523 0.335263 0.760523 1.053735   1   2  -1 
2455509.523524 0.000000 0.000000 -26.058801 0.709529 -24.629779 -2.213105 -26.842884 -1.429022 0.709529 0.784083 0.709529 1.053735   1   2  -1 
2455511.516449 0.000000 0.000000 -28.045351 0.796997 -24.629779 -2.048929 -26.678708 -3.415572 0.796997 -1.366643 0.796997 1.053735   1   2  -1 
2455511.521935 0.000000 0.000000 -25.840348 0.793324 -24.629779 -2.049904 -26.679684 -1.210569 0.793324 0.839336 0.793324 1.053735   1   2  -1 
2455513.504562 0.000000 0.000000 -26.063860 0.836669 -24.629779 -2.239953 -26.869732 -1.434081 0.836669 0.805872 0.836669 1.053735   1   2  -1 
2455513.510244 0.000000 0.000000 -26.656020 0.882170 -24.629779 -2.239663 -26.869442 -2.026241 0.882170 0.213422 0.882170 1.053735   1   2  -1 
2455514.505835 0.000000 0.000000 -28.058961 0.671812 -24.629779 -2.201571 -26.831350 -3.429182 0.671812 -1.227611 0.671812 1.053735   1   2  -1 
2455514.511356 0.000000 0.000000 -26.642215 0.683432 -24.629779 -2.201745 -26.831525 -2.012436 0.683432 0.189310 0.683432 1.053735   1   2  -1 
2455519.503938 0.000000 0.000000 -24.641989 1.033370 -24.629779 -0.658997 -25.288776 -0.012210 1.033370 0.646787 1.033370 1.053735   1   2  -1 
2455519.508811 0.000000 0.000000 -25.135445 0.996146 -24.629779 -0.650005 -25.279785 -0.505666 0.996146 0.144340 0.996146 1.053735   1   2  -1 
2455523.508036 0.000000 0.000000 -23.856297 0.829835 -24.629779 -0.300126 -24.929905 0.773482 0.829835 1.073608 0.829835 1.053735   1   2  -1 
2455523.513036 0.000000 0.000000 -22.994255 0.865769 -24.629779 -0.305301 -24.935080 1.635524 0.865769 1.940825 0.865769 1.053735   1   2  -1 
2455524.521481 0.000000 0.000000 -24.709671 0.667948 -24.629779 -0.652187 -25.281967 -0.079892 0.667948 0.572296 0.667948 1.053735   1   2  -1 
2455524.526446 0.000000 0.000000 -24.308004 0.678388 -24.629779 -0.649766 -25.279545 0.321775 0.678388 0.971541 0.678388 1.053735   1   2  -1 
2455653.900831 0.000000 0.000000 -25.612029 0.744608 -24.629779 0.265791 -24.363988 -0.982250 0.744608 -1.248041 0.744608 1.053735   1   2  -1 
2455653.906410 0.000000 0.000000 -24.161106 0.736194 -24.629779 0.267707 -24.362073 0.468673 0.736194 0.200967 0.736194 1.053735   1   2  -1 
2455654.900357 0.000000 0.000000 -24.436787 0.814117 -24.629779 0.382333 -24.247446 0.192992 0.814117 -0.189341 0.814117 1.053735   1   2  -1 
2455654.905936 0.000000 0.000000 -24.084025 0.731415 -24.629779 0.381966 -24.247814 0.545754 0.731415 0.163789 0.731415 1.053735   1   2  -1 
2455657.909222 0.000000 0.000000 -24.104658 0.605709 -24.629779 -0.062982 -24.692761 0.525121 0.605709 0.588103 0.605709 1.053735   1   2  -1 
2455657.914813 0.000000 0.000000 -23.667872 0.631733 -24.629779 -0.063403 -24.693182 0.961907 0.631733 1.025310 0.631733 1.053735   1   2  -1 
2455659.907949 0.000000 0.000000 -23.898066 0.769486 -24.629779 -0.007180 -24.636959 0.731713 0.769486 0.738893 0.769486 1.053735   1   2  -1 
2455659.913540 0.000000 0.000000 -23.238369 0.803020 -24.629779 -0.006262 -24.636041 1.391410 0.803020 1.397672 0.803020 1.053735   1   2  -1 
2455660.901884 0.000000 0.000000 -24.754074 0.502349 -24.629779 0.226316 -24.403464 -0.124295 0.502349 -0.350610 0.502349 1.053735   1   2  -1 
2455662.902485 0.000000 0.000000 -24.200224 0.948916 -24.629779 0.493183 -24.136596 0.429555 0.948916 -0.063628 0.948916 1.053735   1   2  -1 
2455662.908180 0.000000 0.000000 -24.067169 0.909242 -24.629779 0.491671 -24.138108 0.562610 0.909242 0.070939 0.909242 1.053735   1   2  -1 
2455663.839263 0.000000 0.000000 -26.097182 1.737212 -24.629779 -0.054677 -24.684456 -1.467403 1.737212 -1.412726 1.737212 1.053735   1   2  -1 
2455672.897729 0.000000 0.000000 -25.596039 0.653920 -24.629779 -0.765668 -25.395447 -0.966260 0.653920 -0.200592 0.653920 1.053735   1   2  -1 
2455672.902775 0.000000 0.000000 -25.939332 0.601277 -24.629779 -0.775032 -25.404811 -1.309553 0.601277 -0.534521 0.601277 1.053735   1   2  -1 
2455675.905453 0.000000 0.000000 -25.957415 0.422700 -24.629779 -2.614301 -27.244080 -1.327636 0.422700 1.286665 0.422700 1.053735   1   2  -1 
2455679.879903 0.000000 0.000000 -24.345286 0.504578 -24.629779 -1.290928 -25.920707 0.284493 0.504578 1.575421 0.504578 1.053735   1   2  -1 
2455679.885123 0.000000 0.000000 -25.711920 0.513702 -24.629779 -1.297317 -25.927096 -1.082141 0.513702 0.215176 0.513702 1.053735   1   2  -1 
2455712.893679 0.000000 0.000000 -25.516104 0.560355 -24.629779 -1.602097 -26.231876 -0.886325 0.560355 0.715772 0.560355 1.053735   1   2  -1 
2455715.864679 0.000000 0.000000 -22.931541 1.363467 -24.629779 -1.291393 -25.921172 1.698238 1.363467 2.989631 1.363467 1.053735   1   2  -1 
2455715.867376 0.000000 0.000000 -28.616863 1.418842 -24.629779 -1.290310 -25.920089 -3.987084 1.418842 -2.696774 1.418842 1.053735   1   2  -1 
2455715.869992 0.000000 0.000000 -25.093281 1.436778 -24.629779 -1.289259 -25.919038 -0.463502 1.436778 0.825757 1.436778 1.053735   1   2  -1 
2455715.872747 0.000000 0.000000 -24.781614 1.484829 -24.629779 -1.288152 -25.917932 -0.151835 1.484829 1.136318 1.484829 1.053735   1   2  -1 
2455727.859452 0.000000 0.000000 -23.690321 1.056398 -24.629779 0.689442 -23.940337 0.939458 1.056398 0.250016 1.056398 1.053735   1   2  -1 
2455727.863145 0.000000 0.000000 -25.870346 1.033327 -24.629779 0.692661 -23.937118 -1.240567 1.033327 -1.933228 1.033327 1.053735   1   2  -1 
2455727.866953 0.000000 0.000000 -25.899190 1.119485 -24.629779 0.695955 -23.933825 -1.269411 1.119485 -1.965365 1.119485 1.053735   1   2  -1 
2455735.809170 0.000000 0.000000 -25.001888 0.526032 -24.629779 -0.736025 -25.365804 -0.372109 0.526032 0.363916 0.526032 1.053735   1   2  -1 
2455754.777241 0.000000 0.000000 -23.310355 1.091349 -24.629779 0.166236 -24.463544 1.319424 1.091349 1.153189 1.091349 1.053735   1   2  -1 
2455755.755721 0.000000 0.000000 -27.691015 0.768792 -24.629779 -0.154108 -24.783887 -3.061236 0.768792 -2.907128 0.768792 1.053735   1   2  -1 
2455769.736300 0.000000 0.000000 -23.807786 0.677532 -24.629779 -0.452586 -25.082365 0.821993 0.677532 1.274579 0.677532 1.053735   1   2  -1 
2455769.742075 0.000000 0.000000 -25.737885 0.770313 -24.629779 -0.443035 -25.072814 -1.108106 0.770313 -0.665071 0.770313 1.053735   1   2  -1 
2455776.628483 0.000000 0.000000 -24.967384 0.712348 -24.629779 -0.723829 -25.353609 -0.337605 0.712348 0.386225 0.712348 1.053735   1   2  -1 
2455782.624998 0.000000 0.000000 -26.013016 0.761072 -24.629779 -0.273361 -24.903140 -1.383237 0.761072 -1.109876 0.761072 1.053735   1   2  -1 
2455784.737667 0.000000 0.000000 -26.498015 0.545366 -24.629779 -2.383479 -27.013259 -1.868236 0.545366 0.515244 0.545366 1.053735   1   2  -1 
2455801.526698 0.000000 0.000000 -24.288917 1.273141 -24.629779 0.156402 -24.473377 0.340862 1.273141 0.184460 1.273141 1.053735   1   2  -1 
2455801.531628 0.000000 0.000000 -26.351823 1.177162 -24.629779 0.160892 -24.468887 -1.722044 1.177162 -1.882936 1.177162 1.053735   1   2  -1 
2455804.632333 0.000000 0.000000 -26.712023 1.120566 -24.629779 -0.351062 -24.980841 -2.082244 1.120566 -1.731182 1.120566 1.053735   1   2  -1 
2455804.637669 0.000000 0.000000 -26.500980 1.032150 -24.629779 -0.354984 -24.984763 -1.871201 1.032150 -1.516217 1.032150 1.053735   1   2  -1 
2455807.626267 0.000000 0.000000 -25.803456 0.965710 -24.629779 -1.470187 -26.099966 -1.173677 0.965710 0.296510 0.965710 1.053735   1   2  -1 
2455807.631162 0.000000 0.000000 -27.246843 0.886584 -24.629779 -1.471081 -26.100860 -2.617064 0.886584 -1.145983 0.886584 1.053735   1   2  -1 
2455810.581550 0.000000 0.000000 -26.536934 0.754194 -24.629779 -0.944040 -25.573820 -1.907155 0.754194 -0.963114 0.754194 1.053735   1   2  -1 
2455810.586723 0.000000 0.000000 -26.643570 0.797392 -24.629779 -0.938626 -25.568405 -2.013791 0.797392 -1.075165 0.797392 1.053735   1   2  -1 
2455816.587002 0.000000 0.000000 -27.268074 0.959785 -24.629779 -1.962305 -26.592084 -2.638295 0.959785 -0.675990 0.959785 1.053735   1   2  -1 
2455816.590578 0.000000 0.000000 -24.693999 0.889883 -24.629779 -1.970644 -26.600423 -0.064220 0.889883 1.906424 0.889883 1.053735   1   2  -1 
2455816.594154 0.000000 0.000000 -25.997669 0.876464 -24.629779 -1.978974 -26.608753 -1.367890 0.876464 0.611084 0.876464 1.053735   1   2  -1 
2455834.622073 0.000000 0.000000 -25.259445 0.577372 -24.629779 -2.147856 -26.777635 -0.629666 0.577372 1.518190 0.577372 1.053735   1   2  -1 
2455834.627593 0.000000 0.000000 -25.841078 0.576524 -24.629779 -2.149180 -26.778959 -1.211299 0.576524 0.937881 0.576524 1.053735   1   2  -1 
2455836.585712 0.000000 0.000000 -26.404099 0.680522 -24.629779 -2.258963 -26.888742 -1.774320 0.680522 0.484643 0.680522 1.053735   1   2  -1 
2455836.591440 0.000000 0.000000 -25.180084 0.679136 -24.629779 -2.257773 -26.887552 -0.550305 0.679136 1.707468 0.679136 1.053735   1   2  -1 
2455839.585007 0.000000 0.000000 -23.458640 0.910132 -24.629779 -0.442163 -25.071942 1.171139 0.910132 1.613302 0.910132 1.053735   1   2  -1 
2455839.590794 0.000000 0.000000 -25.200869 0.919769 -24.629779 -0.437932 -25.067712 -0.571090 0.919769 -0.133157 0.919769 1.053735   1   2  -1 
2455842.549547 0.000000 0.000000 -22.047028 1.066299 -24.629779 0.265923 -24.363856 2.582751 1.066299 2.316828 1.066299 1.053735   1   2  -1 
2455842.555033 0.000000 0.000000 -25.918735 0.873203 -24.629779 0.264537 -24.365242 -1.288956 0.873203 -1.553493 0.873203 1.053735   1   2  -1 
2455845.575633 0.000000 0.000000 -25.259730 1.067738 -24.629779 -0.004269 -24.634048 -0.629951 1.067738 -0.625682 1.067738 1.053735   1   2  -1 
2455845.581258 0.000000 0.000000 -25.817378 0.922401 -24.629779 -0.002463 -24.632242 -1.187599 0.922401 -1.185136 0.922401 1.053735   1   2  -1 
2455870.498785 0.000000 0.000000 -26.611150 0.730627 -24.629779 -1.651946 -26.281725 -1.981371 0.730627 -0.329425 0.730627 1.053735   1   2  -1 
2455870.504422 0.000000 0.000000 -27.219360 0.718479 -24.629779 -1.661433 -26.291212 -2.589581 0.718479 -0.928148 0.718479 1.053735   1   2  -1 
2455874.532217 0.000000 0.000000 -26.523893 1.027595 -24.629779 -1.144732 -25.774512 -1.894114 1.027595 -0.749381 1.027595 1.053735   1   2  -1 
2455874.537437 0.000000 0.000000 -24.043101 1.390676 -24.629779 -1.142712 -25.772491 0.586678 1.390676 1.729390 1.390676 1.053735   1   2  -1 
2455878.549549 0.000000 0.000000 -26.332169 1.360956 -24.629779 -3.015098 -27.644877 -1.702390 1.360956 1.312708 1.360956 1.053735   1   2  -1 
2455878.554965 0.000000 0.000000 -27.171511 1.321422 -24.629779 -3.013823 -27.643602 -2.541732 1.321422 0.472091 1.321422 1.053735   1   2  -1 
2456020.892743 0.000000 0.000000 -26.398556 0.800504 -24.629779 -0.246905 -24.876685 -1.768777 0.800504 -1.521871 0.800504 1.053735   1   2  -1 
2456020.898160 0.000000 0.000000 -24.498061 0.781449 -24.629779 -0.250586 -24.880365 0.131718 0.781449 0.382304 0.781449 1.053735   1   2  -1 
2456022.889397 0.000000 0.000000 -25.350339 0.994688 -24.629779 -0.096107 -24.725886 -0.720560 0.994688 -0.624453 0.994688 1.053735   1   2  -1 
2456022.894884 0.000000 0.000000 -26.468069 1.113054 -24.629779 -0.093444 -24.723223 -1.838290 1.113054 -1.744846 1.113054 1.053735   1   2  -1 
2456024.891353 0.000000 0.000000 -25.969708 0.857313 -24.629779 -0.174387 -24.804167 -1.339929 0.857313 -1.165541 0.857313 1.053735   1   2  -1 
2456024.897048 0.000000 0.000000 -25.325267 0.814076 -24.629779 -0.178457 -24.808236 -0.695488 0.814076 -0.517031 0.814076 1.053735   1   2  -1 
2456028.922257 0.000000 0.000000 -26.626536 0.690565 -24.629779 -0.461381 -25.091160 -1.996757 0.690565 -1.535376 0.690565 1.053735   1   2  -1 
2456029.892891 0.000000 0.000000 -27.734634 1.086998 -24.629779 0.380318 -24.249461 -3.104855 1.086998 -3.485173 1.086998 1.053735   1   2  -1 
2456029.898354 0.000000 0.000000 -24.980386 1.038533 -24.629779 0.383740 -24.246039 -0.350607 1.038533 -0.734347 1.038533 1.053735   1   2  -1 
2456031.852968 0.000000 0.000000 -23.499732 0.817617 -24.629779 0.434411 -24.195368 1.130047 0.817617 0.695636 0.817617 1.053735   1   2  -1 
2456052.857065 0.000000 0.000000 -27.077636 0.812636 -24.629779 -0.348328 -24.978107 -2.447857 0.812636 -2.099529 0.812636 1.053735   1   2  -1 
2456052.862482 0.000000 0.000000 -25.515691 0.787680 -24.629779 -0.351421 -24.981200 -0.885912 0.787680 -0.534491 0.787680 1.053735   1   2  -1 
2456053.851639 0.000000 0.000000 -27.718607 0.874947 -24.629779 -0.854628 -25.484407 -3.088828 0.874947 -2.234200 0.874947 1.053735   1   2  -1 
2456053.857114 0.000000 0.000000 -24.875823 0.828685 -24.629779 -0.857135 -25.486914 -0.246044 0.828685 0.611091 0.828685 1.053735   1   2  -1 
2456054.839916 0.000000 0.000000 -26.614037 0.533012 -24.629779 -1.237948 -25.867728 -1.984258 0.533012 -0.746309 0.533012 1.053735   1   2  -1 
2456055.886865 0.000000 0.000000 -26.560052 0.509706 -24.629779 -1.320529 -25.950308 -1.930273 0.509706 -0.609744 0.509706 1.053735   1   2  -1 
2456056.818146 0.000000 0.000000 -25.035898 0.893302 -24.629779 -0.907414 -25.537194 -0.406119 0.893302 0.501296 0.893302 1.053735   1   2  -1 
2456056.823714 0.000000 0.000000 -25.575505 0.813986 -24.629779 -0.903524 -25.533303 -0.945726 0.813986 -0.042202 0.813986 1.053735   1   2  -1 
2456078.843392 0.000000 0.000000 -24.518196 0.647558 -24.629779 0.036778 -24.593001 0.111583 0.647558 0.074805 0.647558 1.053735   1   2  -1 
2456078.849075 0.000000 0.000000 -24.174693 0.632973 -24.629779 0.037700 -24.592079 0.455086 0.632973 0.417386 0.632973 1.053735   1   2  -1 
2456081.832748 0.000000 0.000000 -22.774279 0.796018 -24.629779 0.440239 -24.189541 1.855500 0.796018 1.415262 0.796018 1.053735   1   2  -1 
2456081.838651 0.000000 0.000000 -23.542613 0.647447 -24.629779 0.441318 -24.188461 1.087166 0.647447 0.645848 0.647447 1.053735   1   2  -1 
2456085.820521 0.000000 0.000000 -24.535394 0.878497 -24.629779 -0.307312 -24.937091 0.094385 0.878497 0.401697 0.878497 1.053735   1   2  -1 
2456085.826250 0.000000 0.000000 -25.784214 0.917873 -24.629779 -0.311901 -24.941681 -1.154435 0.917873 -0.842533 0.917873 1.053735   1   2  -1 
2456088.742747 0.000000 0.000000 -24.555140 0.549399 -24.629779 -1.001229 -25.631008 0.074639 0.549399 1.075868 0.549399 1.053735   1   2  -1 
2456092.900369 0.000000 0.000000 -25.520468 0.628826 -24.629779 -1.414418 -26.044197 -0.890689 0.628826 0.523729 0.628826 1.053735   1   2  -1 
2456115.815540 0.000000 0.000000 -24.478774 0.776191 -24.629779 0.776305 -23.853475 0.151005 0.776191 -0.625299 0.776191 1.053735   1   2  -1 
2456118.809984 0.000000 0.000000 -25.405570 0.512854 -24.629779 0.811059 -23.818720 -0.775791 0.512854 -1.586850 0.512854 1.053735   1   2  -1 
2456121.820367 0.000000 0.000000 -25.220090 1.411859 -24.629779 0.353605 -24.276174 -0.590311 1.411859 -0.943916 1.411859 1.053735   1   2  -1 
2456149.686124 0.000000 0.000000 -25.751686 0.845009 -24.629779 -0.949330 -25.579109 -1.121907 0.845009 -0.172577 0.845009 1.053735   1   2  -1 
2456154.723489 0.000000 0.000000 -23.590960 0.865117 -24.629779 1.027629 -23.602151 1.038819 0.865117 0.011191 0.865117 1.053735   1   2  -1 
2456154.728442 0.000000 0.000000 -25.978785 1.281739 -24.629779 1.035187 -23.594593 -1.349006 1.281739 -2.384192 1.281739 1.053735   1   2  -1 
2456166.527551 0.000000 0.000000 -23.896330 0.645517 -24.629779 1.601177 -23.028602 0.733449 0.645517 -0.867728 0.645517 1.053735   1   2  -1 
2456168.609469 0.000000 0.000000 -25.596469 0.971404 -24.629779 -0.048226 -24.678005 -0.966690 0.971404 -0.918464 0.971404 1.053735   1   2  -1 
2456168.615105 0.000000 0.000000 -23.735823 0.857956 -24.629779 -0.056492 -24.686271 0.893956 0.857956 0.950448 0.857956 1.053735   1   2  -1 
2456171.510563 0.000000 0.000000 -25.064368 0.523911 -24.629779 -0.714258 -25.344037 -0.434589 0.523911 0.279669 0.523911 1.053735   1   2  -1 
2456173.694840 0.000000 0.000000 -23.658056 0.870055 -24.629779 -0.218826 -24.848605 0.971723 0.870055 1.190549 0.870055 1.053735   1   2  -1 
2456181.612869 0.000000 0.000000 -25.749650 0.609426 -24.629779 -0.824191 -25.453970 -1.119871 0.609426 -0.295680 0.609426 1.053735   1   2  -1 
2456186.623747 0.000000 0.000000 -24.370201 0.538290 -24.629779 0.498299 -24.131480 0.259578 0.538290 -0.238721 0.538290 1.053735   1   2  -1 
2456189.666838 0.000000 0.000000 -25.693203 1.709832 -24.629779 0.011946 -24.617833 -1.063424 1.709832 -1.075370 1.709832 1.053735   1   2  -1 
2456190.592865 0.000000 0.000000 -21.505898 0.873280 -24.629779 0.585284 -24.044495 3.123881 0.873280 2.538597 0.873280 1.053735   1   2  -1 
2456190.598548 0.000000 0.000000 -22.814816 0.820368 -24.629779 0.586876 -24.042904 1.814963 0.820368 1.228088 0.820368 1.053735   1   2  -1 
2456195.586272 0.000000 0.000000 -23.991425 0.911842 -24.629779 -0.225167 -24.854946 0.638354 0.911842 0.863521 0.911842 1.053735   1   2  -1 
2456195.591793 0.000000 0.000000 -25.301327 0.913007 -24.629779 -0.214643 -24.844422 -0.671548 0.913007 -0.456905 0.913007 1.053735   1   2  -1 
2456198.564091 0.000000 0.000000 -19.336707 1.186346 -24.629779 1.844219 -22.785561 5.293072 1.186346 3.448854 1.186346 1.053735   1   2  -1 
2456198.569866 0.000000 0.000000 -24.445113 1.250845 -24.629779 1.838081 -22.791698 0.184666 1.250845 -1.653415 1.250845 1.053735   1   2  -1 
2456204.547188 0.000000 0.000000 -20.889997 0.781661 -24.629779 1.723496 -22.906283 3.739782 0.781661 2.016286 0.781661 1.053735   1   2  -1 
2456205.523197 0.000000 0.000000 -22.994646 0.447471 -24.629779 0.134504 -24.495275 1.635133 0.447471 1.500629 0.447471 1.053735   1   2  -1 
2456208.615737 0.000000 0.000000 -27.443259 0.942056 -24.629779 -0.334306 -24.964086 -2.813480 0.942056 -2.479173 0.942056 1.053735   1   2  -1 
2456209.540800 0.000000 0.000000 -25.491736 1.053758 -24.629779 0.383941 -24.245838 -0.861957 1.053758 -1.245898 1.053758 1.053735   1   2  -1 
2456210.532155 0.000000 0.000000 -25.261528 0.864183 -24.629779 0.457126 -24.172653 -0.631749 0.864183 -1.088875 0.864183 1.053735   1   2  -1 
2456212.523498 0.000000 0.000000 -25.294554 0.479583 -24.629779 -0.592803 -25.222582 -0.664775 0.479583 -0.071972 0.479583 1.053735   1   2  -1 
2456217.523649 0.000000 0.000000 -19.703787 0.740951 -24.629779 1.263927 -23.365852 4.925992 0.740951 3.662065 0.740951 1.053735   1   2  -1 
2456217.529482 0.000000 0.000000 -19.326386 0.723468 -24.629779 1.263354 -23.366425 5.303393 0.723468 4.040039 0.723468 1.053735   1   2  -1 
2456218.587951 0.000000 0.000000 -19.082533 0.783291 -24.629779 1.172302 -23.457477 5.547246 0.783291 4.374944 0.783291 1.053735   1   2  -1 
2456219.500319 0.000000 0.000000 -19.527157 0.495656 -24.629779 1.191724 -23.438056 5.102622 0.495656 3.910899 0.495656 1.053735   1   2  -1 
2456220.491327 0.000000 0.000000 -20.168133 0.783227 -24.629779 1.232595 -23.397184 4.461646 0.783227 3.229051 0.783227 1.053735   1   2  -1 
2456220.514069 0.000000 0.000000 -21.014052 0.640640 -24.629779 1.232190 -23.397589 3.615727 0.640640 2.383537 0.640640 1.053735   1   2  -1 
2456409.867093 0.000000 0.000000 -20.591699 1.234666 -24.629779 2.726302 -21.903477 4.038080 1.234666 1.311778 1.234666 1.053735   1   2  -1 
2456409.872719 0.000000 0.000000 -20.151012 1.190406 -24.629779 2.757548 -21.872231 4.478767 1.190406 1.721219 1.190406 1.053735   1   2  -1 
2456410.795661 0.000000 0.000000 -13.148007 6.542149 -24.629779 6.896568 -17.733211 11.481772 6.542149 4.585204 6.542149 1.053735   1   2  -1 
2456410.804261 0.000000 0.000000 -28.759549 4.854859 -24.629779 6.921905 -17.707874 -4.129770 4.854859 -11.051675 4.854859 1.053735   1   2  -1 
2456416.824768 0.000000 0.000000 -22.159939 1.100783 -24.629779 0.834077 -23.795702 2.469840 1.100783 1.635763 1.100783 1.053735   1   2  -1 
2456416.828565 0.000000 0.000000 -23.100921 1.091725 -24.629779 0.844470 -23.785309 1.528858 1.091725 0.684388 1.091725 1.053735   1   2  -1 
2456416.832443 0.000000 0.000000 -22.956212 1.133660 -24.629779 0.855072 -23.774707 1.673567 1.133660 0.818495 1.133660 1.053735   1   2  -1 
2456432.884915 0.000000 0.000000 -27.579236 0.787972 -24.629779 -1.112998 -25.742777 -2.949457 0.787972 -1.836459 0.787972 1.053735   1   2  -1 
2456432.890124 0.000000 0.000000 -26.715660 0.901606 -24.629779 -1.114363 -25.744142 -2.085881 0.901606 -0.971518 0.901606 1.053735   1   2  -1 
2456433.905268 0.000000 0.000000 -25.594069 1.477288 -24.629779 -1.041087 -25.670867 -0.964290 1.477288 0.076798 1.477288 1.053735   1   2  -1 
2456433.910395 0.000000 0.000000 -28.401349 1.603077 -24.629779 -1.039367 -25.669146 -3.771570 1.603077 -2.732203 1.603077 1.053735   1   2  -1 
2456434.892458 0.000000 0.000000 -25.809648 0.969582 -24.629779 -0.633949 -25.263728 -1.179869 0.969582 -0.545920 0.969582 1.053735   1   2  -1 
2456434.898129 0.000000 0.000000 -23.506674 0.937709 -24.629779 -0.631665 -25.261444 1.123105 0.937709 1.754770 0.937709 1.053735   1   2  -1 
2456437.889188 0.000000 0.000000 -24.884604 0.801579 -24.629779 -0.309016 -24.938795 -0.254825 0.801579 0.054191 0.801579 1.053735   1   2  -1 
2456437.894720 0.000000 0.000000 -25.072705 0.735776 -24.629779 -0.308262 -24.938041 -0.442926 0.735776 -0.134664 0.735776 1.053735   1   2  -1 
2456438.860772 0.000000 0.000000 -25.990651 0.640814 -24.629779 -0.045902 -24.675681 -1.360872 0.640814 -1.314970 0.640814 1.053735   1   2  -1 
2456441.860316 0.000000 0.000000 -24.014503 0.846284 -24.629779 0.653418 -23.976361 0.615276 0.846284 -0.038142 0.846284 1.053735   1   2  -1 
2456454.832361 0.000000 0.000000 -23.997808 0.709239 -24.629779 1.141460 -23.488320 0.631971 0.709239 -0.509488 0.709239 1.053735   1   2  -1 
2456454.837894 0.000000 0.000000 -22.599444 0.711651 -24.629779 1.138284 -23.491495 2.030335 0.711651 0.892051 0.711651 1.053735   1   2  -1 
2456467.823190 0.000000 0.000000 -25.761156 1.255655 -24.629779 -0.950515 -25.580294 -1.131377 1.255655 -0.180862 1.255655 1.053735   1   2  -1 
2456467.826929 0.000000 0.000000 -24.870329 1.113375 -24.629779 -0.952772 -25.582551 -0.240550 1.113375 0.712222 1.113375 1.053735   1   2  -1 
2456467.830702 0.000000 0.000000 -26.757156 1.185837 -24.629779 -0.955021 -25.584800 -2.127377 1.185837 -1.172356 1.185837 1.053735   1   2  -1 
2456473.860840 0.000000 0.000000 -26.025579 1.051321 -24.629779 -1.412024 -26.041803 -1.395800 1.051321 0.016224 1.051321 1.053735   1   2  -1 
2456473.864821 0.000000 0.000000 -26.100899 1.016901 -24.629779 -1.419258 -26.049037 -1.471120 1.016901 -0.051862 1.016901 1.053735   1   2  -1 
2456473.868595 0.000000 0.000000 -29.196466 1.098920 -24.629779 -1.426091 -26.055870 -4.566687 1.098920 -3.140596 1.098920 1.053735   1   2  -1 
2456480.776552 0.000000 0.000000 -23.192493 0.996431 -24.629779 -0.682615 -25.312394 1.437286 0.996431 2.119901 0.996431 1.053735   1   2  -1 
2456480.782281 0.000000 0.000000 -24.495239 0.925325 -24.629779 -0.686131 -25.315910 0.134540 0.925325 0.820671 0.925325 1.053735   1   2  -1 
2456481.631506 0.000000 0.000000 -26.796869 1.240759 -24.629779 -0.715685 -25.345464 -2.167090 1.240759 -1.451405 1.240759 1.053735   1   2  -1 
2456481.637189 0.000000 0.000000 -26.767470 1.259412 -24.629779 -0.712849 -25.342628 -2.137691 1.259412 -1.424842 1.259412 1.053735   1   2  -1 
2456501.599929 0.000000 0.000000 -24.740542 0.631664 -24.629779 0.013045 -24.616734 -0.110763 0.631664 -0.123808 0.631664 1.053735   1   2  -1 
2456523.744316 0.000000 0.000000 -25.807160 0.567478 -24.629779 0.003855 -24.625924 -1.177381 0.567478 -1.181236 0.567478 1.053735   1   2  -1 
2456524.691276 0.000000 0.000000 -25.319964 0.703132 -24.629779 -1.007944 -25.637723 -0.690185 0.703132 0.317759 0.703132 1.053735   1   2  -1 
2456524.696693 0.000000 0.000000 -24.516845 0.716695 -24.629779 -1.011154 -25.640933 0.112934 0.716695 1.124088 0.716695 1.053735   1   2  -1 
2456525.743740 0.000000 0.000000 -25.822667 0.637734 -24.629779 -0.972974 -25.602754 -1.192888 0.637734 -0.219913 0.637734 1.053735   1   2  -1 
2456569.534062 0.000000 0.000000 -26.502332 1.076929 -24.629779 -0.970986 -25.600766 -1.872553 1.076929 -0.901566 1.076929 1.053735   1   2  -1 
2456585.564665 0.000000 0.000000 -24.318027 0.855663 -24.629779 -0.771851 -25.401630 0.311752 0.855663 1.083603 0.855663 1.053735   1   2  -1 
2456585.568473 0.000000 0.000000 -25.604567 0.828824 -24.629779 -0.774068 -25.403847 -0.974788 0.828824 -0.200720 0.828824 1.053735   1   2  -1 
2456585.572350 0.000000 0.000000 -26.300858 0.846101 -24.629779 -0.776312 -25.406091 -1.671079 0.846101 -0.894767 0.846101 1.053735   1   2  -1 
2456586.547688 0.000000 0.000000 -22.976857 0.928572 -24.629779 -0.926529 -25.556308 1.652922 0.928572 2.579451 0.928572 1.053735   1   2  -1 
2456586.551530 0.000000 0.000000 -24.816035 0.993006 -24.629779 -0.925679 -25.555459 -0.186256 0.993006 0.739424 0.993006 1.053735   1   2  -1 
2456586.555442 0.000000 0.000000 -25.499232 1.030307 -24.629779 -0.924806 -25.554585 -0.869453 1.030307 0.055353 1.030307 1.053735   1   2  -1 
2456590.510961 0.000000 0.000000 -24.188890 1.367518 -24.629779 -2.147659 -26.777439 0.440889 1.367518 2.588549 1.367518 1.053735   1   2  -1 
2456590.514943 0.000000 0.000000 -26.805340 1.522789 -24.629779 -2.152299 -26.782078 -2.175561 1.522789 -0.023262 1.522789 1.053735   1   2  -1 
2456590.518611 0.000000 0.000000 -28.066154 1.287716 -24.629779 -2.156567 -26.786346 -3.436375 1.287716 -1.279808 1.287716 1.053735   1   2  -1 
2456765.917789 0.000000 0.000000 -25.232175 0.712210 -24.629779 -0.924663 -25.554442 -0.602396 0.712210 0.322267 0.712210 1.053735   1   2  -1 
2456765.923021 0.000000 0.000000 -25.375142 0.718686 -24.629779 -0.922474 -25.552253 -0.745363 0.718686 0.177111 0.718686 1.053735   1   2  -1 
2456789.854143 0.000000 0.000000 -27.340576 0.783119 -24.629779 -0.808125 -25.437904 -2.710797 0.783119 -1.902672 0.783119 1.053735   1   2  -1 
2456789.859722 0.000000 0.000000 -26.773936 0.810184 -24.629779 -0.805680 -25.435460 -2.144157 0.810184 -1.338476 0.810184 1.053735   1   2  -1 
2456806.890179 0.000000 0.000000 -27.483229 0.848654 -24.629779 -0.226201 -24.855980 -2.853450 0.848654 -2.627249 0.848654 1.053735   1   2  -1 
2456829.893363 0.000000 0.000000 -28.440148 0.544726 -24.629779 -1.939917 -26.569696 -3.810369 0.544726 -1.870452 0.544726 1.053735   1   2  -1 
2456857.748704 0.000000 0.000000 -25.370298 0.916881 -24.629779 -0.239885 -24.869664 -0.740519 0.916881 -0.500634 0.916881 1.053735   1   2  -1 
2456857.754433 0.000000 0.000000 -26.513555 0.896024 -24.629779 -0.241546 -24.871325 -1.883776 0.896024 -1.642230 0.896024 1.053735   1   2  -1 
2456866.784629 0.000000 0.000000 -28.725741 0.744866 -24.629779 -1.978161 -26.607940 -4.095962 0.744866 -2.117801 0.744866 1.053735   1   2  -1 
2456896.727940 0.000000 0.000000 -25.463793 1.053796 -24.629779 -1.371112 -26.000891 -0.834014 1.053796 0.537098 1.053796 1.053735   1   2  -1 
2456896.733287 0.000000 0.000000 -23.350729 1.302275 -24.629779 -1.365263 -25.995042 1.279050 1.302275 2.644313 1.302275 1.053735   1   2  -1 
2457146.919889 0.000000 0.000000 -25.875665 0.544417 -24.629779 -1.181846 -25.811625 -1.245886 0.544417 -0.064040 0.544417 1.053735   1   2  -1 
2457176.844500 0.000000 0.000000 -13.102205 0.482556 -12.317459 -0.373299 -12.690757 -0.784746 0.482556 -0.411448 0.482556 1.053735   1   3  -1 
2457180.950532 0.000000 0.000000 -12.827294 0.611496 -12.317459 0.649595 -11.667864 -0.509835 0.611496 -1.159430 0.611496 1.053735   1   3  -1 
2457180.956053 0.000000 0.000000 -12.819042 0.642310 -12.317459 0.647062 -11.670397 -0.501583 0.642310 -1.148645 0.642310 1.053735   1   3  -1 
2457257.708144 0.000000 0.000000 -7.073812 0.957095 -12.317459 1.201397 -11.116061 5.243647 0.957095 4.042249 0.957095 1.053735   1   3  -1 
2457257.713815 0.000000 0.000000 -12.236885 1.031637 -12.317459 1.207138 -11.110320 0.080574 1.031637 -1.126565 1.031637 1.053735   1   3  -1 
2457307.523708 0.000000 0.000000 -13.332331 0.569213 -12.317459 -0.638952 -12.956411 -1.014872 0.569213 -0.375920 0.569213 1.053735   1   3  -1 
2457307.529113 0.000000 0.000000 -13.026912 0.591603 -12.317459 -0.633421 -12.950880 -0.709453 0.591603 -0.076032 0.591603 1.053735   1   3  -1 
2457675.588735 0.000000 0.000000 -9.236350 0.533261 -12.317459 1.473567 -10.843892 3.081109 0.533261 1.607542 0.533261 1.053735   1   3  -1 
2457879.840329 0.000000 0.000000 -11.576868 0.840815 -12.317459 0.926314 -11.391145 0.740591 0.840815 -0.185723 0.840815 1.053735   1   3  -1 
2457943.770578 0.000000 0.000000 -11.998049 0.454087 -12.317459 0.720391 -11.597068 0.319410 0.454087 -0.400981 0.454087 1.053735   1   3  -1 
2457968.637355 0.000000 0.000000 -11.203839 0.766025 -12.317459 1.822457 -10.495002 1.113620 0.766025 -0.708837 0.766025 1.053735   1   3  -1 
2460042.883932 0.000000 0.000000 -58.442022 0.194366 -59.142713 1.194421 -57.948293 0.700691 0.194366 -0.493729 0.194366 4.493308   0   1  -1 
2460042.889532 0.000000 0.000000 -58.629252 0.197675 -59.142713 1.188828 -57.953886 0.513461 0.197675 -0.675366 0.197675 4.493308   0   1  -1 
2460043.870973 0.000000 0.000000 -58.219986 0.231538 -59.142713 0.338097 -58.804616 0.922727 0.231538 0.584630 0.231538 4.493308   0   1  -1 
2460043.876677 0.000000 0.000000 -57.899291 0.215486 -59.142713 0.334182 -58.808532 1.243422 0.215486 0.909241 0.215486 4.493308   0   1  -1 
2460044.793251 0.000000 0.000000 -56.849206 0.238014 -59.142713 -0.099957 -59.242671 2.293507 0.238014 2.393465 0.238014 4.493308   0   1  -1 
2460044.798982 0.000000 0.000000 -57.145893 0.236508 -59.142713 -0.101449 -59.244163 1.996820 0.236508 2.098270 0.236508 4.493308   0   1  -1 
2460045.773704 0.000000 0.000000 -57.007798 0.527086 -59.142713 -0.171598 -59.314311 2.134915 0.527086 2.306513 0.527086 4.493308   0   1  -1 
2460045.779649 0.000000 0.000000 -56.938954 0.356358 -59.142713 -0.171118 -59.313831 2.203759 0.356358 2.374877 0.356358 4.493308   0   1  -1 
2460046.786658 0.000000 0.000000 -57.040367 0.216596 -59.142713 -0.020988 -59.163702 2.102346 0.216596 2.123335 0.216596 4.493308   0   1  -1 
2460046.792204 0.000000 0.000000 -57.278637 0.200898 -59.142713 -0.020041 -59.162755 1.864076 0.200898 1.884118 0.200898 4.493308   0   1  -1 
2460047.789500 0.000000 0.000000 -57.927209 0.215835 -59.142713 0.095419 -59.047295 1.215504 0.215835 1.120086 0.215835 4.493308   0   1  -1 
2460047.795047 0.000000 0.000000 -58.119277 0.207999 -59.142713 0.095603 -59.047110 1.023436 0.207999 0.927833 0.207999 4.493308   0   1  -1 
2460048.783364 0.000000 0.000000 -58.118469 0.259180 -59.142713 0.019110 -59.123604 1.024244 0.259180 1.005135 0.259180 4.493308   0   1  -1 
2460048.789012 0.000000 0.000000 -58.073804 0.241587 -59.142713 0.018032 -59.124682 1.068909 0.241587 1.050878 0.241587 4.493308   0   1  -1 
2460049.801102 0.000000 0.000000 -58.859288 0.223882 -59.142713 -0.278199 -59.420913 0.283425 0.223882 0.561625 0.223882 4.493308   0   1  -1 
2460049.806533 0.000000 0.000000 -58.376523 0.237350 -59.142713 -0.280257 -59.422970 0.766190 0.237350 1.046447 0.237350 4.493308   0   1  -1 
2460050.776767 0.000000 0.000000 -58.619721 0.220926 -59.142713 -0.688210 -59.830924 0.522992 0.220926 1.211203 0.220926 4.493308   0   1  -1 
2460050.782471 0.000000 0.000000 -58.676295 0.212336 -59.142713 -0.690702 -59.833416 0.466418 0.212336 1.157121 0.212336 4.493308   0   1  -1 
2460068.823617 0.000000 0.000000 -57.564815 0.250917 -59.142713 0.778512 -58.364201 1.577898 0.250917 0.799386 0.250917 4.493308   0   1  -1 
2460068.829253 0.000000 0.000000 -57.865247 0.315822 -59.142713 0.784645 -58.358068 1.277466 0.315822 0.492821 0.315822 4.493308   0   1  -1 
2460073.775251 0.000000 0.000000 -58.686864 0.273036 -59.142713 -0.790326 -59.933039 0.455849 0.273036 1.246175 0.273036 4.493308   0   1  -1 
2460073.780774 0.000000 0.000000 -59.826438 0.249282 -59.142713 -0.797478 -59.940192 -0.683725 0.249282 0.113754 0.249282 4.493308   0   1  -1 
2460076.728213 0.000000 0.000000 -60.233316 0.253446 -59.142713 -2.146817 -61.289530 -1.090603 0.253446 1.056214 0.253446 4.493308   0   1  -1 
2460076.733797 0.000000 0.000000 -60.562447 0.242470 -59.142713 -2.146894 -61.289608 -1.419734 0.242470 0.727161 0.242470 4.493308   0   1  -1 
2460077.755001 0.000000 0.000000 -61.037365 0.312506 -59.142713 -2.120888 -61.263601 -1.894652 0.312506 0.226236 0.312506 4.493308   0   1  -1 
2460077.760768 0.000000 0.000000 -61.187467 0.301092 -59.142713 -2.120335 -61.263048 -2.044754 0.301092 0.075581 0.301092 4.493308   0   1  -1 
2460078.818364 0.000000 0.000000 -61.107816 0.236131 -59.142713 -1.836638 -60.979352 -1.965103 0.236131 -0.128464 0.236131 4.493308   0   1  -1 
2460078.823976 0.000000 0.000000 -60.811890 0.231515 -59.142713 -1.833917 -60.976631 -1.669177 0.231515 0.164741 0.231515 4.493308   0   1  -1 
2460079.846559 0.000000 0.000000 -60.159488 0.225727 -59.142713 -1.119810 -60.262524 -1.016775 0.225727 0.103036 0.225727 4.493308   0   1  -1 
2460079.852048 0.000000 0.000000 -60.314338 0.228638 -59.142713 -1.115092 -60.257805 -1.171625 0.228638 -0.056533 0.228638 4.493308   0   1  -1 
2460080.730235 0.000000 0.000000 -59.799608 0.243529 -59.142713 -0.381168 -59.523881 -0.656895 0.243529 -0.275727 0.243529 4.493308   0   1  -1 
2460080.735864 0.000000 0.000000 -59.979018 0.224766 -59.142713 -0.377183 -59.519897 -0.836305 0.224766 -0.459121 0.224766 4.493308   0   1  -1 
2460082.755256 0.000000 0.000000 -59.155917 0.286786 -59.142713 -0.882013 -60.024726 -0.013204 0.286786 0.868809 0.286786 4.493308   0   1  -1 
2460082.760842 0.000000 0.000000 -58.974641 0.259323 -59.142713 -0.889528 -60.032241 0.168072 0.259323 1.057600 0.259323 4.493308   0   1  -1 
2460085.681985 0.000000 0.000000 -85.120883 0.365564 -59.142713 -3.044652 -62.187365 -25.978170 0.365564 -22.933518 0.365564 4.493308   0   1  -1 
2460085.687655 0.000000 0.000000 -84.430836 0.384345 -59.142713 -3.035669 -62.178382 -25.288123 0.384345 -22.252454 0.384345 4.493308   0   1  -1 
2460086.748603 0.000000 0.000000 -57.379791 0.193185 -59.142713 -0.340530 -59.483243 1.762922 0.193185 2.103452 0.193185 4.493308   0   1  -1 
2460086.754324 0.000000 0.000000 -57.655925 0.208316 -59.142713 -0.322015 -59.464729 1.486788 0.208316 1.808804 0.208316 4.493308   0   1  -1 
2460199.601214 0.000000 0.000000 -60.237827 0.389251 -59.142713 -3.177072 -62.319785 -1.095114 0.389251 2.081958 0.389251 4.493308   0   1  -1 
2460199.607025 0.000000 0.000000 -59.321609 0.381438 -59.142713 -3.175651 -62.318364 -0.178896 0.381438 2.996755 0.381438 4.493308   0   1  -1 
2460201.515076 0.000000 0.000000 -59.992946 0.272613 -59.142713 -1.910761 -61.053475 -0.850233 0.272613 1.060529 0.272613 4.493308   0   1  -1 
2460201.520627 0.000000 0.000000 -59.837838 0.294212 -59.142713 -1.907280 -61.049994 -0.695125 0.294212 1.212156 0.294212 4.493308   0   1  -1 
2460202.533617 0.000000 0.000000 -60.316621 0.232737 -59.142713 -1.503252 -60.645966 -1.173908 0.232737 0.329345 0.232737 4.493308   0   1  -1 
2460202.539273 0.000000 0.000000 -60.064845 0.220468 -59.142713 -1.502272 -60.644986 -0.922132 0.220468 0.580141 0.220468 4.493308   0   1  -1 
2460203.571018 0.000000 0.000000 -60.190673 0.337253 -59.142713 -1.467731 -60.610445 -1.047960 0.337253 0.419772 0.337253 4.493308   0   1  -1 
2460203.577196 0.000000 0.000000 -60.378625 0.360328 -59.142713 -1.467960 -60.610673 -1.235912 0.360328 0.232048 0.360328 4.493308   0   1  -1 
2460204.530857 0.000000 0.000000 -60.576471 0.197030 -59.142713 -1.462765 -60.605479 -1.433758 0.197030 0.029008 0.197030 4.493308   0   1  -1 
2460204.536387 0.000000 0.000000 -60.449009 0.208547 -59.142713 -1.462338 -60.605052 -1.306296 0.208547 0.156043 0.208547 4.493308   0   1  -1 
2460205.516019 0.000000 0.000000 -60.633611 0.244280 -59.142713 -1.323367 -60.466080 -1.490898 0.244280 -0.167531 0.244280 4.493308   0   1  -1 
2460205.521490 0.000000 0.000000 -60.604071 0.216530 -59.142713 -1.322452 -60.465166 -1.461358 0.216530 -0.138905 0.216530 4.493308   0   1  -1 
2460206.534104 0.000000 0.000000 -60.273073 0.247014 -59.142713 -1.253369 -60.396082 -1.130360 0.247014 0.123009 0.247014 4.493308   0   1  -1 
2460206.539634 0.000000 0.000000 -60.618007 0.225863 -59.142713 -1.253915 -60.396629 -1.475294 0.225863 -0.221378 0.225863 4.493308   0   1  -1 
2460208.612713 0.000000 0.000000 -59.998253 0.238171 -59.142713 -2.399058 -61.541771 -0.855540 0.238171 1.543518 0.238171 4.493308   0   1  -1 
2460208.618030 0.000000 0.000000 -59.687757 0.245322 -59.142713 -2.403208 -61.545922 -0.545044 0.245322 1.858165 0.245322 4.493308   0   1  -1 
2460209.504007 0.000000 0.000000 -59.606726 0.494812 -59.142713 -2.930359 -62.073072 -0.464013 0.494812 2.466346 0.494812 4.493308   0   1  -1 
2460209.509978 0.000000 0.000000 -59.406245 0.441044 -59.142713 -2.932198 -62.074911 -0.263532 0.441044 2.668666 0.441044 4.493308   0   1  -1 
2460210.587394 0.000000 0.000000 -59.811154 0.275366 -59.142713 -2.670309 -61.813022 -0.668441 0.275366 2.001868 0.275366 4.493308   0   1  -1 
2460210.593026 0.000000 0.000000 -59.626164 0.295408 -59.142713 -2.665542 -61.808256 -0.483451 0.295408 2.182092 0.295408 4.493308   0   1  -1 
2460211.516295 0.000000 0.000000 -58.909396 0.380462 -59.142713 -1.445805 -60.588518 0.233317 0.380462 1.679122 0.380462 4.493308   0   1  -1 
2460211.522268 0.000000 0.000000 -58.728326 0.306169 -59.142713 -1.435541 -60.578254 0.414387 0.306169 1.849928 0.306169 4.493308   0   1  -1 
