# time Tc_folded Tref_folded value value_err offset model full_model val_compare val_compare_err residuals residuals_err jitter jitter_flag offset_flag subset_flag 
2455480.529186 0.000000 0.000000 42.678630 0.007837 42.609662 0.076278 42.685940 0.068968 0.007837 -0.007310 0.007837 0.000748   1   2  -1 
2455480.529186 0.000000 0.000000 42.678630 0.007837 42.609662 0.076278 42.685940 0.068968 0.007837 -0.007310 0.007837 0.000748   1   2  -1 
2455480.532970 0.000000 0.000000 42.682233 0.007101 42.609662 0.076171 42.685832 0.072571 0.007101 -0.003599 0.007101 0.000748   1   2  -1 
2455480.532970 0.000000 0.000000 42.682233 0.007101 42.609662 0.076171 42.685832 0.072571 0.007101 -0.003599 0.007101 0.000748   1   2  -1 
2455480.536778 0.000000 0.000000 42.683918 0.007504 42.609662 0.076063 42.685725 0.074256 0.007504 -0.001807 0.007504 0.000748   1   2  -1 
2455480.536778 0.000000 0.000000 42.683918 0.007504 42.609662 0.076063 42.685725 0.074256 0.007504 -0.001807 0.007504 0.000748   1   2  -1 
2455482.554786 0.000000 0.000000 42.665032 0.005711 42.609662 0.057026 42.666687 0.055370 0.005711 -0.001655 0.005711 0.000748   1   2  -1 
2455482.554786 0.000000 0.000000 42.665032 0.005711 42.609662 0.057026 42.666687 0.055370 0.005711 -0.001655 0.005711 0.000748   1   2  -1 
2455484.542056 0.000000 0.000000 42.631912 0.008299 42.609662 0.040520 42.650181 0.022250 0.008299 -0.018269 0.008299 0.000748   1   2  -1 
2455484.542056 0.000000 0.000000 42.631912 0.008299 42.609662 0.040520 42.650181 0.022250 0.008299 -0.018269 0.008299 0.000748   1   2  -1 
2455484.545828 0.000000 0.000000 42.640434 0.008596 42.609662 0.040441 42.650103 0.030772 0.008596 -0.009669 0.008596 0.000748   1   2  -1 
2455484.545828 0.000000 0.000000 42.640434 0.008596 42.609662 0.040441 42.650103 0.030772 0.008596 -0.009669 0.008596 0.000748   1   2  -1 
2455484.549671 0.000000 0.000000 42.644720 0.008203 42.609662 0.040361 42.650022 0.035058 0.008203 -0.005302 0.008203 0.000748   1   2  -1 
2455484.549671 0.000000 0.000000 42.644720 0.008203 42.609662 0.040361 42.650022 0.035058 0.008203 -0.005302 0.008203 0.000748   1   2  -1 
2455485.527184 0.000000 0.000000 42.632996 0.006972 42.609662 0.018780 42.628442 0.023334 0.006972 0.004554 0.006972 0.000748   1   2  -1 
2455485.527184 0.000000 0.000000 42.632996 0.006972 42.609662 0.018780 42.628442 0.023334 0.006972 0.004554 0.006972 0.000748   1   2  -1 
2455485.532971 0.000000 0.000000 42.634725 0.007192 42.609662 0.018664 42.628326 0.025063 0.007192 0.006399 0.007192 0.000748   1   2  -1 
2455485.532971 0.000000 0.000000 42.634725 0.007192 42.609662 0.018664 42.628326 0.025063 0.007192 0.006399 0.007192 0.000748   1   2  -1 
2455487.543214 0.000000 0.000000 42.618664 0.006526 42.609662 0.017563 42.627224 0.009002 0.006526 -0.008560 0.006526 0.000748   1   2  -1 
2455487.543214 0.000000 0.000000 42.618664 0.006526 42.609662 0.017563 42.627224 0.009002 0.006526 -0.008560 0.006526 0.000748   1   2  -1 
2455487.548897 0.000000 0.000000 42.624810 0.006483 42.609662 0.017681 42.627343 0.015148 0.006483 -0.002533 0.006483 0.000748   1   2  -1 
2455487.548897 0.000000 0.000000 42.624810 0.006483 42.609662 0.017681 42.627343 0.015148 0.006483 -0.002533 0.006483 0.000748   1   2  -1 
2455493.544252 0.000000 0.000000 42.625062 0.006400 42.609662 0.015421 42.625083 0.015400 0.006400 -0.000021 0.006400 0.000748   1   2  -1 
2455493.544252 0.000000 0.000000 42.625062 0.006400 42.609662 0.015421 42.625083 0.015400 0.006400 -0.000021 0.006400 0.000748   1   2  -1 
2455493.550478 0.000000 0.000000 42.619549 0.006539 42.609662 0.015418 42.625080 0.009887 0.006539 -0.005531 0.006539 0.000748   1   2  -1 
2455493.550478 0.000000 0.000000 42.619549 0.006539 42.609662 0.015418 42.625080 0.009887 0.006539 -0.005531 0.006539 0.000748   1   2  -1 
2455495.535877 0.000000 0.000000 42.636521 0.006475 42.609662 0.023071 42.632733 0.026859 0.006475 0.003788 0.006475 0.000748   1   2  -1 
2455495.535877 0.000000 0.000000 42.636521 0.006475 42.609662 0.023071 42.632733 0.026859 0.006475 0.003788 0.006475 0.000748   1   2  -1 
2455495.541664 0.000000 0.000000 42.626149 0.006865 42.609662 0.023074 42.632736 0.016487 0.006865 -0.006587 0.006865 0.000748   1   2  -1 
2455495.541664 0.000000 0.000000 42.626149 0.006865 42.609662 0.023074 42.632736 0.016487 0.006865 -0.006587 0.006865 0.000748   1   2  -1 
2455498.517820 0.000000 0.000000 42.639249 0.010712 42.609662 0.016111 42.625772 0.029587 0.010712 0.013477 0.010712 0.000748   1   2  -1 
2455498.517820 0.000000 0.000000 42.639249 0.010712 42.609662 0.016111 42.625772 0.029587 0.010712 0.013477 0.010712 0.000748   1   2  -1 
2455498.523445 0.000000 0.000000 42.616909 0.009684 42.609662 0.016164 42.625826 0.007247 0.009684 -0.008917 0.009684 0.000748   1   2  -1 
2455498.523445 0.000000 0.000000 42.616909 0.009684 42.609662 0.016164 42.625826 0.007247 0.009684 -0.008917 0.009684 0.000748   1   2  -1 
2455500.544007 0.000000 0.000000 42.662530 0.005516 42.609662 0.054156 42.663818 0.052868 0.005516 -0.001288 0.005516 0.000748   1   2  -1 
2455500.544007 0.000000 0.000000 42.662530 0.005516 42.609662 0.054156 42.663818 0.052868 0.005516 -0.001288 0.005516 0.000748   1   2  -1 
2455500.549389 0.000000 0.000000 42.658215 0.006006 42.609662 0.054260 42.663922 0.048553 0.006006 -0.005707 0.006006 0.000748   1   2  -1 
2455500.549389 0.000000 0.000000 42.658215 0.006006 42.609662 0.054260 42.663922 0.048553 0.006006 -0.005707 0.006006 0.000748   1   2  -1 
2455501.547102 0.000000 0.000000 42.675540 0.004884 42.609662 0.067406 42.677067 0.065878 0.004884 -0.001527 0.004884 0.000748   1   2  -1 
2455501.547102 0.000000 0.000000 42.675540 0.004884 42.609662 0.067406 42.677067 0.065878 0.004884 -0.001527 0.004884 0.000748   1   2  -1 
2455501.552738 0.000000 0.000000 42.684584 0.004667 42.609662 0.067440 42.677102 0.074922 0.004667 0.007482 0.004667 0.000748   1   2  -1 
2455501.552738 0.000000 0.000000 42.684584 0.004667 42.609662 0.067440 42.677102 0.074922 0.004667 0.007482 0.004667 0.000748   1   2  -1 
2455505.514789 0.000000 0.000000 42.689921 0.005555 42.609662 0.080323 42.689984 0.080259 0.005555 -0.000063 0.005555 0.000748   1   2  -1 
2455505.514789 0.000000 0.000000 42.689921 0.005555 42.609662 0.080323 42.689984 0.080259 0.005555 -0.000063 0.005555 0.000748   1   2  -1 
2455505.520425 0.000000 0.000000 42.688597 0.005498 42.609662 0.080428 42.690089 0.078935 0.005498 -0.001492 0.005498 0.000748   1   2  -1 
2455505.520425 0.000000 0.000000 42.688597 0.005498 42.609662 0.080428 42.690089 0.078935 0.005498 -0.001492 0.005498 0.000748   1   2  -1 
2455507.517142 0.000000 0.000000 42.714840 0.004276 42.609662 0.105491 42.715153 0.105178 0.004276 -0.000313 0.004276 0.000748   1   2  -1 
2455507.517142 0.000000 0.000000 42.714840 0.004276 42.609662 0.105491 42.715153 0.105178 0.004276 -0.000313 0.004276 0.000748   1   2  -1 
2455507.522824 0.000000 0.000000 42.722966 0.004360 42.609662 0.105490 42.715152 0.113304 0.004360 0.007814 0.004360 0.000748   1   2  -1 
2455507.522824 0.000000 0.000000 42.722966 0.004360 42.609662 0.105490 42.715152 0.113304 0.004360 0.007814 0.004360 0.000748   1   2  -1 
2455509.518050 0.000000 0.000000 42.697772 0.006136 42.609662 0.086012 42.695674 0.088110 0.006136 0.002098 0.006136 0.000748   1   2  -1 
2455509.518050 0.000000 0.000000 42.697772 0.006136 42.609662 0.086012 42.695674 0.088110 0.006136 0.002098 0.006136 0.000748   1   2  -1 
2455509.523524 0.000000 0.000000 42.685875 0.005725 42.609662 0.085949 42.695610 0.076213 0.005725 -0.009735 0.005725 0.000748   1   2  -1 
2455509.523524 0.000000 0.000000 42.685875 0.005725 42.609662 0.085949 42.695610 0.076213 0.005725 -0.009735 0.005725 0.000748   1   2  -1 
2455511.516449 0.000000 0.000000 42.697523 0.006430 42.609662 0.078271 42.687933 0.087861 0.006430 0.009590 0.006430 0.000748   1   2  -1 
2455511.516449 0.000000 0.000000 42.697523 0.006430 42.609662 0.078271 42.687933 0.087861 0.006430 0.009590 0.006430 0.000748   1   2  -1 
2455511.521935 0.000000 0.000000 42.687454 0.006401 42.609662 0.078283 42.687945 0.077792 0.006401 -0.000491 0.006401 0.000748   1   2  -1 
2455511.521935 0.000000 0.000000 42.687454 0.006401 42.609662 0.078283 42.687945 0.077792 0.006401 -0.000491 0.006401 0.000748   1   2  -1 
2455513.504562 0.000000 0.000000 42.681109 0.006751 42.609662 0.077657 42.687318 0.071447 0.006751 -0.006209 0.006751 0.000748   1   2  -1 
2455513.504562 0.000000 0.000000 42.681109 0.006751 42.609662 0.077657 42.687318 0.071447 0.006751 -0.006209 0.006751 0.000748   1   2  -1 
2455513.510244 0.000000 0.000000 42.687281 0.007118 42.609662 0.077633 42.687294 0.077619 0.007118 -0.000013 0.007118 0.000748   1   2  -1 
2455513.510244 0.000000 0.000000 42.687281 0.007118 42.609662 0.077633 42.687294 0.077619 0.007118 -0.000013 0.007118 0.000748   1   2  -1 
2455514.505835 0.000000 0.000000 42.689027 0.005420 42.609662 0.073632 42.683293 0.079365 0.005420 0.005734 0.005420 0.000748   1   2  -1 
2455514.505835 0.000000 0.000000 42.689027 0.005420 42.609662 0.073632 42.683293 0.079365 0.005420 0.005734 0.005420 0.000748   1   2  -1 
2455514.511356 0.000000 0.000000 42.674271 0.005514 42.609662 0.073618 42.683280 0.064609 0.005514 -0.009009 0.005514 0.000748   1   2  -1 
2455514.511356 0.000000 0.000000 42.674271 0.005514 42.609662 0.073618 42.683280 0.064609 0.005514 -0.009009 0.005514 0.000748   1   2  -1 
2455519.503938 0.000000 0.000000 42.614706 0.008338 42.609662 0.012528 42.622190 0.005044 0.008338 -0.007484 0.008338 0.000748   1   2  -1 
2455519.503938 0.000000 0.000000 42.614706 0.008338 42.609662 0.012528 42.622190 0.005044 0.008338 -0.007484 0.008338 0.000748   1   2  -1 
2455519.508811 0.000000 0.000000 42.626018 0.008037 42.609662 0.012301 42.621963 0.016356 0.008037 0.004055 0.008037 0.000748   1   2  -1 
2455519.508811 0.000000 0.000000 42.626018 0.008037 42.609662 0.012301 42.621963 0.016356 0.008037 0.004055 0.008037 0.000748   1   2  -1 
2455523.508036 0.000000 0.000000 42.624970 0.006695 42.609662 0.011945 42.621606 0.015308 0.006695 0.003364 0.006695 0.000748   1   2  -1 
2455523.508036 0.000000 0.000000 42.624970 0.006695 42.609662 0.011945 42.621606 0.015308 0.006695 0.003364 0.006695 0.000748   1   2  -1 
2455523.513036 0.000000 0.000000 42.620591 0.006985 42.609662 0.012069 42.621730 0.010929 0.006985 -0.001139 0.006985 0.000748   1   2  -1 
2455523.513036 0.000000 0.000000 42.620591 0.006985 42.609662 0.012069 42.621730 0.010929 0.006985 -0.001139 0.006985 0.000748   1   2  -1 
2455524.521481 0.000000 0.000000 42.630332 0.005389 42.609662 0.019448 42.629110 0.020670 0.005389 0.001222 0.005389 0.000748   1   2  -1 
2455524.521481 0.000000 0.000000 42.630332 0.005389 42.609662 0.019448 42.629110 0.020670 0.005389 0.001222 0.005389 0.000748   1   2  -1 
2455524.526446 0.000000 0.000000 42.626973 0.005473 42.609662 0.019384 42.629045 0.017311 0.005473 -0.002072 0.005473 0.000748   1   2  -1 
2455524.526446 0.000000 0.000000 42.626973 0.005473 42.609662 0.019384 42.629045 0.017311 0.005473 -0.002072 0.005473 0.000748   1   2  -1 
2455653.900831 0.000000 0.000000 42.617108 0.006008 42.609662 0.004462 42.614123 0.007446 0.006008 0.002985 0.006008 0.000748   1   2  -1 
2455653.900831 0.000000 0.000000 42.617108 0.006008 42.609662 0.004462 42.614123 0.007446 0.006008 0.002985 0.006008 0.000748   1   2  -1 
2455653.906410 0.000000 0.000000 42.610749 0.005940 42.609662 0.004424 42.614086 0.001087 0.005940 -0.003337 0.005940 0.000748   1   2  -1 
2455653.906410 0.000000 0.000000 42.610749 0.005940 42.609662 0.004424 42.614086 0.001087 0.005940 -0.003337 0.005940 0.000748   1   2  -1 
2455654.900357 0.000000 0.000000 42.604997 0.006569 42.609662 0.003568 42.613230 -0.004665 0.006569 -0.008233 0.006569 0.000748   1   2  -1 
2455654.900357 0.000000 0.000000 42.604997 0.006569 42.609662 0.003568 42.613230 -0.004665 0.006569 -0.008233 0.006569 0.000748   1   2  -1 
2455654.905936 0.000000 0.000000 42.613912 0.005901 42.609662 0.003589 42.613250 0.004250 0.005901 0.000662 0.005901 0.000748   1   2  -1 
2455654.905936 0.000000 0.000000 42.613912 0.005901 42.609662 0.003589 42.613250 0.004250 0.005901 0.000662 0.005901 0.000748   1   2  -1 
2455657.909222 0.000000 0.000000 42.626985 0.004887 42.609662 0.019776 42.629437 0.017323 0.004887 -0.002452 0.004887 0.000748   1   2  -1 
2455657.909222 0.000000 0.000000 42.626985 0.004887 42.609662 0.019776 42.629437 0.017323 0.004887 -0.002452 0.004887 0.000748   1   2  -1 
2455657.914813 0.000000 0.000000 42.629982 0.005097 42.609662 0.019795 42.629456 0.020320 0.005097 0.000526 0.005097 0.000748   1   2  -1 
2455657.914813 0.000000 0.000000 42.629982 0.005097 42.609662 0.019795 42.629456 0.020320 0.005097 0.000526 0.005097 0.000748   1   2  -1 
2455659.907949 0.000000 0.000000 42.633674 0.006208 42.609662 0.021769 42.631430 0.024012 0.006208 0.002244 0.006208 0.000748   1   2  -1 
2455659.907949 0.000000 0.000000 42.633674 0.006208 42.609662 0.021769 42.631430 0.024012 0.006208 0.002244 0.006208 0.000748   1   2  -1 
2455659.913540 0.000000 0.000000 42.620672 0.006479 42.609662 0.021758 42.631419 0.011010 0.006479 -0.010747 0.006479 0.000748   1   2  -1 
2455659.913540 0.000000 0.000000 42.620672 0.006479 42.609662 0.021758 42.631419 0.011010 0.006479 -0.010747 0.006479 0.000748   1   2  -1 
2455660.901884 0.000000 0.000000 42.630749 0.004053 42.609662 0.018439 42.628101 0.021087 0.004053 0.002648 0.004053 0.000748   1   2  -1 
2455660.901884 0.000000 0.000000 42.630749 0.004053 42.609662 0.018439 42.628101 0.021087 0.004053 0.002648 0.004053 0.000748   1   2  -1 
2455662.902485 0.000000 0.000000 42.621083 0.007656 42.609662 0.019139 42.628801 0.011421 0.007656 -0.007718 0.007656 0.000748   1   2  -1 
2455662.902485 0.000000 0.000000 42.621083 0.007656 42.609662 0.019139 42.628801 0.011421 0.007656 -0.007718 0.007656 0.000748   1   2  -1 
2455662.908180 0.000000 0.000000 42.626484 0.007336 42.609662 0.019199 42.628860 0.016822 0.007336 -0.002376 0.007336 0.000748   1   2  -1 
2455662.908180 0.000000 0.000000 42.626484 0.007336 42.609662 0.019199 42.628860 0.016822 0.007336 -0.002376 0.007336 0.000748   1   2  -1 
2455663.839263 0.000000 0.000000 42.663681 0.014016 42.609662 0.035861 42.645522 0.054019 0.014016 0.018159 0.014016 0.000748   1   2  -1 
2455663.839263 0.000000 0.000000 42.663681 0.014016 42.609662 0.035861 42.645522 0.054019 0.014016 0.018159 0.014016 0.000748   1   2  -1 
2455672.897729 0.000000 0.000000 42.665475 0.005276 42.609662 0.052272 42.661933 0.055813 0.005276 0.003542 0.005276 0.000748   1   2  -1 
2455672.897729 0.000000 0.000000 42.665475 0.005276 42.609662 0.052272 42.661933 0.055813 0.005276 0.003542 0.005276 0.000748   1   2  -1 
2455672.902775 0.000000 0.000000 42.661875 0.004851 42.609662 0.052505 42.662167 0.052213 0.004851 -0.000292 0.004851 0.000748   1   2  -1 
2455672.902775 0.000000 0.000000 42.661875 0.004851 42.609662 0.052505 42.662167 0.052213 0.004851 -0.000292 0.004851 0.000748   1   2  -1 
2455675.905453 0.000000 0.000000 42.699172 0.003410 42.609662 0.087818 42.697479 0.089510 0.003410 0.001693 0.003410 0.000748   1   2  -1 
2455675.905453 0.000000 0.000000 42.699172 0.003410 42.609662 0.087818 42.697479 0.089510 0.003410 0.001693 0.003410 0.000748   1   2  -1 
2455679.879903 0.000000 0.000000 42.667865 0.004071 42.609662 0.056260 42.665922 0.058203 0.004071 0.001943 0.004071 0.000748   1   2  -1 
2455679.879903 0.000000 0.000000 42.667865 0.004071 42.609662 0.056260 42.665922 0.058203 0.004071 0.001943 0.004071 0.000748   1   2  -1 
2455679.885123 0.000000 0.000000 42.665171 0.004145 42.609662 0.056412 42.666073 0.055509 0.004145 -0.000902 0.004145 0.000748   1   2  -1 
2455679.885123 0.000000 0.000000 42.665171 0.004145 42.609662 0.056412 42.666073 0.055509 0.004145 -0.000902 0.004145 0.000748   1   2  -1 
2455712.893679 0.000000 0.000000 42.666045 0.004521 42.609662 0.056151 42.665812 0.056383 0.004521 0.000233 0.004521 0.000748   1   2  -1 
2455712.893679 0.000000 0.000000 42.666045 0.004521 42.609662 0.056151 42.665812 0.056383 0.004521 0.000233 0.004521 0.000748   1   2  -1 
2455715.864679 0.000000 0.000000 42.648431 0.011001 42.609662 0.040429 42.650091 0.038769 0.011001 -0.001660 0.011001 0.000748   1   2  -1 
2455715.864679 0.000000 0.000000 42.648431 0.011001 42.609662 0.040429 42.650091 0.038769 0.011001 -0.001660 0.011001 0.000748   1   2  -1 
2455715.867376 0.000000 0.000000 42.650666 0.011448 42.609662 0.040397 42.650059 0.041004 0.011448 0.000607 0.011448 0.000748   1   2  -1 
2455715.867376 0.000000 0.000000 42.650666 0.011448 42.609662 0.040397 42.650059 0.041004 0.011448 0.000607 0.011448 0.000748   1   2  -1 
2455715.869992 0.000000 0.000000 42.647207 0.011592 42.609662 0.040366 42.650028 0.037545 0.011592 -0.002821 0.011592 0.000748   1   2  -1 
2455715.869992 0.000000 0.000000 42.647207 0.011592 42.609662 0.040366 42.650028 0.037545 0.011592 -0.002821 0.011592 0.000748   1   2  -1 
2455715.872747 0.000000 0.000000 42.655209 0.011980 42.609662 0.040334 42.649995 0.045547 0.011980 0.005214 0.011980 0.000748   1   2  -1 
2455715.872747 0.000000 0.000000 42.655209 0.011980 42.609662 0.040334 42.649995 0.045547 0.011980 0.005214 0.011980 0.000748   1   2  -1 
2455727.859452 0.000000 0.000000 42.598474 0.008523 42.609662 -0.007387 42.602274 -0.011188 0.008523 -0.003800 0.008523 0.000748   1   2  -1 
2455727.859452 0.000000 0.000000 42.598474 0.008523 42.609662 -0.007387 42.602274 -0.011188 0.008523 -0.003800 0.008523 0.000748   1   2  -1 
2455727.863145 0.000000 0.000000 42.604216 0.008337 42.609662 -0.007456 42.602205 -0.005446 0.008337 0.002011 0.008337 0.000748   1   2  -1 
2455727.863145 0.000000 0.000000 42.604216 0.008337 42.609662 -0.007456 42.602205 -0.005446 0.008337 0.002011 0.008337 0.000748   1   2  -1 
2455727.866953 0.000000 0.000000 42.603133 0.009032 42.609662 -0.007526 42.602135 -0.006529 0.009032 0.000998 0.009032 0.000748   1   2  -1 
2455727.866953 0.000000 0.000000 42.603133 0.009032 42.609662 -0.007526 42.602135 -0.006529 0.009032 0.000998 0.009032 0.000748   1   2  -1 
2455735.809170 0.000000 0.000000 42.641260 0.004244 42.609662 0.031748 42.641409 0.031598 0.004244 -0.000149 0.004244 0.000748   1   2  -1 
2455735.809170 0.000000 0.000000 42.641260 0.004244 42.609662 0.031748 42.641409 0.031598 0.004244 -0.000149 0.004244 0.000748   1   2  -1 
2455754.777241 0.000000 0.000000 42.617218 0.008805 42.609662 0.005974 42.615635 0.007556 0.008805 0.001583 0.008805 0.000748   1   2  -1 
2455754.777241 0.000000 0.000000 42.617218 0.008805 42.609662 0.005974 42.615635 0.007556 0.008805 0.001583 0.008805 0.000748   1   2  -1 
2455755.755721 0.000000 0.000000 42.623208 0.006203 42.609662 0.014584 42.624246 0.013546 0.006203 -0.001038 0.006203 0.000748   1   2  -1 
2455755.755721 0.000000 0.000000 42.623208 0.006203 42.609662 0.014584 42.624246 0.013546 0.006203 -0.001038 0.006203 0.000748   1   2  -1 
2455769.736300 0.000000 0.000000 42.647596 0.005467 42.609662 0.032935 42.642596 0.037934 0.005467 0.005000 0.005467 0.000748   1   2  -1 
2455769.736300 0.000000 0.000000 42.647596 0.005467 42.609662 0.032935 42.642596 0.037934 0.005467 0.005000 0.005467 0.000748   1   2  -1 
2455769.742075 0.000000 0.000000 42.635470 0.006215 42.609662 0.032709 42.642371 0.025808 0.006215 -0.006901 0.006215 0.000748   1   2  -1 
2455769.742075 0.000000 0.000000 42.635470 0.006215 42.609662 0.032709 42.642371 0.025808 0.006215 -0.006901 0.006215 0.000748   1   2  -1 
2455776.628483 0.000000 0.000000 42.634234 0.005747 42.609662 0.022712 42.632373 0.024572 0.005747 0.001861 0.005747 0.000748   1   2  -1 
2455776.628483 0.000000 0.000000 42.634234 0.005747 42.609662 0.022712 42.632373 0.024572 0.005747 0.001861 0.005747 0.000748   1   2  -1 
2455782.624998 0.000000 0.000000 42.627798 0.006141 42.609662 0.018772 42.628433 0.018136 0.006141 -0.000635 0.006141 0.000748   1   2  -1 
2455782.624998 0.000000 0.000000 42.627798 0.006141 42.609662 0.018772 42.628433 0.018136 0.006141 -0.000635 0.006141 0.000748   1   2  -1 
2455784.737667 0.000000 0.000000 42.676359 0.004400 42.609662 0.065540 42.675202 0.066697 0.004400 0.001157 0.004400 0.000748   1   2  -1 
2455784.737667 0.000000 0.000000 42.676359 0.004400 42.609662 0.065540 42.675202 0.066697 0.004400 0.001157 0.004400 0.000748   1   2  -1 
2455801.526698 0.000000 0.000000 42.608463 0.010272 42.609662 0.005218 42.614879 -0.001199 0.010272 -0.006416 0.010272 0.000748   1   2  -1 
2455801.526698 0.000000 0.000000 42.608463 0.010272 42.609662 0.005218 42.614879 -0.001199 0.010272 -0.006416 0.010272 0.000748   1   2  -1 
2455801.531628 0.000000 0.000000 42.624250 0.009498 42.609662 0.005115 42.614776 0.014588 0.009498 0.009474 0.009498 0.000748   1   2  -1 
2455801.531628 0.000000 0.000000 42.624250 0.009498 42.609662 0.005115 42.614776 0.014588 0.009498 0.009474 0.009498 0.000748   1   2  -1 
2455804.632333 0.000000 0.000000 42.632186 0.009041 42.609662 0.023838 42.633499 0.022524 0.009041 -0.001313 0.009041 0.000748   1   2  -1 
2455804.632333 0.000000 0.000000 42.632186 0.009041 42.609662 0.023838 42.633499 0.022524 0.009041 -0.001313 0.009041 0.000748   1   2  -1 
2455804.637669 0.000000 0.000000 42.638924 0.008328 42.609662 0.023936 42.633598 0.029262 0.008328 0.005326 0.008328 0.000748   1   2  -1 
2455804.637669 0.000000 0.000000 42.638924 0.008328 42.609662 0.023936 42.633598 0.029262 0.008328 0.005326 0.008328 0.000748   1   2  -1 
2455807.626267 0.000000 0.000000 42.667326 0.007792 42.609662 0.047530 42.657192 0.057664 0.007792 0.010134 0.007792 0.000748   1   2  -1 
2455807.626267 0.000000 0.000000 42.667326 0.007792 42.609662 0.047530 42.657192 0.057664 0.007792 0.010134 0.007792 0.000748   1   2  -1 
2455807.631162 0.000000 0.000000 42.648843 0.007153 42.609662 0.047541 42.657202 0.039181 0.007153 -0.008359 0.007153 0.000748   1   2  -1 
2455807.631162 0.000000 0.000000 42.648843 0.007153 42.609662 0.047541 42.657202 0.039181 0.007153 -0.008359 0.007153 0.000748   1   2  -1 
2455810.581550 0.000000 0.000000 42.629952 0.006085 42.609662 0.026589 42.636250 0.020290 0.006085 -0.006298 0.006085 0.000748   1   2  -1 
2455810.581550 0.000000 0.000000 42.629952 0.006085 42.609662 0.026589 42.636250 0.020290 0.006085 -0.006298 0.006085 0.000748   1   2  -1 
2455810.586723 0.000000 0.000000 42.639542 0.006434 42.609662 0.026448 42.636110 0.029880 0.006434 0.003432 0.006434 0.000748   1   2  -1 
2455810.586723 0.000000 0.000000 42.639542 0.006434 42.609662 0.026448 42.636110 0.029880 0.006434 0.003432 0.006434 0.000748   1   2  -1 
2455816.587002 0.000000 0.000000 42.688457 0.007744 42.609662 0.076796 42.686457 0.078795 0.007744 0.002000 0.007744 0.000748   1   2  -1 
2455816.587002 0.000000 0.000000 42.688457 0.007744 42.609662 0.076796 42.686457 0.078795 0.007744 0.002000 0.007744 0.000748   1   2  -1 
2455816.590578 0.000000 0.000000 42.687190 0.007180 42.609662 0.076991 42.686653 0.077528 0.007180 0.000537 0.007180 0.000748   1   2  -1 
2455816.590578 0.000000 0.000000 42.687190 0.007180 42.609662 0.076991 42.686653 0.077528 0.007180 0.000537 0.007180 0.000748   1   2  -1 
2455816.594154 0.000000 0.000000 42.680759 0.007072 42.609662 0.077186 42.686848 0.071097 0.007072 -0.006089 0.007072 0.000748   1   2  -1 
2455816.594154 0.000000 0.000000 42.680759 0.007072 42.609662 0.077186 42.686848 0.071097 0.007072 -0.006089 0.007072 0.000748   1   2  -1 
2455834.622073 0.000000 0.000000 42.680106 0.004658 42.609662 0.070647 42.680309 0.070444 0.004658 -0.000203 0.004658 0.000748   1   2  -1 
2455834.622073 0.000000 0.000000 42.680106 0.004658 42.609662 0.070647 42.680309 0.070444 0.004658 -0.000203 0.004658 0.000748   1   2  -1 
2455834.627593 0.000000 0.000000 42.682339 0.004652 42.609662 0.070661 42.680323 0.072677 0.004652 0.002016 0.004652 0.000748   1   2  -1 
2455834.627593 0.000000 0.000000 42.682339 0.004652 42.609662 0.070661 42.680323 0.072677 0.004652 0.002016 0.004652 0.000748   1   2  -1 
2455836.585712 0.000000 0.000000 42.674249 0.005491 42.609662 0.065722 42.675384 0.064587 0.005491 -0.001135 0.005491 0.000748   1   2  -1 
2455836.585712 0.000000 0.000000 42.674249 0.005491 42.609662 0.065722 42.675384 0.064587 0.005491 -0.001135 0.005491 0.000748   1   2  -1 
2455836.591440 0.000000 0.000000 42.672726 0.005479 42.609662 0.065669 42.675331 0.063064 0.005479 -0.002605 0.005479 0.000748   1   2  -1 
2455836.591440 0.000000 0.000000 42.672726 0.005479 42.609662 0.065669 42.675331 0.063064 0.005479 -0.002605 0.005479 0.000748   1   2  -1 
2455839.585007 0.000000 0.000000 42.618186 0.007343 42.609662 0.012920 42.622582 0.008524 0.007343 -0.004396 0.007343 0.000748   1   2  -1 
2455839.585007 0.000000 0.000000 42.618186 0.007343 42.609662 0.012920 42.622582 0.008524 0.007343 -0.004396 0.007343 0.000748   1   2  -1 
2455839.590794 0.000000 0.000000 42.621079 0.007421 42.609662 0.012813 42.622474 0.011417 0.007421 -0.001395 0.007421 0.000748   1   2  -1 
2455839.590794 0.000000 0.000000 42.621079 0.007421 42.609662 0.012813 42.622474 0.011417 0.007421 -0.001395 0.007421 0.000748   1   2  -1 
2455842.549547 0.000000 0.000000 42.602644 0.008603 42.609662 -0.002241 42.607421 -0.007018 0.008603 -0.004777 0.008603 0.000748   1   2  -1 
2455842.549547 0.000000 0.000000 42.602644 0.008603 42.609662 -0.002241 42.607421 -0.007018 0.008603 -0.004777 0.008603 0.000748   1   2  -1 
2455842.555033 0.000000 0.000000 42.608724 0.007045 42.609662 -0.002202 42.607460 -0.000938 0.007045 0.001264 0.007045 0.000748   1   2  -1 
2455842.555033 0.000000 0.000000 42.608724 0.007045 42.609662 -0.002202 42.607460 -0.000938 0.007045 0.001264 0.007045 0.000748   1   2  -1 
2455845.575633 0.000000 0.000000 42.606501 0.008615 42.609662 0.005444 42.615106 -0.003161 0.008615 -0.008605 0.008615 0.000748   1   2  -1 
2455845.575633 0.000000 0.000000 42.606501 0.008615 42.609662 0.005444 42.615106 -0.003161 0.008615 -0.008605 0.008615 0.000748   1   2  -1 
2455845.581258 0.000000 0.000000 42.618383 0.007442 42.609662 0.005403 42.615065 0.008721 0.007442 0.003318 0.007442 0.000748   1   2  -1 
2455845.581258 0.000000 0.000000 42.618383 0.007442 42.609662 0.005403 42.615065 0.008721 0.007442 0.003318 0.007442 0.000748   1   2  -1 
2455870.498785 0.000000 0.000000 42.675995 0.005895 42.609662 0.069474 42.679136 0.066333 0.005895 -0.003141 0.005895 0.000748   1   2  -1 
2455870.498785 0.000000 0.000000 42.675995 0.005895 42.609662 0.069474 42.679136 0.066333 0.005895 -0.003141 0.005895 0.000748   1   2  -1 
2455870.504422 0.000000 0.000000 42.685524 0.005797 42.609662 0.069698 42.679360 0.075862 0.005797 0.006164 0.005797 0.000748   1   2  -1 
2455870.504422 0.000000 0.000000 42.685524 0.005797 42.609662 0.069698 42.679360 0.075862 0.005797 0.006164 0.005797 0.000748   1   2  -1 
2455874.532217 0.000000 0.000000 42.651657 0.008291 42.609662 0.045478 42.655139 0.041995 0.008291 -0.003482 0.008291 0.000748   1   2  -1 
2455874.532217 0.000000 0.000000 42.651657 0.008291 42.609662 0.045478 42.655139 0.041995 0.008291 -0.003482 0.008291 0.000748   1   2  -1 
2455874.537437 0.000000 0.000000 42.673521 0.011220 42.609662 0.045423 42.655085 0.063859 0.011220 0.018436 0.011220 0.000748   1   2  -1 
2455874.537437 0.000000 0.000000 42.673521 0.011220 42.609662 0.045423 42.655085 0.063859 0.011220 0.018436 0.011220 0.000748   1   2  -1 
2455878.549549 0.000000 0.000000 42.671550 0.010981 42.609662 0.077766 42.687428 0.061888 0.010981 -0.015878 0.010981 0.000748   1   2  -1 
2455878.549549 0.000000 0.000000 42.671550 0.010981 42.609662 0.077766 42.687428 0.061888 0.010981 -0.015878 0.010981 0.000748   1   2  -1 
2455878.554965 0.000000 0.000000 42.703862 0.010662 42.609662 0.077700 42.687362 0.094200 0.010662 0.016500 0.010662 0.000748   1   2  -1 
2455878.554965 0.000000 0.000000 42.703862 0.010662 42.609662 0.077700 42.687362 0.094200 0.010662 0.016500 0.010662 0.000748   1   2  -1 
2456020.892743 0.000000 0.000000 42.629873 0.006459 42.609662 0.017957 42.627618 0.020211 0.006459 0.002255 0.006459 0.000748   1   2  -1 
2456020.892743 0.000000 0.000000 42.629873 0.006459 42.609662 0.017957 42.627618 0.020211 0.006459 0.002255 0.006459 0.000748   1   2  -1 
2456020.898160 0.000000 0.000000 42.624744 0.006305 42.609662 0.018049 42.627710 0.015082 0.006305 -0.002966 0.006305 0.000748   1   2  -1 
2456020.898160 0.000000 0.000000 42.624744 0.006305 42.609662 0.018049 42.627710 0.015082 0.006305 -0.002966 0.006305 0.000748   1   2  -1 
2456022.889397 0.000000 0.000000 42.626724 0.008025 42.609662 0.014794 42.624456 0.017062 0.008025 0.002268 0.008025 0.000748   1   2  -1 
2456022.889397 0.000000 0.000000 42.626724 0.008025 42.609662 0.014794 42.624456 0.017062 0.008025 0.002268 0.008025 0.000748   1   2  -1 
2456022.894884 0.000000 0.000000 42.623106 0.008980 42.609662 0.014735 42.624397 0.013444 0.008980 -0.001291 0.008980 0.000748   1   2  -1 
2456022.894884 0.000000 0.000000 42.623106 0.008980 42.609662 0.014735 42.624397 0.013444 0.008980 -0.001291 0.008980 0.000748   1   2  -1 
2456024.891353 0.000000 0.000000 42.624775 0.006917 42.609662 0.019671 42.629332 0.015113 0.006917 -0.004557 0.006917 0.000748   1   2  -1 
2456024.891353 0.000000 0.000000 42.624775 0.006917 42.609662 0.019671 42.629332 0.015113 0.006917 -0.004557 0.006917 0.000748   1   2  -1 
2456024.897048 0.000000 0.000000 42.630184 0.006568 42.609662 0.019775 42.629437 0.020522 0.006568 0.000747 0.006568 0.000748   1   2  -1 
2456024.897048 0.000000 0.000000 42.630184 0.006568 42.609662 0.019775 42.629437 0.020522 0.006568 0.000747 0.006568 0.000748   1   2  -1 
2456028.922257 0.000000 0.000000 42.630176 0.005572 42.609662 0.021106 42.630768 0.020514 0.005572 -0.000592 0.005572 0.000748   1   2  -1 
2456028.922257 0.000000 0.000000 42.630176 0.005572 42.609662 0.021106 42.630768 0.020514 0.005572 -0.000592 0.005572 0.000748   1   2  -1 
2456029.892891 0.000000 0.000000 42.610904 0.008770 42.609662 0.001623 42.611284 0.001242 0.008770 -0.000380 0.008770 0.000748   1   2  -1 
2456029.892891 0.000000 0.000000 42.610904 0.008770 42.609662 0.001623 42.611284 0.001242 0.008770 -0.000380 0.008770 0.000748   1   2  -1 
2456029.898354 0.000000 0.000000 42.604951 0.008379 42.609662 0.001550 42.611212 -0.004711 0.008379 -0.006261 0.008379 0.000748   1   2  -1 
2456029.898354 0.000000 0.000000 42.604951 0.008379 42.609662 0.001550 42.611212 -0.004711 0.008379 -0.006261 0.008379 0.000748   1   2  -1 
2456031.852968 0.000000 0.000000 42.616597 0.006597 42.609662 0.005363 42.615024 0.006935 0.006597 0.001573 0.006597 0.000748   1   2  -1 
2456031.852968 0.000000 0.000000 42.616597 0.006597 42.609662 0.005363 42.615024 0.006935 0.006597 0.001573 0.006597 0.000748   1   2  -1 
2456052.857065 0.000000 0.000000 42.633226 0.006557 42.609662 0.024226 42.633887 0.023564 0.006557 -0.000661 0.006557 0.000748   1   2  -1 
2456052.857065 0.000000 0.000000 42.633226 0.006557 42.609662 0.024226 42.633887 0.023564 0.006557 -0.000661 0.006557 0.000748   1   2  -1 
2456052.862482 0.000000 0.000000 42.630394 0.006355 42.609662 0.024304 42.633966 0.020732 0.006355 -0.003572 0.006355 0.000748   1   2  -1 
2456052.862482 0.000000 0.000000 42.630394 0.006355 42.609662 0.024304 42.633966 0.020732 0.006355 -0.003572 0.006355 0.000748   1   2  -1 
2456053.851639 0.000000 0.000000 42.653821 0.007059 42.609662 0.036555 42.646216 0.044159 0.007059 0.007605 0.007059 0.000748   1   2  -1 
2456053.851639 0.000000 0.000000 42.653821 0.007059 42.609662 0.036555 42.646216 0.044159 0.007059 0.007605 0.007059 0.000748   1   2  -1 
2456053.857114 0.000000 0.000000 42.652573 0.006686 42.609662 0.036613 42.646274 0.042911 0.006686 0.006299 0.006686 0.000748   1   2  -1 
2456053.857114 0.000000 0.000000 42.652573 0.006686 42.609662 0.036613 42.646274 0.042911 0.006686 0.006299 0.006686 0.000748   1   2  -1 
2456054.839916 0.000000 0.000000 42.645007 0.004301 42.609662 0.044831 42.654493 0.035345 0.004301 -0.009486 0.004301 0.000748   1   2  -1 
2456054.839916 0.000000 0.000000 42.645007 0.004301 42.609662 0.044831 42.654493 0.035345 0.004301 -0.009486 0.004301 0.000748   1   2  -1 
2456055.886865 0.000000 0.000000 42.663559 0.004112 42.609662 0.044992 42.654653 0.053897 0.004112 0.008906 0.004112 0.000748   1   2  -1 
2456055.886865 0.000000 0.000000 42.663559 0.004112 42.609662 0.044992 42.654653 0.053897 0.004112 0.008906 0.004112 0.000748   1   2  -1 
2456056.818146 0.000000 0.000000 42.639756 0.007207 42.609662 0.033555 42.643217 0.030094 0.007207 -0.003461 0.007207 0.000748   1   2  -1 
2456056.818146 0.000000 0.000000 42.639756 0.007207 42.609662 0.033555 42.643217 0.030094 0.007207 -0.003461 0.007207 0.000748   1   2  -1 
2456056.823714 0.000000 0.000000 42.635451 0.006567 42.609662 0.033455 42.643117 0.025789 0.006567 -0.007666 0.006567 0.000748   1   2  -1 
2456056.823714 0.000000 0.000000 42.635451 0.006567 42.609662 0.033455 42.643117 0.025789 0.006567 -0.007666 0.006567 0.000748   1   2  -1 
2456078.843392 0.000000 0.000000 42.604491 0.005225 42.609662 -0.002929 42.606733 -0.005171 0.005225 -0.002242 0.005225 0.000748   1   2  -1 
2456078.843392 0.000000 0.000000 42.604491 0.005225 42.609662 -0.002929 42.606733 -0.005171 0.005225 -0.002242 0.005225 0.000748   1   2  -1 
2456078.849075 0.000000 0.000000 42.605711 0.005107 42.609662 -0.002951 42.606710 -0.003951 0.005107 -0.000999 0.005107 0.000748   1   2  -1 
2456078.849075 0.000000 0.000000 42.605711 0.005107 42.609662 -0.002951 42.606710 -0.003951 0.005107 -0.000999 0.005107 0.000748   1   2  -1 
2456081.832748 0.000000 0.000000 42.591563 0.006423 42.609662 -0.011490 42.598171 -0.018099 0.006423 -0.006608 0.006423 0.000748   1   2  -1 
2456081.832748 0.000000 0.000000 42.591563 0.006423 42.609662 -0.011490 42.598171 -0.018099 0.006423 -0.006608 0.006423 0.000748   1   2  -1 
2456081.838651 0.000000 0.000000 42.598531 0.005224 42.609662 -0.011511 42.598151 -0.011131 0.005224 0.000380 0.005224 0.000748   1   2  -1 
2456081.838651 0.000000 0.000000 42.598531 0.005224 42.609662 -0.011511 42.598151 -0.011131 0.005224 0.000380 0.005224 0.000748   1   2  -1 
2456085.820521 0.000000 0.000000 42.619245 0.007088 42.609662 0.011696 42.621358 0.009583 0.007088 -0.002113 0.007088 0.000748   1   2  -1 
2456085.820521 0.000000 0.000000 42.619245 0.007088 42.609662 0.011696 42.621358 0.009583 0.007088 -0.002113 0.007088 0.000748   1   2  -1 
2456085.826250 0.000000 0.000000 42.620028 0.007406 42.609662 0.011805 42.621467 0.010366 0.007406 -0.001439 0.007406 0.000748   1   2  -1 
2456085.826250 0.000000 0.000000 42.620028 0.007406 42.609662 0.011805 42.621467 0.010366 0.007406 -0.001439 0.007406 0.000748   1   2  -1 
2456088.742747 0.000000 0.000000 42.633419 0.004433 42.609662 0.021888 42.631550 0.023757 0.004433 0.001869 0.004433 0.000748   1   2  -1 
2456088.742747 0.000000 0.000000 42.633419 0.004433 42.609662 0.021888 42.631550 0.023757 0.004433 0.001869 0.004433 0.000748   1   2  -1 
2456092.900369 0.000000 0.000000 42.637508 0.005074 42.609662 0.025917 42.635578 0.027846 0.005074 0.001930 0.005074 0.000748   1   2  -1 
2456092.900369 0.000000 0.000000 42.637508 0.005074 42.609662 0.025917 42.635578 0.027846 0.005074 0.001930 0.005074 0.000748   1   2  -1 
2456115.815540 0.000000 0.000000 42.578729 0.006263 42.609662 -0.030637 42.579025 -0.030933 0.006263 -0.000296 0.006263 0.000748   1   2  -1 
2456115.815540 0.000000 0.000000 42.578729 0.006263 42.609662 -0.030637 42.579025 -0.030933 0.006263 -0.000296 0.006263 0.000748   1   2  -1 
2456118.809984 0.000000 0.000000 42.584098 0.004138 42.609662 -0.024875 42.584787 -0.025564 0.004138 -0.000689 0.004138 0.000748   1   2  -1 
2456118.809984 0.000000 0.000000 42.584098 0.004138 42.609662 -0.024875 42.584787 -0.025564 0.004138 -0.000689 0.004138 0.000748   1   2  -1 
2456121.820367 0.000000 0.000000 42.591470 0.011391 42.609662 -0.015352 42.594309 -0.018192 0.011391 -0.002839 0.011391 0.000748   1   2  -1 
2456121.820367 0.000000 0.000000 42.591470 0.011391 42.609662 -0.015352 42.594309 -0.018192 0.011391 -0.002839 0.011391 0.000748   1   2  -1 
2456149.686124 0.000000 0.000000 42.638810 0.006818 42.609662 0.032686 42.642347 0.029148 0.006818 -0.003537 0.006818 0.000748   1   2  -1 
2456149.686124 0.000000 0.000000 42.638810 0.006818 42.609662 0.032686 42.642347 0.029148 0.006818 -0.003537 0.006818 0.000748   1   2  -1 
2456154.723489 0.000000 0.000000 42.572315 0.006980 42.609662 -0.040681 42.568981 -0.037347 0.006980 0.003334 0.006980 0.000748   1   2  -1 
2456154.723489 0.000000 0.000000 42.572315 0.006980 42.609662 -0.040681 42.568981 -0.037347 0.006980 0.003334 0.006980 0.000748   1   2  -1 
2456154.728442 0.000000 0.000000 42.559678 0.010341 42.609662 -0.040859 42.568802 -0.049984 0.010341 -0.009124 0.010341 0.000748   1   2  -1 
2456154.728442 0.000000 0.000000 42.559678 0.010341 42.609662 -0.040859 42.568802 -0.049984 0.010341 -0.009124 0.010341 0.000748   1   2  -1 
2456166.527551 0.000000 0.000000 42.573583 0.005208 42.609662 -0.036042 42.573619 -0.036079 0.005208 -0.000036 0.005208 0.000748   1   2  -1 
2456166.527551 0.000000 0.000000 42.573583 0.005208 42.609662 -0.036042 42.573619 -0.036079 0.005208 -0.000036 0.005208 0.000748   1   2  -1 
2456168.609469 0.000000 0.000000 42.612504 0.007838 42.609662 0.010614 42.620276 0.002842 0.007838 -0.007772 0.007838 0.000748   1   2  -1 
2456168.609469 0.000000 0.000000 42.612504 0.007838 42.609662 0.010614 42.620276 0.002842 0.007838 -0.007772 0.007838 0.000748   1   2  -1 
2456168.615105 0.000000 0.000000 42.622786 0.006922 42.609662 0.010819 42.620480 0.013124 0.006922 0.002306 0.006922 0.000748   1   2  -1 
2456168.615105 0.000000 0.000000 42.622786 0.006922 42.609662 0.010819 42.620480 0.013124 0.006922 0.002306 0.006922 0.000748   1   2  -1 
2456171.510563 0.000000 0.000000 42.630465 0.004227 42.609662 0.021462 42.631123 0.020803 0.004227 -0.000658 0.004227 0.000748   1   2  -1 
2456171.510563 0.000000 0.000000 42.630465 0.004227 42.609662 0.021462 42.631123 0.020803 0.004227 -0.000658 0.004227 0.000748   1   2  -1 
2456173.694840 0.000000 0.000000 42.622631 0.007020 42.609662 0.009789 42.619451 0.012969 0.007020 0.003180 0.007020 0.000748   1   2  -1 
2456173.694840 0.000000 0.000000 42.622631 0.007020 42.609662 0.009789 42.619451 0.012969 0.007020 0.003180 0.007020 0.000748   1   2  -1 
2456181.612869 0.000000 0.000000 42.627530 0.004917 42.609662 0.017132 42.626794 0.017868 0.004917 0.000736 0.004917 0.000748   1   2  -1 
2456181.612869 0.000000 0.000000 42.627530 0.004917 42.609662 0.017132 42.626794 0.017868 0.004917 0.000736 0.004917 0.000748   1   2  -1 
2456186.623747 0.000000 0.000000 42.594316 0.004343 42.609662 -0.016161 42.593501 -0.015346 0.004343 0.000815 0.004343 0.000748   1   2  -1 
2456186.623747 0.000000 0.000000 42.594316 0.004343 42.609662 -0.016161 42.593501 -0.015346 0.004343 0.000815 0.004343 0.000748   1   2  -1 
2456189.666838 0.000000 0.000000 42.601510 0.013795 42.609662 -0.008357 42.601304 -0.008152 0.013795 0.000206 0.013795 0.000748   1   2  -1 
2456189.666838 0.000000 0.000000 42.601510 0.013795 42.609662 -0.008357 42.601304 -0.008152 0.013795 0.000206 0.013795 0.000748   1   2  -1 
2456190.592865 0.000000 0.000000 42.579721 0.007046 42.609662 -0.022217 42.587444 -0.029941 0.007046 -0.007723 0.007046 0.000748   1   2  -1 
2456190.592865 0.000000 0.000000 42.579721 0.007046 42.609662 -0.022217 42.587444 -0.029941 0.007046 -0.007723 0.007046 0.000748   1   2  -1 
2456190.598548 0.000000 0.000000 42.593684 0.006619 42.609662 -0.022252 42.587409 -0.015978 0.006619 0.006275 0.006619 0.000748   1   2  -1 
2456190.598548 0.000000 0.000000 42.593684 0.006619 42.609662 -0.022252 42.587409 -0.015978 0.006619 0.006275 0.006619 0.000748   1   2  -1 
2456195.586272 0.000000 0.000000 42.592740 0.007357 42.609662 -0.018095 42.591567 -0.016922 0.007357 0.001173 0.007357 0.000748   1   2  -1 
2456195.586272 0.000000 0.000000 42.592740 0.007357 42.609662 -0.018095 42.591567 -0.016922 0.007357 0.001173 0.007357 0.000748   1   2  -1 
2456195.591793 0.000000 0.000000 42.581765 0.007366 42.609662 -0.018365 42.591297 -0.027897 0.007366 -0.009532 0.007366 0.000748   1   2  -1 
2456195.591793 0.000000 0.000000 42.581765 0.007366 42.609662 -0.018365 42.591297 -0.027897 0.007366 -0.009532 0.007366 0.000748   1   2  -1 
2456198.564091 0.000000 0.000000 42.538874 0.009572 42.609662 -0.062805 42.546857 -0.070788 0.009572 -0.007983 0.009572 0.000748   1   2  -1 
2456198.564091 0.000000 0.000000 42.538874 0.009572 42.609662 -0.062805 42.546857 -0.070788 0.009572 -0.007983 0.009572 0.000748   1   2  -1 
2456198.569866 0.000000 0.000000 42.531034 0.010092 42.609662 -0.062641 42.547020 -0.078628 0.010092 -0.015986 0.010092 0.000748   1   2  -1 
2456198.569866 0.000000 0.000000 42.531034 0.010092 42.609662 -0.062641 42.547020 -0.078628 0.010092 -0.015986 0.010092 0.000748   1   2  -1 
2456204.547188 0.000000 0.000000 42.555310 0.006307 42.609662 -0.049185 42.560476 -0.054352 0.006307 -0.005166 0.006307 0.000748   1   2  -1 
2456204.547188 0.000000 0.000000 42.555310 0.006307 42.609662 -0.049185 42.560476 -0.054352 0.006307 -0.005166 0.006307 0.000748   1   2  -1 
2456205.523197 0.000000 0.000000 42.601869 0.003610 42.609662 -0.009139 42.600523 -0.007793 0.003610 0.001346 0.003610 0.000748   1   2  -1 
2456205.523197 0.000000 0.000000 42.601869 0.003610 42.609662 -0.009139 42.600523 -0.007793 0.003610 0.001346 0.003610 0.000748   1   2  -1 
2456208.615737 0.000000 0.000000 42.597299 0.007601 42.609662 -0.007033 42.602628 -0.012363 0.007601 -0.005329 0.007601 0.000748   1   2  -1 
2456208.615737 0.000000 0.000000 42.597299 0.007601 42.609662 -0.007033 42.602628 -0.012363 0.007601 -0.005329 0.007601 0.000748   1   2  -1 
2456209.540800 0.000000 0.000000 42.585634 0.008502 42.609662 -0.025661 42.584000 -0.024028 0.008502 0.001634 0.008502 0.000748   1   2  -1 
2456209.540800 0.000000 0.000000 42.585634 0.008502 42.609662 -0.025661 42.584000 -0.024028 0.008502 0.001634 0.008502 0.000748   1   2  -1 
2456210.532155 0.000000 0.000000 42.587105 0.006973 42.609662 -0.027841 42.581820 -0.022557 0.006973 0.005285 0.006973 0.000748   1   2  -1 
2456210.532155 0.000000 0.000000 42.587105 0.006973 42.609662 -0.027841 42.581820 -0.022557 0.006973 0.005285 0.006973 0.000748   1   2  -1 
2456212.523498 0.000000 0.000000 42.606114 0.003869 42.609662 -0.006149 42.603513 -0.003548 0.003869 0.002601 0.003869 0.000748   1   2  -1 
2456212.523498 0.000000 0.000000 42.606114 0.003869 42.609662 -0.006149 42.603513 -0.003548 0.003869 0.002601 0.003869 0.000748   1   2  -1 
2456217.523649 0.000000 0.000000 42.555876 0.005978 42.609662 -0.058351 42.551311 -0.053786 0.005978 0.004565 0.005978 0.000748   1   2  -1 
2456217.523649 0.000000 0.000000 42.555876 0.005978 42.609662 -0.058351 42.551311 -0.053786 0.005978 0.004565 0.005978 0.000748   1   2  -1 
2456217.529482 0.000000 0.000000 42.563235 0.005837 42.609662 -0.058335 42.551327 -0.046427 0.005837 0.011908 0.005837 0.000748   1   2  -1 
2456217.529482 0.000000 0.000000 42.563235 0.005837 42.609662 -0.058335 42.551327 -0.046427 0.005837 0.011908 0.005837 0.000748   1   2  -1 
2456218.587951 0.000000 0.000000 42.530384 0.006320 42.609662 -0.055877 42.553785 -0.079278 0.006320 -0.023401 0.006320 0.000748   1   2  -1 
2456218.587951 0.000000 0.000000 42.530384 0.006320 42.609662 -0.055877 42.553785 -0.079278 0.006320 -0.023401 0.006320 0.000748   1   2  -1 
2456219.500319 0.000000 0.000000 42.560925 0.003999 42.609662 -0.056192 42.553469 -0.048737 0.003999 0.007456 0.003999 0.000748   1   2  -1 
2456219.500319 0.000000 0.000000 42.560925 0.003999 42.609662 -0.056192 42.553469 -0.048737 0.003999 0.007456 0.003999 0.000748   1   2  -1 
2456220.491327 0.000000 0.000000 42.555732 0.006319 42.609662 -0.056893 42.552769 -0.053930 0.006319 0.002963 0.006319 0.000748   1   2  -1 
2456220.491327 0.000000 0.000000 42.555732 0.006319 42.609662 -0.056893 42.552769 -0.053930 0.006319 0.002963 0.006319 0.000748   1   2  -1 
2456220.514069 0.000000 0.000000 42.551119 0.005169 42.609662 -0.056875 42.552786 -0.058543 0.005169 -0.001667 0.005169 0.000748   1   2  -1 
2456220.514069 0.000000 0.000000 42.551119 0.005169 42.609662 -0.056875 42.552786 -0.058543 0.005169 -0.001667 0.005169 0.000748   1   2  -1 
2456409.867093 0.000000 0.000000 42.504921 0.009962 42.609662 -0.109131 42.500531 -0.104741 0.009962 0.004390 0.009962 0.000748   1   2  -1 
2456409.867093 0.000000 0.000000 42.504921 0.009962 42.609662 -0.109131 42.500531 -0.104741 0.009962 0.004390 0.009962 0.000748   1   2  -1 
2456409.872719 0.000000 0.000000 42.501423 0.009605 42.609662 -0.109874 42.499787 -0.108239 0.009605 0.001636 0.009605 0.000748   1   2  -1 
2456409.872719 0.000000 0.000000 42.501423 0.009605 42.609662 -0.109874 42.499787 -0.108239 0.009605 0.001636 0.009605 0.000748   1   2  -1 
2456410.795661 0.000000 0.000000 42.228742 0.052784 42.609662 -0.202829 42.406833 -0.380920 0.052784 -0.178091 0.052784 0.000748   1   2  -1 
2456410.795661 0.000000 0.000000 42.228742 0.052784 42.609662 -0.202829 42.406833 -0.380920 0.052784 -0.178091 0.052784 0.000748   1   2  -1 
2456410.804261 0.000000 0.000000 42.240527 0.039171 42.609662 -0.203334 42.406328 -0.369135 0.039171 -0.165801 0.039171 0.000748   1   2  -1 
2456410.804261 0.000000 0.000000 42.240527 0.039171 42.609662 -0.203334 42.406328 -0.369135 0.039171 -0.165801 0.039171 0.000748   1   2  -1 
2456416.824768 0.000000 0.000000 42.571677 0.008881 42.609662 -0.037474 42.572188 -0.037985 0.008881 -0.000511 0.008881 0.000748   1   2  -1 
2456416.824768 0.000000 0.000000 42.571677 0.008881 42.609662 -0.037474 42.572188 -0.037985 0.008881 -0.000511 0.008881 0.000748   1   2  -1 
2456416.828565 0.000000 0.000000 42.579292 0.008808 42.609662 -0.037724 42.571937 -0.030370 0.008808 0.007355 0.008808 0.000748   1   2  -1 
2456416.828565 0.000000 0.000000 42.579292 0.008808 42.609662 -0.037724 42.571937 -0.030370 0.008808 0.007355 0.008808 0.000748   1   2  -1 
2456416.832443 0.000000 0.000000 42.563730 0.009147 42.609662 -0.037980 42.571682 -0.045932 0.009147 -0.007952 0.009147 0.000748   1   2  -1 
2456416.832443 0.000000 0.000000 42.563730 0.009147 42.609662 -0.037980 42.571682 -0.045932 0.009147 -0.007952 0.009147 0.000748   1   2  -1 
2456432.884915 0.000000 0.000000 42.635039 0.006358 42.609662 0.023562 42.633223 0.025377 0.006358 0.001816 0.006358 0.000748   1   2  -1 
2456432.884915 0.000000 0.000000 42.635039 0.006358 42.609662 0.023562 42.633223 0.025377 0.006358 0.001816 0.006358 0.000748   1   2  -1 
2456432.890124 0.000000 0.000000 42.632258 0.007274 42.609662 0.023580 42.633241 0.022596 0.007274 -0.000983 0.007274 0.000748   1   2  -1 
2456432.890124 0.000000 0.000000 42.632258 0.007274 42.609662 0.023580 42.633241 0.022596 0.007274 -0.000983 0.007274 0.000748   1   2  -1 
2456433.905268 0.000000 0.000000 42.619879 0.011919 42.609662 0.018684 42.628345 0.010217 0.011919 -0.008466 0.011919 0.000748   1   2  -1 
2456433.905268 0.000000 0.000000 42.619879 0.011919 42.609662 0.018684 42.628345 0.010217 0.011919 -0.008466 0.011919 0.000748   1   2  -1 
2456433.910395 0.000000 0.000000 42.618201 0.012934 42.609662 0.018627 42.628288 0.008539 0.012934 -0.010087 0.012934 0.000748   1   2  -1 
2456433.910395 0.000000 0.000000 42.618201 0.012934 42.609662 0.018627 42.628288 0.008539 0.012934 -0.010087 0.012934 0.000748   1   2  -1 
2456434.892458 0.000000 0.000000 42.623067 0.007823 42.609662 0.006169 42.615831 0.013405 0.007823 0.007236 0.007823 0.000748   1   2  -1 
2456434.892458 0.000000 0.000000 42.623067 0.007823 42.609662 0.006169 42.615831 0.013405 0.007823 0.007236 0.007823 0.000748   1   2  -1 
2456434.898129 0.000000 0.000000 42.624313 0.007566 42.609662 0.006101 42.615762 0.014651 0.007566 0.008551 0.007566 0.000748   1   2  -1 
2456434.898129 0.000000 0.000000 42.624313 0.007566 42.609662 0.006101 42.615762 0.014651 0.007566 0.008551 0.007566 0.000748   1   2  -1 
2456437.889188 0.000000 0.000000 42.594218 0.006467 42.609662 -0.007748 42.601913 -0.015444 0.006467 -0.007695 0.006467 0.000748   1   2  -1 
2456437.889188 0.000000 0.000000 42.594218 0.006467 42.609662 -0.007748 42.601913 -0.015444 0.006467 -0.007695 0.006467 0.000748   1   2  -1 
2456437.894720 0.000000 0.000000 42.611013 0.005936 42.609662 -0.007778 42.601883 0.001351 0.005936 0.009130 0.005936 0.000748   1   2  -1 
2456437.894720 0.000000 0.000000 42.611013 0.005936 42.609662 -0.007778 42.601883 0.001351 0.005936 0.009130 0.005936 0.000748   1   2  -1 
2456438.860772 0.000000 0.000000 42.592966 0.005170 42.609662 -0.016033 42.593628 -0.016696 0.005170 -0.000662 0.005170 0.000748   1   2  -1 
2456438.860772 0.000000 0.000000 42.592966 0.005170 42.609662 -0.016033 42.593628 -0.016696 0.005170 -0.000662 0.005170 0.000748   1   2  -1 
2456441.860316 0.000000 0.000000 42.577927 0.006828 42.609662 -0.034983 42.574678 -0.031735 0.006828 0.003249 0.006828 0.000748   1   2  -1 
2456441.860316 0.000000 0.000000 42.577927 0.006828 42.609662 -0.034983 42.574678 -0.031735 0.006828 0.003249 0.006828 0.000748   1   2  -1 
2456454.832361 0.000000 0.000000 42.567912 0.005722 42.609662 -0.034578 42.575084 -0.041750 0.005722 -0.007172 0.005722 0.000748   1   2  -1 
2456454.832361 0.000000 0.000000 42.567912 0.005722 42.609662 -0.034578 42.575084 -0.041750 0.005722 -0.007172 0.005722 0.000748   1   2  -1 
2456454.837894 0.000000 0.000000 42.582769 0.005742 42.609662 -0.034490 42.575172 -0.026893 0.005742 0.007597 0.005742 0.000748   1   2  -1 
2456454.837894 0.000000 0.000000 42.582769 0.005742 42.609662 -0.034490 42.575172 -0.026893 0.005742 0.007597 0.005742 0.000748   1   2  -1 
2456467.823190 0.000000 0.000000 42.613776 0.010131 42.609662 0.006444 42.616105 0.004114 0.010131 -0.002329 0.010131 0.000748   1   2  -1 
2456467.823190 0.000000 0.000000 42.613776 0.010131 42.609662 0.006444 42.616105 0.004114 0.010131 -0.002329 0.010131 0.000748   1   2  -1 
2456467.826929 0.000000 0.000000 42.606351 0.008983 42.609662 0.006484 42.616146 -0.003311 0.008983 -0.009795 0.008983 0.000748   1   2  -1 
2456467.826929 0.000000 0.000000 42.606351 0.008983 42.609662 0.006484 42.616146 -0.003311 0.008983 -0.009795 0.008983 0.000748   1   2  -1 
2456467.830702 0.000000 0.000000 42.629088 0.009568 42.609662 0.006524 42.616186 0.019426 0.009568 0.012902 0.009568 0.000748   1   2  -1 
2456467.830702 0.000000 0.000000 42.629088 0.009568 42.609662 0.006524 42.616186 0.019426 0.009568 0.012902 0.009568 0.000748   1   2  -1 
2456473.860840 0.000000 0.000000 42.630130 0.008482 42.609662 0.025976 42.635638 0.020468 0.008482 -0.005508 0.008482 0.000748   1   2  -1 
2456473.860840 0.000000 0.000000 42.630130 0.008482 42.609662 0.025976 42.635638 0.020468 0.008482 -0.005508 0.008482 0.000748   1   2  -1 
2456473.864821 0.000000 0.000000 42.654619 0.008205 42.609662 0.026136 42.635797 0.044957 0.008205 0.018822 0.008205 0.000748   1   2  -1 
2456473.864821 0.000000 0.000000 42.654619 0.008205 42.609662 0.026136 42.635797 0.044957 0.008205 0.018822 0.008205 0.000748   1   2  -1 
2456473.868595 0.000000 0.000000 42.621614 0.008866 42.609662 0.026286 42.635947 0.011952 0.008866 -0.014333 0.008866 0.000748   1   2  -1 
2456473.868595 0.000000 0.000000 42.621614 0.008866 42.609662 0.026286 42.635947 0.011952 0.008866 -0.014333 0.008866 0.000748   1   2  -1 
2456480.776552 0.000000 0.000000 42.614321 0.008040 42.609662 0.001958 42.611620 0.004659 0.008040 0.002701 0.008040 0.000748   1   2  -1 
2456480.776552 0.000000 0.000000 42.614321 0.008040 42.609662 0.001958 42.611620 0.004659 0.008040 0.002701 0.008040 0.000748   1   2  -1 
2456480.782281 0.000000 0.000000 42.612593 0.007466 42.609662 0.002027 42.611688 0.002931 0.007466 0.000905 0.007466 0.000748   1   2  -1 
2456480.782281 0.000000 0.000000 42.612593 0.007466 42.609662 0.002027 42.611688 0.002931 0.007466 0.000905 0.007466 0.000748   1   2  -1 
2456481.631506 0.000000 0.000000 42.612326 0.010011 42.609662 -0.000053 42.609609 0.002664 0.010011 0.002717 0.010011 0.000748   1   2  -1 
2456481.631506 0.000000 0.000000 42.612326 0.010011 42.609662 -0.000053 42.609609 0.002664 0.010011 0.002717 0.010011 0.000748   1   2  -1 
2456481.637189 0.000000 0.000000 42.613472 0.010161 42.609662 -0.000140 42.609521 0.003810 0.010161 0.003951 0.010161 0.000748   1   2  -1 
2456481.637189 0.000000 0.000000 42.613472 0.010161 42.609662 -0.000140 42.609521 0.003810 0.010161 0.003951 0.010161 0.000748   1   2  -1 
2456501.599929 0.000000 0.000000 42.588201 0.005096 42.609662 -0.021803 42.587859 -0.021461 0.005096 0.000342 0.005096 0.000748   1   2  -1 
2456501.599929 0.000000 0.000000 42.588201 0.005096 42.609662 -0.021803 42.587859 -0.021461 0.005096 0.000342 0.005096 0.000748   1   2  -1 
2456523.744316 0.000000 0.000000 42.602212 0.004579 42.609662 -0.007597 42.602064 -0.007450 0.004579 0.000148 0.004579 0.000748   1   2  -1 
2456523.744316 0.000000 0.000000 42.602212 0.004579 42.609662 -0.007597 42.602064 -0.007450 0.004579 0.000148 0.004579 0.000748   1   2  -1 
2456524.691276 0.000000 0.000000 42.630710 0.005673 42.609662 0.014934 42.624596 0.021048 0.005673 0.006114 0.005673 0.000748   1   2  -1 
2456524.691276 0.000000 0.000000 42.630710 0.005673 42.609662 0.014934 42.624596 0.021048 0.005673 0.006114 0.005673 0.000748   1   2  -1 
2456524.696693 0.000000 0.000000 42.616798 0.005783 42.609662 0.014994 42.624656 0.007136 0.005783 -0.007858 0.005783 0.000748   1   2  -1 
2456524.696693 0.000000 0.000000 42.616798 0.005783 42.609662 0.014994 42.624656 0.007136 0.005783 -0.007858 0.005783 0.000748   1   2  -1 
2456525.743740 0.000000 0.000000 42.620564 0.005145 42.609662 0.010301 42.619963 0.010902 0.005145 0.000601 0.005145 0.000748   1   2  -1 
2456525.743740 0.000000 0.000000 42.620564 0.005145 42.609662 0.010301 42.619963 0.010902 0.005145 0.000601 0.005145 0.000748   1   2  -1 
2456569.534062 0.000000 0.000000 42.607698 0.008689 42.609662 -0.003072 42.606589 -0.001964 0.008689 0.001109 0.008689 0.000748   1   2  -1 
2456569.534062 0.000000 0.000000 42.607698 0.008689 42.609662 -0.003072 42.606589 -0.001964 0.008689 0.001109 0.008689 0.000748   1   2  -1 
2456585.564665 0.000000 0.000000 42.624518 0.006904 42.609662 0.020740 42.630402 0.014856 0.006904 -0.005884 0.006904 0.000748   1   2  -1 
2456585.564665 0.000000 0.000000 42.624518 0.006904 42.609662 0.020740 42.630402 0.014856 0.006904 -0.005884 0.006904 0.000748   1   2  -1 
2456585.568473 0.000000 0.000000 42.634146 0.006687 42.609662 0.020788 42.630449 0.024484 0.006687 0.003697 0.006687 0.000748   1   2  -1 
2456585.568473 0.000000 0.000000 42.634146 0.006687 42.609662 0.020788 42.630449 0.024484 0.006687 0.003697 0.006687 0.000748   1   2  -1 
2456585.572350 0.000000 0.000000 42.633798 0.006827 42.609662 0.020836 42.630497 0.024136 0.006827 0.003301 0.006827 0.000748   1   2  -1 
2456585.572350 0.000000 0.000000 42.633798 0.006827 42.609662 0.020836 42.630497 0.024136 0.006827 0.003301 0.006827 0.000748   1   2  -1 
2456586.547688 0.000000 0.000000 42.630664 0.007492 42.609662 0.022501 42.632163 0.021002 0.007492 -0.001499 0.007492 0.000748   1   2  -1 
2456586.547688 0.000000 0.000000 42.630664 0.007492 42.609662 0.022501 42.632163 0.021002 0.007492 -0.001499 0.007492 0.000748   1   2  -1 
2456586.551530 0.000000 0.000000 42.635725 0.008012 42.609662 0.022473 42.632134 0.026063 0.008012 0.003591 0.008012 0.000748   1   2  -1 
2456586.551530 0.000000 0.000000 42.635725 0.008012 42.609662 0.022473 42.632134 0.026063 0.008012 0.003591 0.008012 0.000748   1   2  -1 
2456586.555442 0.000000 0.000000 42.638075 0.008313 42.609662 0.022443 42.632105 0.028413 0.008313 0.005970 0.008313 0.000748   1   2  -1 
2456586.555442 0.000000 0.000000 42.638075 0.008313 42.609662 0.022443 42.632105 0.028413 0.008313 0.005970 0.008313 0.000748   1   2  -1 
2456590.510961 0.000000 0.000000 42.643093 0.011034 42.609662 0.043150 42.652812 0.033431 0.011034 -0.009719 0.011034 0.000748   1   2  -1 
2456590.510961 0.000000 0.000000 42.643093 0.011034 42.609662 0.043150 42.652812 0.033431 0.011034 -0.009719 0.011034 0.000748   1   2  -1 
2456590.514943 0.000000 0.000000 42.655811 0.012286 42.609662 0.043240 42.652901 0.046149 0.012286 0.002910 0.012286 0.000748   1   2  -1 
2456590.514943 0.000000 0.000000 42.655811 0.012286 42.609662 0.043240 42.652901 0.046149 0.012286 0.002910 0.012286 0.000748   1   2  -1 
2456590.518611 0.000000 0.000000 42.663085 0.010390 42.609662 0.043322 42.652983 0.053423 0.010390 0.010102 0.010390 0.000748   1   2  -1 
2456590.518611 0.000000 0.000000 42.663085 0.010390 42.609662 0.043322 42.652983 0.053423 0.010390 0.010102 0.010390 0.000748   1   2  -1 
2456765.917789 0.000000 0.000000 42.624784 0.005746 42.609662 0.013811 42.623473 0.015122 0.005746 0.001311 0.005746 0.000748   1   2  -1 
2456765.917789 0.000000 0.000000 42.624784 0.005746 42.609662 0.013811 42.623473 0.015122 0.005746 0.001311 0.005746 0.000748   1   2  -1 
2456765.923021 0.000000 0.000000 42.622872 0.005799 42.609662 0.013743 42.623404 0.013210 0.005799 -0.000532 0.005799 0.000748   1   2  -1 
2456765.923021 0.000000 0.000000 42.622872 0.005799 42.609662 0.013743 42.623404 0.013210 0.005799 -0.000532 0.005799 0.000748   1   2  -1 
2456789.854143 0.000000 0.000000 42.610975 0.006318 42.609662 -0.000463 42.609199 0.001313 0.006318 0.001776 0.006318 0.000748   1   2  -1 
2456789.854143 0.000000 0.000000 42.610975 0.006318 42.609662 -0.000463 42.609199 0.001313 0.006318 0.001776 0.006318 0.000748   1   2  -1 
2456789.859722 0.000000 0.000000 42.606341 0.006537 42.609662 -0.000543 42.609119 -0.003321 0.006537 -0.002778 0.006537 0.000748   1   2  -1 
2456789.859722 0.000000 0.000000 42.606341 0.006537 42.609662 -0.000543 42.609119 -0.003321 0.006537 -0.002778 0.006537 0.000748   1   2  -1 
2456806.890179 0.000000 0.000000 42.599022 0.006847 42.609662 -0.009655 42.600006 -0.010640 0.006847 -0.000984 0.006847 0.000748   1   2  -1 
2456806.890179 0.000000 0.000000 42.599022 0.006847 42.609662 -0.009655 42.600006 -0.010640 0.006847 -0.000984 0.006847 0.000748   1   2  -1 
2456829.893363 0.000000 0.000000 42.649506 0.004395 42.609662 0.039798 42.649460 0.039844 0.004395 0.000046 0.004395 0.000748   1   2  -1 
2456829.893363 0.000000 0.000000 42.649506 0.004395 42.609662 0.039798 42.649460 0.039844 0.004395 0.000046 0.004395 0.000748   1   2  -1 
2456857.748704 0.000000 0.000000 42.610979 0.007398 42.609662 0.000736 42.610397 0.001317 0.007398 0.000582 0.007398 0.000748   1   2  -1 
2456857.748704 0.000000 0.000000 42.610979 0.007398 42.609662 0.000736 42.610397 0.001317 0.007398 0.000582 0.007398 0.000748   1   2  -1 
2456857.754433 0.000000 0.000000 42.609155 0.007229 42.609662 0.000770 42.610431 -0.000507 0.007229 -0.001276 0.007229 0.000748   1   2  -1 
2456857.754433 0.000000 0.000000 42.609155 0.007229 42.609662 0.000770 42.610431 -0.000507 0.007229 -0.001276 0.007229 0.000748   1   2  -1 
2456866.784629 0.000000 0.000000 42.651260 0.006010 42.609662 0.042310 42.651972 0.041598 0.006010 -0.000712 0.006010 0.000748   1   2  -1 
2456866.784629 0.000000 0.000000 42.651260 0.006010 42.609662 0.042310 42.651972 0.041598 0.006010 -0.000712 0.006010 0.000748   1   2  -1 
2456896.727940 0.000000 0.000000 42.620431 0.008502 42.609662 0.009020 42.618681 0.010769 0.008502 0.001750 0.008502 0.000748   1   2  -1 
2456896.727940 0.000000 0.000000 42.620431 0.008502 42.609662 0.009020 42.618681 0.010769 0.008502 0.001750 0.008502 0.000748   1   2  -1 
2456896.733287 0.000000 0.000000 42.621539 0.010507 42.609662 0.008849 42.618510 0.011877 0.010507 0.003029 0.010507 0.000748   1   2  -1 
2456896.733287 0.000000 0.000000 42.621539 0.010507 42.609662 0.008849 42.618510 0.011877 0.010507 0.003029 0.010507 0.000748   1   2  -1 
2457146.919889 0.000000 0.000000 42.616997 0.004393 42.609662 0.006567 42.616229 0.007335 0.004393 0.000768 0.004393 0.000748   1   2  -1 
2457146.919889 0.000000 0.000000 42.616997 0.004393 42.609662 0.006567 42.616229 0.007335 0.004393 0.000768 0.004393 0.000748   1   2  -1 
2457176.844500 0.000000 0.000000 42.529617 0.003893 42.510980 0.018440 42.529420 0.018637 0.003893 0.000197 0.003893 0.000748   1   3  -1 
2457176.844500 0.000000 0.000000 42.529617 0.003893 42.510980 0.018440 42.529420 0.018637 0.003893 0.000197 0.003893 0.000748   1   3  -1 
2457180.950532 0.000000 0.000000 42.516588 0.004934 42.510980 -0.005252 42.505728 0.005608 0.004934 0.010860 0.004934 0.000748   1   3  -1 
2457180.950532 0.000000 0.000000 42.516588 0.004934 42.510980 -0.005252 42.505728 0.005608 0.004934 0.010860 0.004934 0.000748   1   3  -1 
2457180.956053 0.000000 0.000000 42.493844 0.005182 42.510980 -0.005177 42.505803 -0.017136 0.005182 -0.011959 0.005182 0.000748   1   3  -1 
2457180.956053 0.000000 0.000000 42.493844 0.005182 42.510980 -0.005177 42.505803 -0.017136 0.005182 -0.011959 0.005182 0.000748   1   3  -1 
2457257.708144 0.000000 0.000000 42.460745 0.007722 42.510980 -0.048951 42.462029 -0.050235 0.007722 -0.001284 0.007722 0.000748   1   3  -1 
2457257.708144 0.000000 0.000000 42.460745 0.007722 42.510980 -0.048951 42.462029 -0.050235 0.007722 -0.001284 0.007722 0.000748   1   3  -1 
2457257.713815 0.000000 0.000000 42.467114 0.008324 42.510980 -0.049084 42.461896 -0.043866 0.008324 0.005218 0.008324 0.000748   1   3  -1 
2457257.713815 0.000000 0.000000 42.467114 0.008324 42.510980 -0.049084 42.461896 -0.043866 0.008324 0.005218 0.008324 0.000748   1   3  -1 
2457307.523708 0.000000 0.000000 42.510484 0.004593 42.510980 -0.000751 42.510229 -0.000496 0.004593 0.000255 0.004593 0.000748   1   3  -1 
2457307.523708 0.000000 0.000000 42.510484 0.004593 42.510980 -0.000751 42.510229 -0.000496 0.004593 0.000255 0.004593 0.000748   1   3  -1 
2457307.529113 0.000000 0.000000 42.509373 0.004773 42.510980 -0.000901 42.510079 -0.001607 0.004773 -0.000706 0.004773 0.000748   1   3  -1 
2457307.529113 0.000000 0.000000 42.509373 0.004773 42.510980 -0.000901 42.510079 -0.001607 0.004773 -0.000706 0.004773 0.000748   1   3  -1 
2457675.588735 0.000000 0.000000 42.451033 0.004303 42.510980 -0.059821 42.451159 -0.059947 0.004303 -0.000126 0.004303 0.000748   1   3  -1 
2457675.588735 0.000000 0.000000 42.451033 0.004303 42.510980 -0.059821 42.451159 -0.059947 0.004303 -0.000126 0.004303 0.000748   1   3  -1 
2457879.840329 0.000000 0.000000 42.485788 0.006784 42.510980 -0.024564 42.486416 -0.025192 0.006784 -0.000628 0.006784 0.000748   1   3  -1 
2457879.840329 0.000000 0.000000 42.485788 0.006784 42.510980 -0.024564 42.486416 -0.025192 0.006784 -0.000628 0.006784 0.000748   1   3  -1 
2457943.770578 0.000000 0.000000 42.465247 0.003664 42.510980 -0.045856 42.465124 -0.045733 0.003664 0.000123 0.003664 0.000748   1   3  -1 
2457943.770578 0.000000 0.000000 42.465247 0.003664 42.510980 -0.045856 42.465124 -0.045733 0.003664 0.000123 0.003664 0.000748   1   3  -1 
2457968.637355 0.000000 0.000000 42.450022 0.006181 42.510980 -0.059390 42.451590 -0.060958 0.006181 -0.001568 0.006181 0.000748   1   3  -1 
2457968.637355 0.000000 0.000000 42.450022 0.006181 42.510980 -0.059390 42.451590 -0.060958 0.006181 -0.001568 0.006181 0.000748   1   3  -1 
2460042.883932 0.000000 0.000000 53.561911 0.001568 53.586624 -0.025152 53.561472 -0.024713 0.001568 0.000439 0.001568 0.031402   0   1  -1 
2460042.889532 0.000000 0.000000 53.560403 0.001595 53.586624 -0.024999 53.561625 -0.026221 0.001595 -0.001222 0.001595 0.031402   0   1  -1 
2460043.870973 0.000000 0.000000 53.585025 0.001870 53.586624 -0.002262 53.584363 -0.001599 0.001870 0.000662 0.001870 0.031402   0   1  -1 
2460043.876677 0.000000 0.000000 53.583951 0.001740 53.586624 -0.002159 53.584465 -0.002673 0.001740 -0.000514 0.001740 0.031402   0   1  -1 
2460044.793251 0.000000 0.000000 53.574231 0.001921 53.586624 0.009078 53.595702 -0.012393 0.001921 -0.021471 0.001921 0.031402   0   1  -1 
2460044.798982 0.000000 0.000000 53.574786 0.001910 53.586624 0.009116 53.595740 -0.011838 0.001910 -0.020954 0.001910 0.031402   0   1  -1 
2460045.773704 0.000000 0.000000 53.693215 0.004268 53.586624 0.011060 53.597684 0.106591 0.004268 0.095531 0.004268 0.031402   0   1  -1 
2460045.779649 0.000000 0.000000 53.636608 0.002882 53.586624 0.011050 53.597674 0.049984 0.002882 0.038934 0.002882 0.031402   0   1  -1 
2460046.786658 0.000000 0.000000 53.569088 0.001749 53.586624 0.007836 53.594460 -0.017536 0.001749 -0.025372 0.001749 0.031402   0   1  -1 
2460046.792204 0.000000 0.000000 53.558558 0.001622 53.586624 0.007817 53.594441 -0.028066 0.001622 -0.035883 0.001622 0.031402   0   1  -1 
2460047.789500 0.000000 0.000000 53.576881 0.001743 53.586624 0.005850 53.592474 -0.009743 0.001743 -0.015593 0.001743 0.031402   0   1  -1 
2460047.795047 0.000000 0.000000 53.576647 0.001680 53.586624 0.005851 53.592475 -0.009977 0.001680 -0.015828 0.001680 0.031402   0   1  -1 
2460048.783364 0.000000 0.000000 53.613468 0.002096 53.586624 0.008673 53.595297 0.026844 0.002096 0.018171 0.002096 0.031402   0   1  -1 
2460048.789012 0.000000 0.000000 53.608874 0.001954 53.586624 0.008704 53.595329 0.022250 0.001954 0.013545 0.001954 0.031402   0   1  -1 
2460049.801102 0.000000 0.000000 53.603422 0.001810 53.586624 0.016506 53.603131 0.016798 0.001810 0.000291 0.001810 0.031402   0   1  -1 
2460049.806533 0.000000 0.000000 53.611610 0.001919 53.586624 0.016557 53.603182 0.024986 0.001919 0.008428 0.001919 0.031402   0   1  -1 
2460050.776767 0.000000 0.000000 53.612363 0.001787 53.586624 0.026241 53.612865 0.025739 0.001787 -0.000502 0.001787 0.031402   0   1  -1 
2460050.782471 0.000000 0.000000 53.609421 0.001717 53.586624 0.026297 53.612921 0.022797 0.001717 -0.003500 0.001717 0.031402   0   1  -1 
2460068.823617 0.000000 0.000000 53.549841 0.002026 53.586624 -0.019951 53.566674 -0.036783 0.002026 -0.016833 0.002026 0.031402   0   1  -1 
2460068.829253 0.000000 0.000000 53.589686 0.002553 53.586624 -0.020090 53.566535 0.003062 0.002553 0.023151 0.002553 0.031402   0   1  -1 
2460073.775251 0.000000 0.000000 53.637606 0.002211 53.586624 0.040373 53.626998 0.050982 0.002211 0.010608 0.002211 0.031402   0   1  -1 
2460073.780774 0.000000 0.000000 53.628078 0.002018 53.586624 0.040547 53.627172 0.041454 0.002018 0.000906 0.002018 0.031402   0   1  -1 
2460076.728213 0.000000 0.000000 53.634719 0.002051 53.586624 0.066002 53.652626 0.048095 0.002051 -0.017907 0.002051 0.031402   0   1  -1 
2460076.733797 0.000000 0.000000 53.631871 0.001962 53.586624 0.065983 53.652607 0.045247 0.001962 -0.020736 0.001962 0.031402   0   1  -1 
2460077.755001 0.000000 0.000000 53.666491 0.002532 53.586624 0.061431 53.648056 0.079867 0.002532 0.018435 0.002532 0.031402   0   1  -1 
2460077.760768 0.000000 0.000000 53.661884 0.002439 53.586624 0.061395 53.648020 0.075260 0.002439 0.013864 0.002439 0.031402   0   1  -1 
2460078.818364 0.000000 0.000000 53.599494 0.001909 53.586624 0.050376 53.637000 0.012870 0.001909 -0.037506 0.001909 0.031402   0   1  -1 
2460078.823976 0.000000 0.000000 53.601630 0.001872 53.586624 0.050289 53.636914 0.015006 0.001872 -0.035284 0.001872 0.031402   0   1  -1 
2460079.846559 0.000000 0.000000 53.588245 0.001824 53.586624 0.029816 53.616440 0.001621 0.001824 -0.028195 0.001824 0.031402   0   1  -1 
2460079.852048 0.000000 0.000000 53.589341 0.001848 53.586624 0.029689 53.616313 0.002717 0.001848 -0.026972 0.001848 0.031402   0   1  -1 
2460080.730235 0.000000 0.000000 53.589189 0.001968 53.586624 0.010569 53.597193 0.002565 0.001968 -0.008004 0.001968 0.031402   0   1  -1 
2460080.735864 0.000000 0.000000 53.580294 0.001816 53.586624 0.010468 53.597092 -0.006330 0.001816 -0.016798 0.001816 0.031402   0   1  -1 
2460082.755256 0.000000 0.000000 53.615354 0.002319 53.586624 0.021655 53.608279 0.028730 0.002319 0.007075 0.002319 0.031402   0   1  -1 
2460082.760842 0.000000 0.000000 53.600497 0.002096 53.586624 0.021825 53.608450 0.013873 0.002096 -0.007953 0.002096 0.031402   0   1  -1 
2460085.681985 0.000000 0.000000 53.662842 0.002929 53.586624 0.053351 53.639976 0.076218 0.002929 0.022866 0.002929 0.031402   0   1  -1 
2460085.687655 0.000000 0.000000 53.667495 0.003080 53.586624 0.053083 53.639708 0.080871 0.003080 0.027787 0.003080 0.031402   0   1  -1 
2460086.748603 0.000000 0.000000 53.526570 0.001558 53.586624 -0.019110 53.567514 -0.060054 0.001558 -0.040944 0.001558 0.031402   0   1  -1 
2460086.754324 0.000000 0.000000 53.540113 0.001681 53.586624 -0.019578 53.567047 -0.046511 0.001681 -0.026934 0.001681 0.031402   0   1  -1 
2460199.601214 0.000000 0.000000 53.708158 0.003157 53.586624 0.103396 53.690021 0.121534 0.003157 0.018137 0.003157 0.031402   0   1  -1 
2460199.607025 0.000000 0.000000 53.703656 0.003093 53.586624 0.103333 53.689958 0.117032 0.003093 0.013698 0.003093 0.031402   0   1  -1 
2460201.515076 0.000000 0.000000 53.652461 0.002208 53.586624 0.065167 53.651792 0.065837 0.002208 0.000669 0.002208 0.031402   0   1  -1 
2460201.520627 0.000000 0.000000 53.659879 0.002383 53.586624 0.065068 53.651692 0.073255 0.002383 0.008187 0.002383 0.031402   0   1  -1 
2460202.533617 0.000000 0.000000 53.628035 0.001883 53.586624 0.053041 53.639666 0.041411 0.001883 -0.011631 0.001883 0.031402   0   1  -1 
2460202.539273 0.000000 0.000000 53.623631 0.001784 53.586624 0.053007 53.639631 0.037007 0.001784 -0.016000 0.001784 0.031402   0   1  -1 
2460203.571018 0.000000 0.000000 53.685663 0.002733 53.586624 0.050166 53.636790 0.099039 0.002733 0.048873 0.002733 0.031402   0   1  -1 
2460203.577196 0.000000 0.000000 53.698088 0.002920 53.586624 0.050159 53.636783 0.111464 0.002920 0.061305 0.002920 0.031402   0   1  -1 
2460204.530857 0.000000 0.000000 53.603639 0.001593 53.586624 0.047982 53.634607 0.017015 0.001593 -0.030968 0.001593 0.031402   0   1  -1 
2460204.536387 0.000000 0.000000 53.620848 0.001687 53.586624 0.047960 53.634584 0.034224 0.001687 -0.013736 0.001687 0.031402   0   1  -1 
2460205.516019 0.000000 0.000000 53.628740 0.001976 53.586624 0.042461 53.629086 0.042116 0.001976 -0.000346 0.001976 0.031402   0   1  -1 
2460205.521490 0.000000 0.000000 53.614308 0.001751 53.586624 0.042428 53.629052 0.027684 0.001751 -0.014744 0.001751 0.031402   0   1  -1 
2460206.534104 0.000000 0.000000 53.633698 0.001999 53.586624 0.038669 53.625293 0.047074 0.001999 0.008405 0.001999 0.031402   0   1  -1 
2460206.539634 0.000000 0.000000 53.618248 0.001827 53.586624 0.038671 53.625295 0.031624 0.001827 -0.007047 0.001827 0.031402   0   1  -1 
2460208.612713 0.000000 0.000000 53.600513 0.001925 53.586624 0.059303 53.645927 0.013889 0.001925 -0.045414 0.001925 0.031402   0   1  -1 
2460208.618030 0.000000 0.000000 53.605634 0.001984 53.586624 0.059374 53.645998 0.019010 0.001984 -0.040364 0.001984 0.031402   0   1  -1 
2460209.504007 0.000000 0.000000 53.713171 0.004012 53.586624 0.066473 53.653097 0.126547 0.004012 0.060074 0.004012 0.031402   0   1  -1 
2460209.509978 0.000000 0.000000 53.689795 0.003573 53.586624 0.066474 53.653099 0.103171 0.003573 0.036696 0.003573 0.031402   0   1  -1 
2460210.587394 0.000000 0.000000 53.609130 0.002227 53.586624 0.052023 53.638647 0.022506 0.002227 -0.029517 0.002227 0.031402   0   1  -1 
2460210.593026 0.000000 0.000000 53.623658 0.002390 53.586624 0.051866 53.638490 0.037034 0.002390 -0.014832 0.002390 0.031402   0   1  -1 
2460211.516295 0.000000 0.000000 53.633760 0.003079 53.586624 0.016427 53.603051 0.047136 0.003079 0.030709 0.003079 0.031402   0   1  -1 
2460211.522268 0.000000 0.000000 53.609746 0.002476 53.586624 0.016148 53.602772 0.023122 0.002476 0.006974 0.002476 0.031402   0   1  -1 
