# time Tc_folded Tref_folded value value_err offset model full_model val_compare val_compare_err residuals residuals_err jitter jitter_flag offset_flag subset_flag 
2455480.529186 0.000000 0.000000 6736.979894 0.971355 6749.119784 -7.974995 6741.144789 -12.139890 0.971355 -4.164895 0.971355 1.945240   1   2  -1 
2455480.529186 0.000000 0.000000 6736.979894 0.971355 6749.119784 -7.974995 6741.144789 -12.139890 0.971355 -4.164895 0.971355 1.945240   1   2  -1 
2455480.532970 0.000000 0.000000 6736.094407 0.880169 6749.119784 -7.968511 6741.151273 -13.025377 0.880169 -5.056866 0.880169 1.945240   1   2  -1 
2455480.532970 0.000000 0.000000 6736.094407 0.880169 6749.119784 -7.968511 6741.151273 -13.025377 0.880169 -5.056866 0.880169 1.945240   1   2  -1 
2455480.536778 0.000000 0.000000 6734.204715 0.930093 6749.119784 -7.962003 6741.157781 -14.915069 0.930093 -6.953066 0.930093 1.945240   1   2  -1 
2455480.536778 0.000000 0.000000 6734.204715 0.930093 6749.119784 -7.962003 6741.157781 -14.915069 0.930093 -6.953066 0.930093 1.945240   1   2  -1 
2455482.554786 0.000000 0.000000 6741.458054 0.707811 6749.119784 -6.402172 6742.717612 -7.661730 0.707811 -1.259558 0.707811 1.945240   1   2  -1 
2455482.554786 0.000000 0.000000 6741.458054 0.707811 6749.119784 -6.402172 6742.717612 -7.661730 0.707811 -1.259558 0.707811 1.945240   1   2  -1 
2455484.542056 0.000000 0.000000 6740.946449 1.028638 6749.119784 -4.992634 6744.127150 -8.173335 1.028638 -3.180701 1.028638 1.945240   1   2  -1 
2455484.542056 0.000000 0.000000 6740.946449 1.028638 6749.119784 -4.992634 6744.127150 -8.173335 1.028638 -3.180701 1.028638 1.945240   1   2  -1 
2455484.545828 0.000000 0.000000 6742.814201 1.065413 6749.119784 -4.988919 6744.130865 -6.305583 1.065413 -1.316664 1.065413 1.945240   1   2  -1 
2455484.545828 0.000000 0.000000 6742.814201 1.065413 6749.119784 -4.988919 6744.130865 -6.305583 1.065413 -1.316664 1.065413 1.945240   1   2  -1 
2455484.549671 0.000000 0.000000 6740.893501 1.016694 6749.119784 -4.985135 6744.134649 -8.226283 1.016694 -3.241148 1.016694 1.945240   1   2  -1 
2455484.549671 0.000000 0.000000 6740.893501 1.016694 6749.119784 -4.985135 6744.134649 -8.226283 1.016694 -3.241148 1.016694 1.945240   1   2  -1 
2455485.527184 0.000000 0.000000 6742.415408 0.864068 6749.119784 -4.199636 6744.920148 -6.704376 0.864068 -2.504740 0.864068 1.945240   1   2  -1 
2455485.527184 0.000000 0.000000 6742.415408 0.864068 6749.119784 -4.199636 6744.920148 -6.704376 0.864068 -2.504740 0.864068 1.945240   1   2  -1 
2455485.532971 0.000000 0.000000 6742.960770 0.891412 6749.119784 -4.196807 6744.922977 -6.159014 0.891412 -1.962207 0.891412 1.945240   1   2  -1 
2455485.532971 0.000000 0.000000 6742.960770 0.891412 6749.119784 -4.196807 6744.922977 -6.159014 0.891412 -1.962207 0.891412 1.945240   1   2  -1 
2455487.543214 0.000000 0.000000 6741.874138 0.808873 6749.119784 -5.204832 6743.914952 -7.245646 0.808873 -2.040814 0.808873 1.945240   1   2  -1 
2455487.543214 0.000000 0.000000 6741.874138 0.808873 6749.119784 -5.204832 6743.914952 -7.245646 0.808873 -2.040814 0.808873 1.945240   1   2  -1 
2455487.548897 0.000000 0.000000 6742.782044 0.803534 6749.119784 -5.212032 6743.907752 -6.337740 0.803534 -1.125708 0.803534 1.945240   1   2  -1 
2455487.548897 0.000000 0.000000 6742.782044 0.803534 6749.119784 -5.212032 6743.907752 -6.337740 0.803534 -1.125708 0.803534 1.945240   1   2  -1 
2455493.544252 0.000000 0.000000 6743.144504 0.793201 6749.119784 -4.435752 6744.684032 -5.975280 0.793201 -1.539528 0.793201 1.945240   1   2  -1 
2455493.544252 0.000000 0.000000 6743.144504 0.793201 6749.119784 -4.435752 6744.684032 -5.975280 0.793201 -1.539528 0.793201 1.945240   1   2  -1 
2455493.550478 0.000000 0.000000 6741.566527 0.810440 6749.119784 -4.438133 6744.681650 -7.553257 0.810440 -3.115123 0.810440 1.945240   1   2  -1 
2455493.550478 0.000000 0.000000 6741.566527 0.810440 6749.119784 -4.438133 6744.681650 -7.553257 0.810440 -3.115123 0.810440 1.945240   1   2  -1 
2455495.535877 0.000000 0.000000 6741.987547 0.802492 6749.119784 -5.514416 6743.605368 -7.132237 0.802492 -1.617821 0.802492 1.945240   1   2  -1 
2455495.535877 0.000000 0.000000 6741.987547 0.802492 6749.119784 -5.514416 6743.605368 -7.132237 0.802492 -1.617821 0.802492 1.945240   1   2  -1 
2455495.541664 0.000000 0.000000 6742.530962 0.850836 6749.119784 -5.516779 6743.603005 -6.588822 0.850836 -1.072043 0.850836 1.945240   1   2  -1 
2455495.541664 0.000000 0.000000 6742.530962 0.850836 6749.119784 -5.516779 6743.603005 -6.588822 0.850836 -1.072043 0.850836 1.945240   1   2  -1 
2455498.517820 0.000000 0.000000 6743.241742 1.327692 6749.119784 -7.239953 6741.879831 -5.878042 1.327692 1.361911 1.327692 1.945240   1   2  -1 
2455498.517820 0.000000 0.000000 6743.241742 1.327692 6749.119784 -7.239953 6741.879831 -5.878042 1.327692 1.361911 1.327692 1.945240   1   2  -1 
2455498.523445 0.000000 0.000000 6742.436859 1.200196 6749.119784 -7.247083 6741.872701 -6.682925 1.200196 0.564158 1.200196 1.945240   1   2  -1 
2455498.523445 0.000000 0.000000 6742.436859 1.200196 6749.119784 -7.247083 6741.872701 -6.682925 1.200196 0.564158 1.200196 1.945240   1   2  -1 
2455500.544007 0.000000 0.000000 6740.389314 0.683673 6749.119784 -10.077482 6739.042302 -8.730470 0.683673 1.347012 0.683673 1.945240   1   2  -1 
2455500.544007 0.000000 0.000000 6740.389314 0.683673 6749.119784 -10.077482 6739.042302 -8.730470 0.683673 1.347012 0.683673 1.945240   1   2  -1 
2455500.549389 0.000000 0.000000 6739.327197 0.744348 6749.119784 -10.083358 6739.036426 -9.792587 0.744348 0.290771 0.744348 1.945240   1   2  -1 
2455500.549389 0.000000 0.000000 6739.327197 0.744348 6749.119784 -10.083358 6739.036426 -9.792587 0.744348 0.290771 0.744348 1.945240   1   2  -1 
2455501.547102 0.000000 0.000000 6738.201800 0.605317 6749.119784 -10.806235 6738.313549 -10.917984 0.605317 -0.111749 0.605317 1.945240   1   2  -1 
2455501.547102 0.000000 0.000000 6738.201800 0.605317 6749.119784 -10.806235 6738.313549 -10.917984 0.605317 -0.111749 0.605317 1.945240   1   2  -1 
2455501.552738 0.000000 0.000000 6736.954145 0.578445 6749.119784 -10.808278 6738.311506 -12.165639 0.578445 -1.357361 0.578445 1.945240   1   2  -1 
2455501.552738 0.000000 0.000000 6736.954145 0.578445 6749.119784 -10.808278 6738.311506 -12.165639 0.578445 -1.357361 0.578445 1.945240   1   2  -1 
2455505.514789 0.000000 0.000000 6740.070490 0.688526 6749.119784 -12.140339 6736.979445 -9.049294 0.688526 3.091045 0.688526 1.945240   1   2  -1 
2455505.514789 0.000000 0.000000 6740.070490 0.688526 6749.119784 -12.140339 6736.979445 -9.049294 0.688526 3.091045 0.688526 1.945240   1   2  -1 
2455505.520425 0.000000 0.000000 6740.042201 0.681455 6749.119784 -12.144369 6736.975415 -9.077583 0.681455 3.066786 0.681455 1.945240   1   2  -1 
2455505.520425 0.000000 0.000000 6740.042201 0.681455 6749.119784 -12.144369 6736.975415 -9.077583 0.681455 3.066786 0.681455 1.945240   1   2  -1 
2455507.517142 0.000000 0.000000 6737.783175 0.529962 6749.119784 -12.352090 6736.767694 -11.336609 0.529962 1.015481 0.529962 1.945240   1   2  -1 
2455507.517142 0.000000 0.000000 6737.783175 0.529962 6749.119784 -12.352090 6736.767694 -11.336609 0.529962 1.015481 0.529962 1.945240   1   2  -1 
2455507.522824 0.000000 0.000000 6736.008881 0.540417 6749.119784 -12.348343 6736.771441 -13.110903 0.540417 -0.762560 0.540417 1.945240   1   2  -1 
2455507.522824 0.000000 0.000000 6736.008881 0.540417 6749.119784 -12.348343 6736.771441 -13.110903 0.540417 -0.762560 0.540417 1.945240   1   2  -1 
2455509.518050 0.000000 0.000000 6739.147553 0.760523 6749.119784 -10.400884 6738.718900 -9.972231 0.760523 0.428653 0.760523 1.945240   1   2  -1 
2455509.518050 0.000000 0.000000 6739.147553 0.760523 6749.119784 -10.400884 6738.718900 -9.972231 0.760523 0.428653 0.760523 1.945240   1   2  -1 
2455509.523524 0.000000 0.000000 6739.453965 0.709529 6749.119784 -10.395925 6738.723859 -9.665819 0.709529 0.730106 0.709529 1.945240   1   2  -1 
2455509.523524 0.000000 0.000000 6739.453965 0.709529 6749.119784 -10.395925 6738.723859 -9.665819 0.709529 0.730106 0.709529 1.945240   1   2  -1 
2455511.516449 0.000000 0.000000 6736.700627 0.796997 6749.119784 -9.287270 6739.832514 -12.419157 0.796997 -3.131887 0.796997 1.945240   1   2  -1 
2455511.516449 0.000000 0.000000 6736.700627 0.796997 6749.119784 -9.287270 6739.832514 -12.419157 0.796997 -3.131887 0.796997 1.945240   1   2  -1 
2455511.521935 0.000000 0.000000 6737.359679 0.793324 6749.119784 -9.285196 6739.834588 -11.760105 0.793324 -2.474909 0.793324 1.945240   1   2  -1 
2455511.521935 0.000000 0.000000 6737.359679 0.793324 6749.119784 -9.285196 6739.834588 -11.760105 0.793324 -2.474909 0.793324 1.945240   1   2  -1 
2455513.504562 0.000000 0.000000 6739.969627 0.836669 6749.119784 -8.102128 6741.017656 -9.150157 0.836669 -1.048029 0.836669 1.945240   1   2  -1 
2455513.504562 0.000000 0.000000 6739.969627 0.836669 6749.119784 -8.102128 6741.017656 -9.150157 0.836669 -1.048029 0.836669 1.945240   1   2  -1 
2455513.510244 0.000000 0.000000 6739.379536 0.882170 6749.119784 -8.097431 6741.022352 -9.740248 0.882170 -1.642816 0.882170 1.945240   1   2  -1 
2455513.510244 0.000000 0.000000 6739.379536 0.882170 6749.119784 -8.097431 6741.022352 -9.740248 0.882170 -1.642816 0.882170 1.945240   1   2  -1 
2455514.505835 0.000000 0.000000 6740.416095 0.671812 6749.119784 -7.264764 6741.855019 -8.703689 0.671812 -1.438924 0.671812 1.945240   1   2  -1 
2455514.505835 0.000000 0.000000 6740.416095 0.671812 6749.119784 -7.264764 6741.855019 -8.703689 0.671812 -1.438924 0.671812 1.945240   1   2  -1 
2455514.511356 0.000000 0.000000 6741.219400 0.683432 6749.119784 -7.260329 6741.859455 -7.900384 0.683432 -0.640055 0.683432 1.945240   1   2  -1 
2455514.511356 0.000000 0.000000 6741.219400 0.683432 6749.119784 -7.260329 6741.859455 -7.900384 0.683432 -0.640055 0.683432 1.945240   1   2  -1 
2455519.503938 0.000000 0.000000 6751.476274 1.033370 6749.119784 0.291333 6749.411117 2.356490 1.033370 2.065157 1.033370 1.945240   1   2  -1 
2455519.503938 0.000000 0.000000 6751.476274 1.033370 6749.119784 0.291333 6749.411117 2.356490 1.033370 2.065157 1.033370 1.945240   1   2  -1 
2455519.508811 0.000000 0.000000 6750.581276 0.996146 6749.119784 0.301818 6749.421602 1.461492 0.996146 1.159674 0.996146 1.945240   1   2  -1 
2455519.508811 0.000000 0.000000 6750.581276 0.996146 6749.119784 0.301818 6749.421602 1.461492 0.996146 1.159674 0.996146 1.945240   1   2  -1 
2455523.508036 0.000000 0.000000 6747.670446 0.829835 6749.119784 -1.484797 6747.634987 -1.449338 0.829835 0.035459 0.829835 1.945240   1   2  -1 
2455523.508036 0.000000 0.000000 6747.670446 0.829835 6749.119784 -1.484797 6747.634987 -1.449338 0.829835 0.035459 0.829835 1.945240   1   2  -1 
2455523.513036 0.000000 0.000000 6746.377680 0.865769 6749.119784 -1.489153 6747.630631 -2.742104 0.865769 -1.252951 0.865769 1.945240   1   2  -1 
2455523.513036 0.000000 0.000000 6746.377680 0.865769 6749.119784 -1.489153 6747.630631 -2.742104 0.865769 -1.252951 0.865769 1.945240   1   2  -1 
2455524.521481 0.000000 0.000000 6745.252557 0.667948 6749.119784 -1.539229 6747.580555 -3.867227 0.667948 -2.327998 0.667948 1.945240   1   2  -1 
2455524.521481 0.000000 0.000000 6745.252557 0.667948 6749.119784 -1.539229 6747.580555 -3.867227 0.667948 -2.327998 0.667948 1.945240   1   2  -1 
2455524.526446 0.000000 0.000000 6747.418629 0.678388 6749.119784 -1.535527 6747.584257 -1.701155 0.678388 -0.165628 0.678388 1.945240   1   2  -1 
2455524.526446 0.000000 0.000000 6747.418629 0.678388 6749.119784 -1.535527 6747.584257 -1.701155 0.678388 -0.165628 0.678388 1.945240   1   2  -1 
2455653.900831 0.000000 0.000000 6744.853956 0.744608 6749.119784 -2.584110 6746.535674 -4.265828 0.744608 -1.681718 0.744608 1.945240   1   2  -1 
2455653.900831 0.000000 0.000000 6744.853956 0.744608 6749.119784 -2.584110 6746.535674 -4.265828 0.744608 -1.681718 0.744608 1.945240   1   2  -1 
2455653.906410 0.000000 0.000000 6744.437562 0.736194 6749.119784 -2.584731 6746.535053 -4.682222 0.736194 -2.097491 0.736194 1.945240   1   2  -1 
2455653.906410 0.000000 0.000000 6744.437562 0.736194 6749.119784 -2.584731 6746.535053 -4.682222 0.736194 -2.097491 0.736194 1.945240   1   2  -1 
2455654.900357 0.000000 0.000000 6743.527057 0.814117 6749.119784 -2.978332 6746.141452 -5.592727 0.814117 -2.614395 0.814117 1.945240   1   2  -1 
2455654.900357 0.000000 0.000000 6743.527057 0.814117 6749.119784 -2.978332 6746.141452 -5.592727 0.814117 -2.614395 0.814117 1.945240   1   2  -1 
2455654.905936 0.000000 0.000000 6743.668193 0.731415 6749.119784 -2.981673 6746.138111 -5.451591 0.731415 -2.469918 0.731415 1.945240   1   2  -1 
2455654.905936 0.000000 0.000000 6743.668193 0.731415 6749.119784 -2.981673 6746.138111 -5.451591 0.731415 -2.469918 0.731415 1.945240   1   2  -1 
2455657.909222 0.000000 0.000000 6743.719643 0.605709 6749.119784 -4.788479 6744.331305 -5.400141 0.605709 -0.611662 0.605709 1.945240   1   2  -1 
2455657.909222 0.000000 0.000000 6743.719643 0.605709 6749.119784 -4.788479 6744.331305 -5.400141 0.605709 -0.611662 0.605709 1.945240   1   2  -1 
2455657.914813 0.000000 0.000000 6741.956807 0.631733 6749.119784 -4.791110 6744.328674 -7.162977 0.631733 -2.371867 0.631733 1.945240   1   2  -1 
2455657.914813 0.000000 0.000000 6741.956807 0.631733 6749.119784 -4.791110 6744.328674 -7.162977 0.631733 -2.371867 0.631733 1.945240   1   2  -1 
2455659.907949 0.000000 0.000000 6742.173855 0.769486 6749.119784 -5.604814 6743.514970 -6.945929 0.769486 -1.341115 0.769486 1.945240   1   2  -1 
2455659.907949 0.000000 0.000000 6742.173855 0.769486 6749.119784 -5.604814 6743.514970 -6.945929 0.769486 -1.341115 0.769486 1.945240   1   2  -1 
2455659.913540 0.000000 0.000000 6744.060561 0.803020 6749.119784 -5.606870 6743.512914 -5.059223 0.803020 0.547647 0.803020 1.945240   1   2  -1 
2455659.913540 0.000000 0.000000 6744.060561 0.803020 6749.119784 -5.606870 6743.512914 -5.059223 0.803020 0.547647 0.803020 1.945240   1   2  -1 
2455660.901884 0.000000 0.000000 6745.219734 0.502349 6749.119784 -5.995699 6743.124085 -3.900050 0.502349 2.095649 0.502349 1.945240   1   2  -1 
2455660.901884 0.000000 0.000000 6745.219734 0.502349 6749.119784 -5.995699 6743.124085 -3.900050 0.502349 2.095649 0.502349 1.945240   1   2  -1 
2455662.902485 0.000000 0.000000 6741.723247 0.948916 6749.119784 -7.610284 6741.509500 -7.396537 0.948916 0.213747 0.948916 1.945240   1   2  -1 
2455662.902485 0.000000 0.000000 6741.723247 0.948916 6749.119784 -7.610284 6741.509500 -7.396537 0.948916 0.213747 0.948916 1.945240   1   2  -1 
2455662.908180 0.000000 0.000000 6743.920904 0.909242 6749.119784 -7.617611 6741.502173 -5.198880 0.909242 2.418731 0.909242 1.945240   1   2  -1 
2455662.908180 0.000000 0.000000 6743.920904 0.909242 6749.119784 -7.617611 6741.502173 -5.198880 0.909242 2.418731 0.909242 1.945240   1   2  -1 
2455663.839263 0.000000 0.000000 6740.006775 1.737212 6749.119784 -9.002904 6740.116880 -9.113009 1.737212 -0.110105 1.737212 1.945240   1   2  -1 
2455663.839263 0.000000 0.000000 6740.006775 1.737212 6749.119784 -9.002904 6740.116880 -9.113009 1.737212 -0.110105 1.737212 1.945240   1   2  -1 
2455672.897729 0.000000 0.000000 6742.158654 0.653920 6749.119784 -9.438936 6739.680848 -6.961130 0.653920 2.477806 0.653920 1.945240   1   2  -1 
2455672.897729 0.000000 0.000000 6742.158654 0.653920 6749.119784 -9.438936 6739.680848 -6.961130 0.653920 2.477806 0.653920 1.945240   1   2  -1 
2455672.902775 0.000000 0.000000 6743.643604 0.601277 6749.119784 -9.449212 6739.670572 -5.476180 0.601277 3.973032 0.601277 1.945240   1   2  -1 
2455672.902775 0.000000 0.000000 6743.643604 0.601277 6749.119784 -9.449212 6739.670572 -5.476180 0.601277 3.973032 0.601277 1.945240   1   2  -1 
2455675.905453 0.000000 0.000000 6741.296177 0.422700 6749.119784 -8.725860 6740.393924 -7.823607 0.422700 0.902253 0.422700 1.945240   1   2  -1 
2455675.905453 0.000000 0.000000 6741.296177 0.422700 6749.119784 -8.725860 6740.393924 -7.823607 0.422700 0.902253 0.422700 1.945240   1   2  -1 
2455679.879903 0.000000 0.000000 6740.439105 0.504578 6749.119784 -7.652078 6741.467706 -8.680679 0.504578 -1.028601 0.504578 1.945240   1   2  -1 
2455679.879903 0.000000 0.000000 6740.439105 0.504578 6749.119784 -7.652078 6741.467706 -8.680679 0.504578 -1.028601 0.504578 1.945240   1   2  -1 
2455679.885123 0.000000 0.000000 6741.251299 0.513702 6749.119784 -7.656972 6741.462812 -7.868485 0.513702 -0.211513 0.513702 1.945240   1   2  -1 
2455679.885123 0.000000 0.000000 6741.251299 0.513702 6749.119784 -7.656972 6741.462812 -7.868485 0.513702 -0.211513 0.513702 1.945240   1   2  -1 
2455712.893679 0.000000 0.000000 6743.439908 0.560355 6749.119784 -5.952533 6743.167251 -5.679876 0.560355 0.272657 0.560355 1.945240   1   2  -1 
2455712.893679 0.000000 0.000000 6743.439908 0.560355 6749.119784 -5.952533 6743.167251 -5.679876 0.560355 0.272657 0.560355 1.945240   1   2  -1 
2455715.864679 0.000000 0.000000 6747.620719 1.363467 6749.119784 -3.545521 6745.574263 -1.499065 1.363467 2.046456 1.363467 1.945240   1   2  -1 
2455715.864679 0.000000 0.000000 6747.620719 1.363467 6749.119784 -3.545521 6745.574263 -1.499065 1.363467 2.046456 1.363467 1.945240   1   2  -1 
2455715.867376 0.000000 0.000000 6744.977745 1.418842 6749.119784 -3.543043 6745.576741 -4.142039 1.418842 -0.598996 1.418842 1.945240   1   2  -1 
2455715.867376 0.000000 0.000000 6744.977745 1.418842 6749.119784 -3.543043 6745.576741 -4.142039 1.418842 -0.598996 1.418842 1.945240   1   2  -1 
2455715.869992 0.000000 0.000000 6742.248056 1.436778 6749.119784 -3.540640 6745.579144 -6.871728 1.436778 -3.331088 1.436778 1.945240   1   2  -1 
2455715.869992 0.000000 0.000000 6742.248056 1.436778 6749.119784 -3.540640 6745.579144 -6.871728 1.436778 -3.331088 1.436778 1.945240   1   2  -1 
2455715.872747 0.000000 0.000000 6746.539265 1.484829 6749.119784 -3.538111 6745.581673 -2.580519 1.484829 0.957592 1.484829 1.945240   1   2  -1 
2455715.872747 0.000000 0.000000 6746.539265 1.484829 6749.119784 -3.538111 6745.581673 -2.580519 1.484829 0.957592 1.484829 1.945240   1   2  -1 
2455727.859452 0.000000 0.000000 6749.048938 1.056398 6749.119784 -1.787571 6747.332213 -0.070846 1.056398 1.716725 1.056398 1.945240   1   2  -1 
2455727.859452 0.000000 0.000000 6749.048938 1.056398 6749.119784 -1.787571 6747.332213 -0.070846 1.056398 1.716725 1.056398 1.945240   1   2  -1 
2455727.863145 0.000000 0.000000 6746.852638 1.033327 6749.119784 -1.787009 6747.332775 -2.267146 1.033327 -0.480137 1.033327 1.945240   1   2  -1 
2455727.863145 0.000000 0.000000 6746.852638 1.033327 6749.119784 -1.787009 6747.332775 -2.267146 1.033327 -0.480137 1.033327 1.945240   1   2  -1 
2455727.866953 0.000000 0.000000 6748.121533 1.119485 6749.119784 -1.786461 6747.333323 -0.998251 1.119485 0.788210 1.119485 1.945240   1   2  -1 
2455727.866953 0.000000 0.000000 6748.121533 1.119485 6749.119784 -1.786461 6747.333323 -0.998251 1.119485 0.788210 1.119485 1.945240   1   2  -1 
2455735.809170 0.000000 0.000000 6744.754804 0.526032 6749.119784 -4.277539 6744.842245 -4.364980 0.526032 -0.087441 0.526032 1.945240   1   2  -1 
2455735.809170 0.000000 0.000000 6744.754804 0.526032 6749.119784 -4.277539 6744.842245 -4.364980 0.526032 -0.087441 0.526032 1.945240   1   2  -1 
2455754.777241 0.000000 0.000000 6746.468927 1.091349 6749.119784 -2.441433 6746.678351 -2.650857 1.091349 -0.209424 1.091349 1.945240   1   2  -1 
2455754.777241 0.000000 0.000000 6746.468927 1.091349 6749.119784 -2.441433 6746.678351 -2.650857 1.091349 -0.209424 1.091349 1.945240   1   2  -1 
2455755.755721 0.000000 0.000000 6744.820061 0.768792 6749.119784 -2.953199 6746.166585 -4.299723 0.768792 -1.346524 0.768792 1.945240   1   2  -1 
2455755.755721 0.000000 0.000000 6744.820061 0.768792 6749.119784 -2.953199 6746.166585 -4.299723 0.768792 -1.346524 0.768792 1.945240   1   2  -1 
2455769.736300 0.000000 0.000000 6741.910452 0.677532 6749.119784 -6.107405 6743.012379 -7.209332 0.677532 -1.101927 0.677532 1.945240   1   2  -1 
2455769.736300 0.000000 0.000000 6741.910452 0.677532 6749.119784 -6.107405 6743.012379 -7.209332 0.677532 -1.101927 0.677532 1.945240   1   2  -1 
2455769.742075 0.000000 0.000000 6742.850451 0.770313 6749.119784 -6.100238 6743.019546 -6.269333 0.770313 -0.169095 0.770313 1.945240   1   2  -1 
2455769.742075 0.000000 0.000000 6742.850451 0.770313 6749.119784 -6.100238 6743.019546 -6.269333 0.770313 -0.169095 0.770313 1.945240   1   2  -1 
2455776.628483 0.000000 0.000000 6750.213357 0.712348 6749.119784 -2.000441 6747.119343 1.093573 0.712348 3.094014 0.712348 1.945240   1   2  -1 
2455776.628483 0.000000 0.000000 6750.213357 0.712348 6749.119784 -2.000441 6747.119343 1.093573 0.712348 3.094014 0.712348 1.945240   1   2  -1 
2455782.624998 0.000000 0.000000 6747.016802 0.761072 6749.119784 -3.398268 6745.721516 -2.102982 0.761072 1.295286 0.761072 1.945240   1   2  -1 
2455782.624998 0.000000 0.000000 6747.016802 0.761072 6749.119784 -3.398268 6745.721516 -2.102982 0.761072 1.295286 0.761072 1.945240   1   2  -1 
2455784.737667 0.000000 0.000000 6741.817184 0.545366 6749.119784 -4.190160 6744.929624 -7.302600 0.545366 -3.112440 0.545366 1.945240   1   2  -1 
2455784.737667 0.000000 0.000000 6741.817184 0.545366 6749.119784 -4.190160 6744.929624 -7.302600 0.545366 -3.112440 0.545366 1.945240   1   2  -1 
2455801.526698 0.000000 0.000000 6751.852184 1.273141 6749.119784 -2.192551 6746.927233 2.732400 1.273141 4.924951 1.273141 1.945240   1   2  -1 
2455801.526698 0.000000 0.000000 6751.852184 1.273141 6749.119784 -2.192551 6746.927233 2.732400 1.273141 4.924951 1.273141 1.945240   1   2  -1 
2455801.531628 0.000000 0.000000 6748.995510 1.177162 6749.119784 -2.190014 6746.929770 -0.124274 1.177162 2.065740 1.177162 1.945240   1   2  -1 
2455801.531628 0.000000 0.000000 6748.995510 1.177162 6749.119784 -2.190014 6746.929770 -0.124274 1.177162 2.065740 1.177162 1.945240   1   2  -1 
2455804.632333 0.000000 0.000000 6745.335970 1.120566 6749.119784 -4.294376 6744.825408 -3.783814 1.120566 0.510562 1.120566 1.945240   1   2  -1 
2455804.632333 0.000000 0.000000 6745.335970 1.120566 6749.119784 -4.294376 6744.825408 -3.783814 1.120566 0.510562 1.120566 1.945240   1   2  -1 
2455804.637669 0.000000 0.000000 6747.868911 1.032150 6749.119784 -4.298781 6744.821003 -1.250873 1.032150 3.047908 1.032150 1.945240   1   2  -1 
2455804.637669 0.000000 0.000000 6747.868911 1.032150 6749.119784 -4.298781 6744.821003 -1.250873 1.032150 3.047908 1.032150 1.945240   1   2  -1 
2455807.626267 0.000000 0.000000 6743.760974 0.965710 6749.119784 -4.426135 6744.693649 -5.358810 0.965710 -0.932675 0.965710 1.945240   1   2  -1 
2455807.626267 0.000000 0.000000 6743.760974 0.965710 6749.119784 -4.426135 6744.693649 -5.358810 0.965710 -0.932675 0.965710 1.945240   1   2  -1 
2455807.631162 0.000000 0.000000 6744.367308 0.886584 6749.119784 -4.424032 6744.695752 -4.752476 0.886584 -0.328444 0.886584 1.945240   1   2  -1 
2455807.631162 0.000000 0.000000 6744.367308 0.886584 6749.119784 -4.424032 6744.695752 -4.752476 0.886584 -0.328444 0.886584 1.945240   1   2  -1 
2455810.581550 0.000000 0.000000 6749.536319 0.754194 6749.119784 -1.822893 6747.296891 0.416535 0.754194 2.239428 0.754194 1.945240   1   2  -1 
2455810.581550 0.000000 0.000000 6749.536319 0.754194 6749.119784 -1.822893 6747.296891 0.416535 0.754194 2.239428 0.754194 1.945240   1   2  -1 
2455810.586723 0.000000 0.000000 6745.341822 0.797392 6749.119784 -1.815516 6747.304267 -3.777962 0.797392 -1.962445 0.797392 1.945240   1   2  -1 
2455810.586723 0.000000 0.000000 6745.341822 0.797392 6749.119784 -1.815516 6747.304267 -3.777962 0.797392 -1.962445 0.797392 1.945240   1   2  -1 
2455816.587002 0.000000 0.000000 6736.994306 0.959785 6749.119784 -9.370026 6739.749758 -12.125478 0.959785 -2.755452 0.959785 1.945240   1   2  -1 
2455816.587002 0.000000 0.000000 6736.994306 0.959785 6749.119784 -9.370026 6739.749758 -12.125478 0.959785 -2.755452 0.959785 1.945240   1   2  -1 
2455816.590578 0.000000 0.000000 6737.632453 0.889883 6749.119784 -9.375902 6739.743882 -11.487331 0.889883 -2.111429 0.889883 1.945240   1   2  -1 
2455816.590578 0.000000 0.000000 6737.632453 0.889883 6749.119784 -9.375902 6739.743882 -11.487331 0.889883 -2.111429 0.889883 1.945240   1   2  -1 
2455816.594154 0.000000 0.000000 6736.813114 0.876464 6749.119784 -9.381752 6739.738032 -12.306670 0.876464 -2.924918 0.876464 1.945240   1   2  -1 
2455816.594154 0.000000 0.000000 6736.813114 0.876464 6749.119784 -9.381752 6739.738032 -12.306670 0.876464 -2.924918 0.876464 1.945240   1   2  -1 
2455834.622073 0.000000 0.000000 6741.622283 0.577372 6749.119784 -6.779582 6742.340202 -7.497501 0.577372 -0.717919 0.577372 1.945240   1   2  -1 
2455834.622073 0.000000 0.000000 6741.622283 0.577372 6749.119784 -6.779582 6742.340202 -7.497501 0.577372 -0.717919 0.577372 1.945240   1   2  -1 
2455834.627593 0.000000 0.000000 6741.694550 0.576524 6749.119784 -6.776144 6742.343640 -7.425234 0.576524 -0.649090 0.576524 1.945240   1   2  -1 
2455834.627593 0.000000 0.000000 6741.694550 0.576524 6749.119784 -6.776144 6742.343640 -7.425234 0.576524 -0.649090 0.576524 1.945240   1   2  -1 
2455836.585712 0.000000 0.000000 6742.623220 0.680522 6749.119784 -4.906103 6744.213681 -6.496564 0.680522 -1.590461 0.680522 1.945240   1   2  -1 
2455836.585712 0.000000 0.000000 6742.623220 0.680522 6749.119784 -4.906103 6744.213681 -6.496564 0.680522 -1.590461 0.680522 1.945240   1   2  -1 
2455836.591440 0.000000 0.000000 6741.147612 0.679136 6749.119784 -4.898777 6744.221007 -7.972172 0.679136 -3.073395 0.679136 1.945240   1   2  -1 
2455836.591440 0.000000 0.000000 6741.147612 0.679136 6749.119784 -4.898777 6744.221007 -7.972172 0.679136 -3.073395 0.679136 1.945240   1   2  -1 
2455839.585007 0.000000 0.000000 6748.405228 0.910132 6749.119784 -0.974770 6748.145014 -0.714556 0.910132 0.260214 0.910132 1.945240   1   2  -1 
2455839.585007 0.000000 0.000000 6748.405228 0.910132 6749.119784 -0.974770 6748.145014 -0.714556 0.910132 0.260214 0.910132 1.945240   1   2  -1 
2455839.590794 0.000000 0.000000 6747.617891 0.919769 6749.119784 -0.969707 6748.150077 -1.501893 0.919769 -0.532186 0.919769 1.945240   1   2  -1 
2455839.590794 0.000000 0.000000 6747.617891 0.919769 6749.119784 -0.969707 6748.150077 -1.501893 0.919769 -0.532186 0.919769 1.945240   1   2  -1 
2455842.549547 0.000000 0.000000 6752.493747 1.066299 6749.119784 -0.847270 6748.272513 3.373963 1.066299 4.221234 1.066299 1.945240   1   2  -1 
2455842.549547 0.000000 0.000000 6752.493747 1.066299 6749.119784 -0.847270 6748.272513 3.373963 1.066299 4.221234 1.066299 1.945240   1   2  -1 
2455842.555033 0.000000 0.000000 6750.073896 0.873203 6749.119784 -0.849958 6748.269825 0.954112 0.873203 1.804071 0.873203 1.945240   1   2  -1 
2455842.555033 0.000000 0.000000 6750.073896 0.873203 6749.119784 -0.849958 6748.269825 0.954112 0.873203 1.804071 0.873203 1.945240   1   2  -1 
2455845.575633 0.000000 0.000000 6749.336050 1.067738 6749.119784 -1.388392 6747.731392 0.216266 1.067738 1.604658 1.067738 1.945240   1   2  -1 
2455845.575633 0.000000 0.000000 6749.336050 1.067738 6749.119784 -1.388392 6747.731392 0.216266 1.067738 1.604658 1.067738 1.945240   1   2  -1 
2455845.581258 0.000000 0.000000 6747.769866 0.922401 6749.119784 -1.387465 6747.732319 -1.349918 0.922401 0.037547 0.922401 1.945240   1   2  -1 
2455845.581258 0.000000 0.000000 6747.769866 0.922401 6749.119784 -1.387465 6747.732319 -1.349918 0.922401 0.037547 0.922401 1.945240   1   2  -1 
2455870.498785 0.000000 0.000000 6742.487318 0.730627 6749.119784 -9.138830 6739.980954 -6.632466 0.730627 2.506364 0.730627 1.945240   1   2  -1 
2455870.498785 0.000000 0.000000 6742.487318 0.730627 6749.119784 -9.138830 6739.980954 -6.632466 0.730627 2.506364 0.730627 1.945240   1   2  -1 
2455870.504422 0.000000 0.000000 6741.521976 0.718479 6749.119784 -9.145845 6739.973939 -7.597808 0.718479 1.548037 0.718479 1.945240   1   2  -1 
2455870.504422 0.000000 0.000000 6741.521976 0.718479 6749.119784 -9.145845 6739.973939 -7.597808 0.718479 1.548037 0.718479 1.945240   1   2  -1 
2455874.532217 0.000000 0.000000 6744.629305 1.027595 6749.119784 -5.641866 6743.477918 -4.490479 1.027595 1.151387 1.027595 1.945240   1   2  -1 
2455874.532217 0.000000 0.000000 6744.629305 1.027595 6749.119784 -5.641866 6743.477918 -4.490479 1.027595 1.151387 1.027595 1.945240   1   2  -1 
2455874.537437 0.000000 0.000000 6744.608219 1.390676 6749.119784 -5.638682 6743.481102 -4.511565 1.390676 1.127117 1.390676 1.945240   1   2  -1 
2455874.537437 0.000000 0.000000 6744.608219 1.390676 6749.119784 -5.638682 6743.481102 -4.511565 1.390676 1.127117 1.390676 1.945240   1   2  -1 
2455878.549549 0.000000 0.000000 6743.133515 1.360956 6749.119784 -3.967611 6745.152173 -5.986269 1.360956 -2.018658 1.360956 1.945240   1   2  -1 
2455878.549549 0.000000 0.000000 6743.133515 1.360956 6749.119784 -3.967611 6745.152173 -5.986269 1.360956 -2.018658 1.360956 1.945240   1   2  -1 
2455878.554965 0.000000 0.000000 6740.135198 1.321422 6749.119784 -3.957269 6745.162515 -8.984586 1.321422 -5.027317 1.321422 1.945240   1   2  -1 
2455878.554965 0.000000 0.000000 6740.135198 1.321422 6749.119784 -3.957269 6745.162515 -8.984586 1.321422 -5.027317 1.321422 1.945240   1   2  -1 
2456020.892743 0.000000 0.000000 6745.146307 0.800504 6749.119784 -3.329151 6745.790633 -3.973477 0.800504 -0.644326 0.800504 1.945240   1   2  -1 
2456020.892743 0.000000 0.000000 6745.146307 0.800504 6749.119784 -3.329151 6745.790633 -3.973477 0.800504 -0.644326 0.800504 1.945240   1   2  -1 
2456020.898160 0.000000 0.000000 6746.202855 0.781449 6749.119784 -3.333250 6745.786534 -2.916929 0.781449 0.416321 0.781449 1.945240   1   2  -1 
2456020.898160 0.000000 0.000000 6746.202855 0.781449 6749.119784 -3.333250 6745.786534 -2.916929 0.781449 0.416321 0.781449 1.945240   1   2  -1 
2456022.889397 0.000000 0.000000 6744.288656 0.994688 6749.119784 -3.319176 6745.800608 -4.831128 0.994688 -1.511952 0.994688 1.945240   1   2  -1 
2456022.889397 0.000000 0.000000 6744.288656 0.994688 6749.119784 -3.319176 6745.800608 -4.831128 0.994688 -1.511952 0.994688 1.945240   1   2  -1 
2456022.894884 0.000000 0.000000 6746.835284 1.113054 6749.119784 -3.318095 6745.801689 -2.284500 1.113054 1.033595 1.113054 1.945240   1   2  -1 
2456022.894884 0.000000 0.000000 6746.835284 1.113054 6749.119784 -3.318095 6745.801689 -2.284500 1.113054 1.033595 1.113054 1.945240   1   2  -1 
2456024.891353 0.000000 0.000000 6742.988987 0.857313 6749.119784 -4.162952 6744.956832 -6.130797 0.857313 -1.967845 0.857313 1.945240   1   2  -1 
2456024.891353 0.000000 0.000000 6742.988987 0.857313 6749.119784 -4.162952 6744.956832 -6.130797 0.857313 -1.967845 0.857313 1.945240   1   2  -1 
2456024.897048 0.000000 0.000000 6744.748045 0.814076 6749.119784 -4.168166 6744.951618 -4.371739 0.814076 -0.203573 0.814076 1.945240   1   2  -1 
2456024.897048 0.000000 0.000000 6744.748045 0.814076 6749.119784 -4.168166 6744.951618 -4.371739 0.814076 -0.203573 0.814076 1.945240   1   2  -1 
2456028.922257 0.000000 0.000000 6746.543190 0.690565 6749.119784 -2.993718 6746.126066 -2.576594 0.690565 0.417124 0.690565 1.945240   1   2  -1 
2456028.922257 0.000000 0.000000 6746.543190 0.690565 6749.119784 -2.993718 6746.126066 -2.576594 0.690565 0.417124 0.690565 1.945240   1   2  -1 
2456029.892891 0.000000 0.000000 6747.320493 1.086998 6749.119784 -2.463208 6746.656576 -1.799291 1.086998 0.663917 1.086998 1.945240   1   2  -1 
2456029.892891 0.000000 0.000000 6747.320493 1.086998 6749.119784 -2.463208 6746.656576 -1.799291 1.086998 0.663917 1.086998 1.945240   1   2  -1 
2456029.898354 0.000000 0.000000 6748.760240 1.038533 6749.119784 -2.462781 6746.657003 -0.359544 1.038533 2.103237 1.038533 1.945240   1   2  -1 
2456029.898354 0.000000 0.000000 6748.760240 1.038533 6749.119784 -2.462781 6746.657003 -0.359544 1.038533 2.103237 1.038533 1.945240   1   2  -1 
2456031.852968 0.000000 0.000000 6747.989211 0.817617 6749.119784 -3.723212 6745.396572 -1.130573 0.817617 2.592639 0.817617 1.945240   1   2  -1 
2456031.852968 0.000000 0.000000 6747.989211 0.817617 6749.119784 -3.723212 6745.396572 -1.130573 0.817617 2.592639 0.817617 1.945240   1   2  -1 
2456052.857065 0.000000 0.000000 6746.249978 0.812636 6749.119784 -4.409616 6744.710168 -2.869806 0.812636 1.539810 0.812636 1.945240   1   2  -1 
2456052.857065 0.000000 0.000000 6746.249978 0.812636 6749.119784 -4.409616 6744.710168 -2.869806 0.812636 1.539810 0.812636 1.945240   1   2  -1 
2456052.862482 0.000000 0.000000 6745.619923 0.787680 6749.119784 -4.413350 6744.706434 -3.499861 0.787680 0.913489 0.787680 1.945240   1   2  -1 
2456052.862482 0.000000 0.000000 6745.619923 0.787680 6749.119784 -4.413350 6744.706434 -3.499861 0.787680 0.913489 0.787680 1.945240   1   2  -1 
2456053.851639 0.000000 0.000000 6743.166273 0.874947 6749.119784 -4.886727 6744.233057 -5.953511 0.874947 -1.066784 0.874947 1.945240   1   2  -1 
2456053.851639 0.000000 0.000000 6743.166273 0.874947 6749.119784 -4.886727 6744.233057 -5.953511 0.874947 -1.066784 0.874947 1.945240   1   2  -1 
2456053.857114 0.000000 0.000000 6741.264696 0.828685 6749.119784 -4.888284 6744.231500 -7.855088 0.828685 -2.966804 0.828685 1.945240   1   2  -1 
2456053.857114 0.000000 0.000000 6741.264696 0.828685 6749.119784 -4.888284 6744.231500 -7.855088 0.828685 -2.966804 0.828685 1.945240   1   2  -1 
2456054.839916 0.000000 0.000000 6746.508998 0.533012 6749.119784 -4.973747 6744.146037 -2.610786 0.533012 2.362961 0.533012 1.945240   1   2  -1 
2456054.839916 0.000000 0.000000 6746.508998 0.533012 6749.119784 -4.973747 6744.146037 -2.610786 0.533012 2.362961 0.533012 1.945240   1   2  -1 
2456055.886865 0.000000 0.000000 6744.080866 0.509706 6749.119784 -4.571806 6744.547978 -5.038918 0.509706 -0.467112 0.509706 1.945240   1   2  -1 
2456055.886865 0.000000 0.000000 6744.080866 0.509706 6749.119784 -4.571806 6744.547978 -5.038918 0.509706 -0.467112 0.509706 1.945240   1   2  -1 
2456056.818146 0.000000 0.000000 6747.963625 0.893302 6749.119784 -3.825626 6745.294158 -1.156159 0.893302 2.669467 0.893302 1.945240   1   2  -1 
2456056.818146 0.000000 0.000000 6747.963625 0.893302 6749.119784 -3.825626 6745.294158 -1.156159 0.893302 2.669467 0.893302 1.945240   1   2  -1 
2456056.823714 0.000000 0.000000 6744.469105 0.813986 6749.119784 -3.820621 6745.299163 -4.650679 0.813986 -0.830058 0.813986 1.945240   1   2  -1 
2456056.823714 0.000000 0.000000 6744.469105 0.813986 6749.119784 -3.820621 6745.299163 -4.650679 0.813986 -0.830058 0.813986 1.945240   1   2  -1 
2456078.843392 0.000000 0.000000 6746.158961 0.647558 6749.119784 0.561680 6749.681464 -2.960823 0.647558 -3.522503 0.647558 1.945240   1   2  -1 
2456078.843392 0.000000 0.000000 6746.158961 0.647558 6749.119784 0.561680 6749.681464 -2.960823 0.647558 -3.522503 0.647558 1.945240   1   2  -1 
2456078.849075 0.000000 0.000000 6745.719595 0.632973 6749.119784 0.562669 6749.682453 -3.400189 0.632973 -3.962858 0.632973 1.945240   1   2  -1 
2456078.849075 0.000000 0.000000 6745.719595 0.632973 6749.119784 0.562669 6749.682453 -3.400189 0.632973 -3.962858 0.632973 1.945240   1   2  -1 
2456081.832748 0.000000 0.000000 6746.860997 0.796018 6749.119784 0.614436 6749.734220 -2.258787 0.796018 -2.873223 0.796018 1.945240   1   2  -1 
2456081.832748 0.000000 0.000000 6746.860997 0.796018 6749.119784 0.614436 6749.734220 -2.258787 0.796018 -2.873223 0.796018 1.945240   1   2  -1 
2456081.838651 0.000000 0.000000 6746.160349 0.647447 6749.119784 0.613971 6749.733755 -2.959435 0.647447 -3.573406 0.647447 1.945240   1   2  -1 
2456081.838651 0.000000 0.000000 6746.160349 0.647447 6749.119784 0.613971 6749.733755 -2.959435 0.647447 -3.573406 0.647447 1.945240   1   2  -1 
2456085.820521 0.000000 0.000000 6748.615188 0.878497 6749.119784 -1.381679 6747.738105 -0.504596 0.878497 0.877083 0.878497 1.945240   1   2  -1 
2456085.820521 0.000000 0.000000 6748.615188 0.878497 6749.119784 -1.381679 6747.738105 -0.504596 0.878497 0.877083 0.878497 1.945240   1   2  -1 
2456085.826250 0.000000 0.000000 6749.360613 0.917873 6749.119784 -1.385369 6747.734415 0.240829 0.917873 1.626198 0.917873 1.945240   1   2  -1 
2456085.826250 0.000000 0.000000 6749.360613 0.917873 6749.119784 -1.385369 6747.734415 0.240829 0.917873 1.626198 0.917873 1.945240   1   2  -1 
2456088.742747 0.000000 0.000000 6753.524666 0.549399 6749.119784 -0.297252 6748.822532 4.404882 0.549399 4.702134 0.549399 1.945240   1   2  -1 
2456088.742747 0.000000 0.000000 6753.524666 0.549399 6749.119784 -0.297252 6748.822532 4.404882 0.549399 4.702134 0.549399 1.945240   1   2  -1 
2456092.900369 0.000000 0.000000 6751.383386 0.628826 6749.119784 0.877411 6749.997195 2.263602 0.628826 1.386191 0.628826 1.945240   1   2  -1 
2456092.900369 0.000000 0.000000 6751.383386 0.628826 6749.119784 0.877411 6749.997195 2.263602 0.628826 1.386191 0.628826 1.945240   1   2  -1 
2456115.815540 0.000000 0.000000 6754.277043 0.776191 6749.119784 3.773164 6752.892948 5.157259 0.776191 1.384095 0.776191 1.945240   1   2  -1 
2456115.815540 0.000000 0.000000 6754.277043 0.776191 6749.119784 3.773164 6752.892948 5.157259 0.776191 1.384095 0.776191 1.945240   1   2  -1 
2456118.809984 0.000000 0.000000 6751.338923 0.512854 6749.119784 2.092814 6751.212598 2.219139 0.512854 0.126325 0.512854 1.945240   1   2  -1 
2456118.809984 0.000000 0.000000 6751.338923 0.512854 6749.119784 2.092814 6751.212598 2.219139 0.512854 0.126325 0.512854 1.945240   1   2  -1 
2456121.820367 0.000000 0.000000 6748.884407 1.411859 6749.119784 2.080886 6751.200670 -0.235377 1.411859 -2.316263 1.411859 1.945240   1   2  -1 
2456121.820367 0.000000 0.000000 6748.884407 1.411859 6749.119784 2.080886 6751.200670 -0.235377 1.411859 -2.316263 1.411859 1.945240   1   2  -1 
2456149.686124 0.000000 0.000000 6745.208573 0.845009 6749.119784 -3.375043 6745.744741 -3.911211 0.845009 -0.536168 0.845009 1.945240   1   2  -1 
2456149.686124 0.000000 0.000000 6745.208573 0.845009 6749.119784 -3.375043 6745.744741 -3.911211 0.845009 -0.536168 0.845009 1.945240   1   2  -1 
2456154.723489 0.000000 0.000000 6753.155186 0.865117 6749.119784 5.027246 6754.147030 4.035402 0.865117 -0.991844 0.865117 1.945240   1   2  -1 
2456154.723489 0.000000 0.000000 6753.155186 0.865117 6749.119784 5.027246 6754.147030 4.035402 0.865117 -0.991844 0.865117 1.945240   1   2  -1 
2456154.728442 0.000000 0.000000 6756.664798 1.281739 6749.119784 5.032930 6754.152714 7.545014 1.281739 2.512084 1.281739 1.945240   1   2  -1 
2456154.728442 0.000000 0.000000 6756.664798 1.281739 6749.119784 5.032930 6754.152714 7.545014 1.281739 2.512084 1.281739 1.945240   1   2  -1 
2456166.527551 0.000000 0.000000 6750.235757 0.645517 6749.119784 0.744545 6749.864329 1.115973 0.645517 0.371428 0.645517 1.945240   1   2  -1 
2456166.527551 0.000000 0.000000 6750.235757 0.645517 6749.119784 0.744545 6749.864329 1.115973 0.645517 0.371428 0.645517 1.945240   1   2  -1 
2456168.609469 0.000000 0.000000 6746.933111 0.971404 6749.119784 -2.492604 6746.627180 -2.186673 0.971404 0.305931 0.971404 1.945240   1   2  -1 
2456168.609469 0.000000 0.000000 6746.933111 0.971404 6749.119784 -2.492604 6746.627180 -2.186673 0.971404 0.305931 0.971404 1.945240   1   2  -1 
2456168.615105 0.000000 0.000000 6744.859936 0.857956 6749.119784 -2.501218 6746.618565 -4.259848 0.857956 -1.758629 0.857956 1.945240   1   2  -1 
2456168.615105 0.000000 0.000000 6744.859936 0.857956 6749.119784 -2.501218 6746.618565 -4.259848 0.857956 -1.758629 0.857956 1.945240   1   2  -1 
2456171.510563 0.000000 0.000000 6746.779196 0.523911 6749.119784 -1.727813 6747.391970 -2.340588 0.523911 -0.612774 0.523911 1.945240   1   2  -1 
2456171.510563 0.000000 0.000000 6746.779196 0.523911 6749.119784 -1.727813 6747.391970 -2.340588 0.523911 -0.612774 0.523911 1.945240   1   2  -1 
2456173.694840 0.000000 0.000000 6745.694408 0.870055 6749.119784 -1.362524 6747.757260 -3.425376 0.870055 -2.062852 0.870055 1.945240   1   2  -1 
2456173.694840 0.000000 0.000000 6745.694408 0.870055 6749.119784 -1.362524 6747.757260 -3.425376 0.870055 -2.062852 0.870055 1.945240   1   2  -1 
2456181.612869 0.000000 0.000000 6746.780093 0.609426 6749.119784 -0.015101 6749.104683 -2.339691 0.609426 -2.324590 0.609426 1.945240   1   2  -1 
2456181.612869 0.000000 0.000000 6746.780093 0.609426 6749.119784 -0.015101 6749.104683 -2.339691 0.609426 -2.324590 0.609426 1.945240   1   2  -1 
2456186.623747 0.000000 0.000000 6750.623304 0.538290 6749.119784 1.513427 6750.633211 1.503520 0.538290 -0.009907 0.538290 1.945240   1   2  -1 
2456186.623747 0.000000 0.000000 6750.623304 0.538290 6749.119784 1.513427 6750.633211 1.503520 0.538290 -0.009907 0.538290 1.945240   1   2  -1 
2456189.666838 0.000000 0.000000 6748.504253 1.709832 6749.119784 2.102342 6751.222126 -0.615531 1.709832 -2.717873 1.709832 1.945240   1   2  -1 
2456189.666838 0.000000 0.000000 6748.504253 1.709832 6749.119784 2.102342 6751.222126 -0.615531 1.709832 -2.717873 1.709832 1.945240   1   2  -1 
2456190.592865 0.000000 0.000000 6750.871459 0.873280 6749.119784 2.616349 6751.736133 1.751675 0.873280 -0.864674 0.873280 1.945240   1   2  -1 
2456190.592865 0.000000 0.000000 6750.871459 0.873280 6749.119784 2.616349 6751.736133 1.751675 0.873280 -0.864674 0.873280 1.945240   1   2  -1 
2456190.598548 0.000000 0.000000 6750.369171 0.820368 6749.119784 2.616897 6751.736681 1.249387 0.820368 -1.367510 0.820368 1.945240   1   2  -1 
2456190.598548 0.000000 0.000000 6750.369171 0.820368 6749.119784 2.616897 6751.736681 1.249387 0.820368 -1.367510 0.820368 1.945240   1   2  -1 
2456195.586272 0.000000 0.000000 6749.872183 0.911842 6749.119784 5.900151 6755.019935 0.752399 0.911842 -5.147752 0.911842 1.945240   1   2  -1 
2456195.586272 0.000000 0.000000 6749.872183 0.911842 6749.119784 5.900151 6755.019935 0.752399 0.911842 -5.147752 0.911842 1.945240   1   2  -1 
2456195.591793 0.000000 0.000000 6753.010576 0.913007 6749.119784 5.913574 6755.033358 3.890792 0.913007 -2.022782 0.913007 1.945240   1   2  -1 
2456195.591793 0.000000 0.000000 6753.010576 0.913007 6749.119784 5.913574 6755.033358 3.890792 0.913007 -2.022782 0.913007 1.945240   1   2  -1 
2456198.564091 0.000000 0.000000 6752.020828 1.186346 6749.119784 6.377139 6755.496923 2.901044 1.186346 -3.476095 1.186346 1.945240   1   2  -1 
2456198.564091 0.000000 0.000000 6752.020828 1.186346 6749.119784 6.377139 6755.496923 2.901044 1.186346 -3.476095 1.186346 1.945240   1   2  -1 
2456198.569866 0.000000 0.000000 6752.133778 1.250845 6749.119784 6.367707 6755.487491 3.013994 1.250845 -3.353713 1.250845 1.945240   1   2  -1 
2456198.569866 0.000000 0.000000 6752.133778 1.250845 6749.119784 6.367707 6755.487491 3.013994 1.250845 -3.353713 1.250845 1.945240   1   2  -1 
2456204.547188 0.000000 0.000000 6753.568624 0.781661 6749.119784 3.494787 6752.614571 4.448840 0.781661 0.954053 0.781661 1.945240   1   2  -1 
2456204.547188 0.000000 0.000000 6753.568624 0.781661 6749.119784 3.494787 6752.614571 4.448840 0.781661 0.954053 0.781661 1.945240   1   2  -1 
2456205.523197 0.000000 0.000000 6749.089385 0.447471 6749.119784 1.646734 6750.766518 -0.030399 0.447471 -1.677133 0.447471 1.945240   1   2  -1 
2456205.523197 0.000000 0.000000 6749.089385 0.447471 6749.119784 1.646734 6750.766518 -0.030399 0.447471 -1.677133 0.447471 1.945240   1   2  -1 
2456208.615737 0.000000 0.000000 6753.603897 0.942056 6749.119784 3.618703 6752.738487 4.484113 0.942056 0.865410 0.942056 1.945240   1   2  -1 
2456208.615737 0.000000 0.000000 6753.603897 0.942056 6749.119784 3.618703 6752.738487 4.484113 0.942056 0.865410 0.942056 1.945240   1   2  -1 
2456209.540800 0.000000 0.000000 6759.371118 1.053758 6749.119784 4.590531 6753.710315 10.251334 1.053758 5.660803 1.053758 1.945240   1   2  -1 
2456209.540800 0.000000 0.000000 6759.371118 1.053758 6749.119784 4.590531 6753.710315 10.251334 1.053758 5.660803 1.053758 1.945240   1   2  -1 
2456210.532155 0.000000 0.000000 6759.600350 0.864183 6749.119784 4.762632 6753.882416 10.480566 0.864183 5.717934 0.864183 1.945240   1   2  -1 
2456210.532155 0.000000 0.000000 6759.600350 0.864183 6749.119784 4.762632 6753.882416 10.480566 0.864183 5.717934 0.864183 1.945240   1   2  -1 
2456212.523498 0.000000 0.000000 6755.476387 0.479583 6749.119784 4.777652 6753.897436 6.356603 0.479583 1.578951 0.479583 1.945240   1   2  -1 
2456212.523498 0.000000 0.000000 6755.476387 0.479583 6749.119784 4.777652 6753.897436 6.356603 0.479583 1.578951 0.479583 1.945240   1   2  -1 
2456217.523649 0.000000 0.000000 6753.855817 0.740951 6749.119784 8.338989 6757.458773 4.736033 0.740951 -3.602956 0.740951 1.945240   1   2  -1 
2456217.523649 0.000000 0.000000 6753.855817 0.740951 6749.119784 8.338989 6757.458773 4.736033 0.740951 -3.602956 0.740951 1.945240   1   2  -1 
2456217.529482 0.000000 0.000000 6756.209522 0.723468 6749.119784 8.337945 6757.457729 7.089738 0.723468 -1.248207 0.723468 1.945240   1   2  -1 
2456217.529482 0.000000 0.000000 6756.209522 0.723468 6749.119784 8.337945 6757.457729 7.089738 0.723468 -1.248207 0.723468 1.945240   1   2  -1 
2456218.587951 0.000000 0.000000 6761.087306 0.783291 6749.119784 8.189648 6757.309432 11.967522 0.783291 3.777874 0.783291 1.945240   1   2  -1 
2456218.587951 0.000000 0.000000 6761.087306 0.783291 6749.119784 8.189648 6757.309432 11.967522 0.783291 3.777874 0.783291 1.945240   1   2  -1 
2456219.500319 0.000000 0.000000 6756.194158 0.495656 6749.119784 8.167193 6757.286977 7.074374 0.495656 -1.092819 0.495656 1.945240   1   2  -1 
2456219.500319 0.000000 0.000000 6756.194158 0.495656 6749.119784 8.167193 6757.286977 7.074374 0.495656 -1.092819 0.495656 1.945240   1   2  -1 
2456220.491327 0.000000 0.000000 6755.982846 0.783227 6749.119784 8.129268 6757.249052 6.863062 0.783227 -1.266206 0.783227 1.945240   1   2  -1 
2456220.491327 0.000000 0.000000 6755.982846 0.783227 6749.119784 8.129268 6757.249052 6.863062 0.783227 -1.266206 0.783227 1.945240   1   2  -1 
2456220.514069 0.000000 0.000000 6755.832612 0.640640 6749.119784 8.126903 6757.246687 6.712828 0.640640 -1.414075 0.640640 1.945240   1   2  -1 
2456220.514069 0.000000 0.000000 6755.832612 0.640640 6749.119784 8.126903 6757.246687 6.712828 0.640640 -1.414075 0.640640 1.945240   1   2  -1 
2456409.867093 0.000000 0.000000 6759.457368 1.234666 6749.119784 13.649480 6762.769264 10.337584 1.234666 -3.311896 1.234666 1.945240   1   2  -1 
2456409.867093 0.000000 0.000000 6759.457368 1.234666 6749.119784 13.649480 6762.769264 10.337584 1.234666 -3.311896 1.234666 1.945240   1   2  -1 
2456409.872719 0.000000 0.000000 6760.777904 1.190406 6749.119784 13.674446 6762.794230 11.658120 1.190406 -2.016326 1.190406 1.945240   1   2  -1 
2456409.872719 0.000000 0.000000 6760.777904 1.190406 6749.119784 13.674446 6762.794230 11.658120 1.190406 -2.016326 1.190406 1.945240   1   2  -1 
2456410.795661 0.000000 0.000000 6769.842631 6.542149 6749.119784 15.543482 6764.663266 20.722847 6.542149 5.179365 6.542149 1.945240   1   2  -1 
2456410.795661 0.000000 0.000000 6769.842631 6.542149 6749.119784 15.543482 6764.663266 20.722847 6.542149 5.179365 6.542149 1.945240   1   2  -1 
2456410.804261 0.000000 0.000000 6767.393954 4.854859 6749.119784 15.538238 6764.658022 18.274170 4.854859 2.735932 4.854859 1.945240   1   2  -1 
2456410.804261 0.000000 0.000000 6767.393954 4.854859 6749.119784 15.538238 6764.658022 18.274170 4.854859 2.735932 4.854859 1.945240   1   2  -1 
2456416.824768 0.000000 0.000000 6754.823732 1.100783 6749.119784 5.235323 6754.355107 5.703948 1.100783 0.468625 1.100783 1.945240   1   2  -1 
2456416.824768 0.000000 0.000000 6754.823732 1.100783 6749.119784 5.235323 6754.355107 5.703948 1.100783 0.468625 1.100783 1.945240   1   2  -1 
2456416.828565 0.000000 0.000000 6752.557971 1.091725 6749.119784 5.244431 6754.364215 3.438187 1.091725 -1.806244 1.091725 1.945240   1   2  -1 
2456416.828565 0.000000 0.000000 6752.557971 1.091725 6749.119784 5.244431 6754.364215 3.438187 1.091725 -1.806244 1.091725 1.945240   1   2  -1 
2456416.832443 0.000000 0.000000 6755.652557 1.133660 6749.119784 5.253697 6754.373481 6.532773 1.133660 1.279076 1.133660 1.945240   1   2  -1 
2456416.832443 0.000000 0.000000 6755.652557 1.133660 6749.119784 5.253697 6754.373481 6.532773 1.133660 1.279076 1.133660 1.945240   1   2  -1 
2456432.884915 0.000000 0.000000 6750.289458 0.787972 6749.119784 -0.130850 6748.988934 1.169674 0.787972 1.300524 0.787972 1.945240   1   2  -1 
2456432.884915 0.000000 0.000000 6750.289458 0.787972 6749.119784 -0.130850 6748.988934 1.169674 0.787972 1.300524 0.787972 1.945240   1   2  -1 
2456432.890124 0.000000 0.000000 6749.887804 0.901606 6749.119784 -0.128180 6748.991603 0.768020 0.901606 0.896201 0.901606 1.945240   1   2  -1 
2456432.890124 0.000000 0.000000 6749.887804 0.901606 6749.119784 -0.128180 6748.991603 0.768020 0.901606 0.896201 0.901606 1.945240   1   2  -1 
2456433.905268 0.000000 0.000000 6751.123745 1.477288 6749.119784 0.747600 6749.867384 2.003961 1.477288 1.256361 1.477288 1.945240   1   2  -1 
2456433.905268 0.000000 0.000000 6751.123745 1.477288 6749.119784 0.747600 6749.867384 2.003961 1.477288 1.256361 1.477288 1.945240   1   2  -1 
2456433.910395 0.000000 0.000000 6755.515765 1.603077 6749.119784 0.753173 6749.872957 6.395981 1.603077 5.642808 1.603077 1.945240   1   2  -1 
2456433.910395 0.000000 0.000000 6755.515765 1.603077 6749.119784 0.753173 6749.872957 6.395981 1.603077 5.642808 1.603077 1.945240   1   2  -1 
2456434.892458 0.000000 0.000000 6749.944594 0.969582 6749.119784 1.805294 6750.925078 0.824810 0.969582 -0.980484 0.969582 1.945240   1   2  -1 
2456434.892458 0.000000 0.000000 6749.944594 0.969582 6749.119784 1.805294 6750.925078 0.824810 0.969582 -0.980484 0.969582 1.945240   1   2  -1 
2456434.898129 0.000000 0.000000 6750.432478 0.937709 6749.119784 1.810779 6750.930563 1.312694 0.937709 -0.498085 0.937709 1.945240   1   2  -1 
2456434.898129 0.000000 0.000000 6750.432478 0.937709 6749.119784 1.810779 6750.930563 1.312694 0.937709 -0.498085 0.937709 1.945240   1   2  -1 
2456437.889188 0.000000 0.000000 6752.992684 0.801579 6749.119784 3.668177 6752.787961 3.872900 0.801579 0.204723 0.801579 1.945240   1   2  -1 
2456437.889188 0.000000 0.000000 6752.992684 0.801579 6749.119784 3.668177 6752.787961 3.872900 0.801579 0.204723 0.801579 1.945240   1   2  -1 
2456437.894720 0.000000 0.000000 6750.576482 0.735776 6749.119784 3.671919 6752.791703 1.456698 0.735776 -2.215221 0.735776 1.945240   1   2  -1 
2456437.894720 0.000000 0.000000 6750.576482 0.735776 6749.119784 3.671919 6752.791703 1.456698 0.735776 -2.215221 0.735776 1.945240   1   2  -1 
2456438.860772 0.000000 0.000000 6752.460540 0.640814 6749.119784 4.403004 6753.522788 3.340756 0.640814 -1.062248 0.640814 1.945240   1   2  -1 
2456438.860772 0.000000 0.000000 6752.460540 0.640814 6749.119784 4.403004 6753.522788 3.340756 0.640814 -1.062248 0.640814 1.945240   1   2  -1 
2456441.860316 0.000000 0.000000 6756.852144 0.846284 6749.119784 5.559894 6754.679678 7.732360 0.846284 2.172466 0.846284 1.945240   1   2  -1 
2456441.860316 0.000000 0.000000 6756.852144 0.846284 6749.119784 5.559894 6754.679678 7.732360 0.846284 2.172466 0.846284 1.945240   1   2  -1 
2456454.832361 0.000000 0.000000 6752.986609 0.709239 6749.119784 2.833721 6751.953505 3.866825 0.709239 1.033104 0.709239 1.945240   1   2  -1 
2456454.832361 0.000000 0.000000 6752.986609 0.709239 6749.119784 2.833721 6751.953505 3.866825 0.709239 1.033104 0.709239 1.945240   1   2  -1 
2456454.837894 0.000000 0.000000 6750.972291 0.711651 6749.119784 2.827976 6751.947759 1.852507 0.711651 -0.975468 0.711651 1.945240   1   2  -1 
2456454.837894 0.000000 0.000000 6750.972291 0.711651 6749.119784 2.827976 6751.947759 1.852507 0.711651 -0.975468 0.711651 1.945240   1   2  -1 
2456467.823190 0.000000 0.000000 6754.822849 1.255655 6749.119784 3.434327 6752.554111 5.703065 1.255655 2.268738 1.255655 1.945240   1   2  -1 
2456467.823190 0.000000 0.000000 6754.822849 1.255655 6749.119784 3.434327 6752.554111 5.703065 1.255655 2.268738 1.255655 1.945240   1   2  -1 
2456467.826929 0.000000 0.000000 6751.728023 1.113375 6749.119784 3.435908 6752.555692 2.608239 1.113375 -0.827669 1.113375 1.945240   1   2  -1 
2456467.826929 0.000000 0.000000 6751.728023 1.113375 6749.119784 3.435908 6752.555692 2.608239 1.113375 -0.827669 1.113375 1.945240   1   2  -1 
2456467.830702 0.000000 0.000000 6751.044367 1.185837 6749.119784 3.437536 6752.557320 1.924583 1.185837 -1.512953 1.185837 1.945240   1   2  -1 
2456467.830702 0.000000 0.000000 6751.044367 1.185837 6749.119784 3.437536 6752.557320 1.924583 1.185837 -1.512953 1.185837 1.945240   1   2  -1 
2456473.860840 0.000000 0.000000 6750.322340 1.051321 6749.119784 0.849121 6749.968905 1.202556 1.051321 0.353435 1.051321 1.945240   1   2  -1 
2456473.860840 0.000000 0.000000 6750.322340 1.051321 6749.119784 0.849121 6749.968905 1.202556 1.051321 0.353435 1.051321 1.945240   1   2  -1 
2456473.864821 0.000000 0.000000 6751.867851 1.016901 6749.119784 0.846724 6749.966508 2.748067 1.016901 1.901343 1.016901 1.945240   1   2  -1 
2456473.864821 0.000000 0.000000 6751.867851 1.016901 6749.119784 0.846724 6749.966508 2.748067 1.016901 1.901343 1.016901 1.945240   1   2  -1 
2456473.868595 0.000000 0.000000 6753.178042 1.098920 6749.119784 0.844491 6749.964275 4.058258 1.098920 3.213767 1.098920 1.945240   1   2  -1 
2456473.868595 0.000000 0.000000 6753.178042 1.098920 6749.119784 0.844491 6749.964275 4.058258 1.098920 3.213767 1.098920 1.945240   1   2  -1 
2456480.776552 0.000000 0.000000 6754.557282 0.996431 6749.119784 3.158332 6752.278116 5.437498 0.996431 2.279166 0.996431 1.945240   1   2  -1 
2456480.776552 0.000000 0.000000 6754.557282 0.996431 6749.119784 3.158332 6752.278116 5.437498 0.996431 2.279166 0.996431 1.945240   1   2  -1 
2456480.782281 0.000000 0.000000 6755.387313 0.925325 6749.119784 3.159507 6752.279291 6.267529 0.925325 3.108022 0.925325 1.945240   1   2  -1 
2456480.782281 0.000000 0.000000 6755.387313 0.925325 6749.119784 3.159507 6752.279291 6.267529 0.925325 3.108022 0.925325 1.945240   1   2  -1 
2456481.631506 0.000000 0.000000 6756.772221 1.240759 6749.119784 3.857331 6752.977115 7.652437 1.240759 3.795106 1.240759 1.945240   1   2  -1 
2456481.631506 0.000000 0.000000 6756.772221 1.240759 6749.119784 3.857331 6752.977115 7.652437 1.240759 3.795106 1.240759 1.945240   1   2  -1 
2456481.637189 0.000000 0.000000 6753.538508 1.259412 6749.119784 3.864727 6752.984511 4.418724 1.259412 0.553997 1.259412 1.945240   1   2  -1 
2456481.637189 0.000000 0.000000 6753.538508 1.259412 6749.119784 3.864727 6752.984511 4.418724 1.259412 0.553997 1.259412 1.945240   1   2  -1 
2456501.599929 0.000000 0.000000 6754.822030 0.631664 6749.119784 5.582079 6754.701863 5.702246 0.631664 0.120167 0.631664 1.945240   1   2  -1 
2456501.599929 0.000000 0.000000 6754.822030 0.631664 6749.119784 5.582079 6754.701863 5.702246 0.631664 0.120167 0.631664 1.945240   1   2  -1 
2456523.744316 0.000000 0.000000 6751.875856 0.567478 6749.119784 1.948761 6751.068545 2.756072 0.567478 0.807311 0.567478 1.945240   1   2  -1 
2456523.744316 0.000000 0.000000 6751.875856 0.567478 6749.119784 1.948761 6751.068545 2.756072 0.567478 0.807311 0.567478 1.945240   1   2  -1 
2456524.691276 0.000000 0.000000 6747.554595 0.703132 6749.119784 1.541658 6750.661442 -1.565189 0.703132 -3.106847 0.703132 1.945240   1   2  -1 
2456524.691276 0.000000 0.000000 6747.554595 0.703132 6749.119784 1.541658 6750.661442 -1.565189 0.703132 -3.106847 0.703132 1.945240   1   2  -1 
2456524.696693 0.000000 0.000000 6749.458315 0.716695 6749.119784 1.543264 6750.663048 0.338531 0.716695 -1.204733 0.716695 1.945240   1   2  -1 
2456524.696693 0.000000 0.000000 6749.458315 0.716695 6749.119784 1.543264 6750.663048 0.338531 0.716695 -1.204733 0.716695 1.945240   1   2  -1 
2456525.743740 0.000000 0.000000 6754.356749 0.637734 6749.119784 2.554932 6751.674716 5.236965 0.637734 2.682033 0.637734 1.945240   1   2  -1 
2456525.743740 0.000000 0.000000 6754.356749 0.637734 6749.119784 2.554932 6751.674716 5.236965 0.637734 2.682033 0.637734 1.945240   1   2  -1 
2456569.534062 0.000000 0.000000 6756.517428 1.076929 6749.119784 6.011175 6755.130959 7.397644 1.076929 1.386469 1.076929 1.945240   1   2  -1 
2456569.534062 0.000000 0.000000 6756.517428 1.076929 6749.119784 6.011175 6755.130959 7.397644 1.076929 1.386469 1.076929 1.945240   1   2  -1 
2456585.564665 0.000000 0.000000 6750.921123 0.855663 6749.119784 -1.231435 6747.888349 1.801339 0.855663 3.032774 0.855663 1.945240   1   2  -1 
2456585.564665 0.000000 0.000000 6750.921123 0.855663 6749.119784 -1.231435 6747.888349 1.801339 0.855663 3.032774 0.855663 1.945240   1   2  -1 
2456585.568473 0.000000 0.000000 6746.976103 0.828824 6749.119784 -1.231870 6747.887914 -2.143681 0.828824 -0.911811 0.828824 1.945240   1   2  -1 
2456585.568473 0.000000 0.000000 6746.976103 0.828824 6749.119784 -1.231870 6747.887914 -2.143681 0.828824 -0.911811 0.828824 1.945240   1   2  -1 
2456585.572350 0.000000 0.000000 6750.112670 0.846101 6749.119784 -1.232294 6747.887490 0.992886 0.846101 2.225180 0.846101 1.945240   1   2  -1 
2456585.572350 0.000000 0.000000 6750.112670 0.846101 6749.119784 -1.232294 6747.887490 0.992886 0.846101 2.225180 0.846101 1.945240   1   2  -1 
2456586.547688 0.000000 0.000000 6750.875948 0.928572 6749.119784 -0.857334 6748.262450 1.756164 0.928572 2.613498 0.928572 1.945240   1   2  -1 
2456586.547688 0.000000 0.000000 6750.875948 0.928572 6749.119784 -0.857334 6748.262450 1.756164 0.928572 2.613498 0.928572 1.945240   1   2  -1 
2456586.551530 0.000000 0.000000 6750.104421 0.993006 6749.119784 -0.854432 6748.265352 0.984637 0.993006 1.839069 0.993006 1.945240   1   2  -1 
2456586.551530 0.000000 0.000000 6750.104421 0.993006 6749.119784 -0.854432 6748.265352 0.984637 0.993006 1.839069 0.993006 1.945240   1   2  -1 
2456586.555442 0.000000 0.000000 6748.200881 1.030307 6749.119784 -0.851471 6748.268313 -0.918903 1.030307 -0.067432 1.030307 1.945240   1   2  -1 
2456586.555442 0.000000 0.000000 6748.200881 1.030307 6749.119784 -0.851471 6748.268313 -0.918903 1.030307 -0.067432 1.030307 1.945240   1   2  -1 
2456590.510961 0.000000 0.000000 6753.078268 1.367518 6749.119784 0.347685 6749.467469 3.958484 1.367518 3.610799 1.367518 1.945240   1   2  -1 
2456590.510961 0.000000 0.000000 6753.078268 1.367518 6749.119784 0.347685 6749.467469 3.958484 1.367518 3.610799 1.367518 1.945240   1   2  -1 
2456590.514943 0.000000 0.000000 6747.110191 1.522789 6749.119784 0.349463 6749.469247 -2.009593 1.522789 -2.359056 1.522789 1.945240   1   2  -1 
2456590.514943 0.000000 0.000000 6747.110191 1.522789 6749.119784 0.349463 6749.469247 -2.009593 1.522789 -2.359056 1.522789 1.945240   1   2  -1 
2456590.518611 0.000000 0.000000 6747.510946 1.287716 6749.119784 0.351116 6749.470900 -1.608838 1.287716 -1.959954 1.287716 1.945240   1   2  -1 
2456590.518611 0.000000 0.000000 6747.510946 1.287716 6749.119784 0.351116 6749.470900 -1.608838 1.287716 -1.959954 1.287716 1.945240   1   2  -1 
2456765.917789 0.000000 0.000000 6752.196408 0.712210 6749.119784 1.385508 6750.505292 3.076624 0.712210 1.691116 0.712210 1.945240   1   2  -1 
2456765.917789 0.000000 0.000000 6752.196408 0.712210 6749.119784 1.385508 6750.505292 3.076624 0.712210 1.691116 0.712210 1.945240   1   2  -1 
2456765.923021 0.000000 0.000000 6750.137503 0.718686 6749.119784 1.391481 6750.511265 1.017719 0.718686 -0.373762 0.718686 1.945240   1   2  -1 
2456765.923021 0.000000 0.000000 6750.137503 0.718686 6749.119784 1.391481 6750.511265 1.017719 0.718686 -0.373762 0.718686 1.945240   1   2  -1 
2456789.854143 0.000000 0.000000 6754.654993 0.783119 6749.119784 4.460050 6753.579834 5.535209 0.783119 1.075159 0.783119 1.945240   1   2  -1 
2456789.854143 0.000000 0.000000 6754.654993 0.783119 6749.119784 4.460050 6753.579834 5.535209 0.783119 1.075159 0.783119 1.945240   1   2  -1 
2456789.859722 0.000000 0.000000 6754.125832 0.810184 6749.119784 4.467669 6753.587453 5.006048 0.810184 0.538379 0.810184 1.945240   1   2  -1 
2456789.859722 0.000000 0.000000 6754.125832 0.810184 6749.119784 4.467669 6753.587453 5.006048 0.810184 0.538379 0.810184 1.945240   1   2  -1 
2456806.890179 0.000000 0.000000 6753.452377 0.848654 6749.119784 3.717904 6752.837688 4.332593 0.848654 0.614689 0.848654 1.945240   1   2  -1 
2456806.890179 0.000000 0.000000 6753.452377 0.848654 6749.119784 3.717904 6752.837688 4.332593 0.848654 0.614689 0.848654 1.945240   1   2  -1 
2456829.893363 0.000000 0.000000 6751.251499 0.544726 6749.119784 0.101001 6749.220785 2.131715 0.544726 2.030714 0.544726 1.945240   1   2  -1 
2456829.893363 0.000000 0.000000 6751.251499 0.544726 6749.119784 0.101001 6749.220785 2.131715 0.544726 2.030714 0.544726 1.945240   1   2  -1 
2456857.748704 0.000000 0.000000 6749.652990 0.916881 6749.119784 1.097610 6750.217394 0.533206 0.916881 -0.564404 0.916881 1.945240   1   2  -1 
2456857.748704 0.000000 0.000000 6749.652990 0.916881 6749.119784 1.097610 6750.217394 0.533206 0.916881 -0.564404 0.916881 1.945240   1   2  -1 
2456857.754433 0.000000 0.000000 6750.982955 0.896024 6749.119784 1.097631 6750.217415 1.863171 0.896024 0.765540 0.896024 1.945240   1   2  -1 
2456857.754433 0.000000 0.000000 6750.982955 0.896024 6749.119784 1.097631 6750.217415 1.863171 0.896024 0.765540 0.896024 1.945240   1   2  -1 
2456866.784629 0.000000 0.000000 6748.725985 0.744866 6749.119784 -0.344824 6748.774960 -0.393799 0.744866 -0.048975 0.744866 1.945240   1   2  -1 
2456866.784629 0.000000 0.000000 6748.725985 0.744866 6749.119784 -0.344824 6748.774960 -0.393799 0.744866 -0.048975 0.744866 1.945240   1   2  -1 
2456896.727940 0.000000 0.000000 6755.871457 1.053796 6749.119784 5.025319 6754.145103 6.751673 1.053796 1.726354 1.053796 1.945240   1   2  -1 
2456896.727940 0.000000 0.000000 6755.871457 1.053796 6749.119784 5.025319 6754.145103 6.751673 1.053796 1.726354 1.053796 1.945240   1   2  -1 
2456896.733287 0.000000 0.000000 6755.155412 1.302275 6749.119784 5.038143 6754.157927 6.035628 1.302275 0.997485 1.302275 1.945240   1   2  -1 
2456896.733287 0.000000 0.000000 6755.155412 1.302275 6749.119784 5.038143 6754.157927 6.035628 1.302275 0.997485 1.302275 1.945240   1   2  -1 
2457146.919889 0.000000 0.000000 6757.076817 0.544417 6749.119784 4.644669 6753.764453 7.957033 0.544417 3.312364 0.544417 1.945240   1   2  -1 
2457146.919889 0.000000 0.000000 6757.076817 0.544417 6749.119784 4.644669 6753.764453 7.957033 0.544417 3.312364 0.544417 1.945240   1   2  -1 
2457176.844500 0.000000 0.000000 6764.693117 0.482556 6766.565529 -2.775538 6763.789991 -1.872412 0.482556 0.903126 0.482556 1.945240   1   3  -1 
2457176.844500 0.000000 0.000000 6764.693117 0.482556 6766.565529 -2.775538 6763.789991 -1.872412 0.482556 0.903126 0.482556 1.945240   1   3  -1 
2457180.950532 0.000000 0.000000 6764.602498 0.611496 6766.565529 -2.127081 6764.438447 -1.963031 0.611496 0.164051 0.611496 1.945240   1   3  -1 
2457180.950532 0.000000 0.000000 6764.602498 0.611496 6766.565529 -2.127081 6764.438447 -1.963031 0.611496 0.164051 0.611496 1.945240   1   3  -1 
2457180.956053 0.000000 0.000000 6767.474385 0.642310 6766.565529 -2.132927 6764.432602 0.908856 0.642310 3.041783 0.642310 1.945240   1   3  -1 
2457180.956053 0.000000 0.000000 6767.474385 0.642310 6766.565529 -2.132927 6764.432602 0.908856 0.642310 3.041783 0.642310 1.945240   1   3  -1 
2457257.708144 0.000000 0.000000 6774.685435 0.957095 6766.565529 6.237869 6772.803398 8.119906 0.957095 1.882037 0.957095 1.945240   1   3  -1 
2457257.708144 0.000000 0.000000 6774.685435 0.957095 6766.565529 6.237869 6772.803398 8.119906 0.957095 1.882037 0.957095 1.945240   1   3  -1 
2457257.713815 0.000000 0.000000 6774.256609 1.031637 6766.565529 6.241698 6772.807227 7.691080 1.031637 1.449382 1.031637 1.945240   1   3  -1 
2457257.713815 0.000000 0.000000 6774.256609 1.031637 6766.565529 6.241698 6772.807227 7.691080 1.031637 1.449382 1.031637 1.945240   1   3  -1 
2457307.523708 0.000000 0.000000 6769.474717 0.569213 6766.565529 3.626090 6770.191619 2.909188 0.569213 -0.716902 0.569213 1.945240   1   3  -1 
2457307.523708 0.000000 0.000000 6769.474717 0.569213 6766.565529 3.626090 6770.191619 2.909188 0.569213 -0.716902 0.569213 1.945240   1   3  -1 
2457307.529113 0.000000 0.000000 6769.180290 0.591603 6766.565529 3.635294 6770.200823 2.614761 0.591603 -1.020533 0.591603 1.945240   1   3  -1 
2457307.529113 0.000000 0.000000 6769.180290 0.591603 6766.565529 3.635294 6770.200823 2.614761 0.591603 -1.020533 0.591603 1.945240   1   3  -1 
2457675.588735 0.000000 0.000000 6771.120424 0.533261 6766.565529 7.594344 6774.159873 4.554895 0.533261 -3.039449 0.533261 1.945240   1   3  -1 
2457675.588735 0.000000 0.000000 6771.120424 0.533261 6766.565529 7.594344 6774.159873 4.554895 0.533261 -3.039449 0.533261 1.945240   1   3  -1 
2457879.840329 0.000000 0.000000 6766.798509 0.840815 6766.565529 1.393095 6767.958624 0.232980 0.840815 -1.160115 0.840815 1.945240   1   3  -1 
2457879.840329 0.000000 0.000000 6766.798509 0.840815 6766.565529 1.393095 6767.958624 0.232980 0.840815 -1.160115 0.840815 1.945240   1   3  -1 
2457943.770578 0.000000 0.000000 6775.093006 0.454087 6766.565529 8.018803 6774.584331 8.527477 0.454087 0.508675 0.454087 1.945240   1   3  -1 
2457943.770578 0.000000 0.000000 6775.093006 0.454087 6766.565529 8.018803 6774.584331 8.527477 0.454087 0.508675 0.454087 1.945240   1   3  -1 
2457968.637355 0.000000 0.000000 6769.850407 0.766025 6766.565529 5.608832 6772.174361 3.284878 0.766025 -2.323954 0.766025 1.945240   1   3  -1 
2457968.637355 0.000000 0.000000 6769.850407 0.766025 6766.565529 5.608832 6772.174361 3.284878 0.766025 -2.323954 0.766025 1.945240   1   3  -1 
2460042.883932 0.000000 0.000000 6638.543767 0.194366 6633.791411 0.105855 6633.897266 4.752356 0.194366 4.646501 0.194366 11.117737   0   1  -1 
2460042.889532 0.000000 0.000000 6639.362246 0.197675 6633.791411 0.096259 6633.887670 5.570835 0.197675 5.474576 0.197675 11.117737   0   1  -1 
2460043.870973 0.000000 0.000000 6635.676123 0.231538 6633.791411 -1.229462 6632.561949 1.884712 0.231538 3.114174 0.231538 11.117737   0   1  -1 
2460043.876677 0.000000 0.000000 6635.144250 0.215486 6633.791411 -1.234985 6632.556426 1.352839 0.215486 2.587824 0.215486 11.117737   0   1  -1 
2460044.793251 0.000000 0.000000 6636.194980 0.238014 6633.791411 -1.816480 6631.974932 2.403569 0.238014 4.220048 0.238014 11.117737   0   1  -1 
2460044.798982 0.000000 0.000000 6635.616222 0.236508 6633.791411 -1.818408 6631.973003 1.824811 0.236508 3.643219 0.236508 11.117737   0   1  -1 
2460045.773704 0.000000 0.000000 6630.485958 0.527086 6633.791411 -1.945657 6631.845755 -3.305453 0.527086 -1.359797 0.527086 11.117737   0   1  -1 
2460045.779649 0.000000 0.000000 6631.851550 0.356358 6633.791411 -1.945599 6631.845812 -1.939861 0.356358 0.005738 0.356358 11.117737   0   1  -1 
2460046.786658 0.000000 0.000000 6633.843874 0.216596 6633.791411 -1.918689 6631.872722 0.052463 0.216596 1.971152 0.216596 11.117737   0   1  -1 
2460046.792204 0.000000 0.000000 6634.866972 0.200898 6633.791411 -1.918741 6631.872671 1.075561 0.200898 2.994301 0.200898 11.117737   0   1  -1 
2460047.789500 0.000000 0.000000 6633.186422 0.215835 6633.791411 -2.028938 6631.762474 -0.604989 0.215835 1.423948 0.215835 11.117737   0   1  -1 
2460047.795047 0.000000 0.000000 6633.209210 0.207999 6633.791411 -2.030180 6631.761232 -0.582201 0.207999 1.447978 0.207999 11.117737   0   1  -1 
2460048.783364 0.000000 0.000000 6629.609690 0.259180 6633.791411 -2.351014 6631.440397 -4.181721 0.259180 -1.830707 0.259180 11.117737   0   1  -1 
2460048.789012 0.000000 0.000000 6629.256972 0.241587 6633.791411 -2.353301 6631.438110 -4.534439 0.241587 -2.181138 0.241587 11.117737   0   1  -1 
2460049.801102 0.000000 0.000000 6631.039854 0.223882 6633.791411 -2.785008 6631.006403 -2.751557 0.223882 0.033451 0.223882 11.117737   0   1  -1 
2460049.806533 0.000000 0.000000 6630.157588 0.237350 6633.791411 -2.787245 6631.004166 -3.633823 0.237350 -0.846578 0.237350 11.117737   0   1  -1 
2460050.776767 0.000000 0.000000 6629.430013 0.220926 6633.791411 -3.106604 6630.684808 -4.361398 0.220926 -1.254795 0.220926 11.117737   0   1  -1 
2460050.782471 0.000000 0.000000 6629.926843 0.212336 6633.791411 -3.107823 6630.683588 -3.864568 0.212336 -0.756745 0.212336 11.117737   0   1  -1 
2460068.823617 0.000000 0.000000 6631.559544 0.250917 6633.791411 0.991014 6634.782426 -2.231867 0.250917 -3.222882 0.250917 11.117737   0   1  -1 
2460068.829253 0.000000 0.000000 6629.646784 0.315822 6633.791411 0.994089 6634.785500 -4.144627 0.315822 -5.138716 0.315822 11.117737   0   1  -1 
2460073.775251 0.000000 0.000000 6625.088984 0.273036 6633.791411 -6.221915 6627.569496 -8.702427 0.273036 -2.480512 0.273036 11.117737   0   1  -1 
2460073.780774 0.000000 0.000000 6625.286948 0.249282 6633.791411 -6.228607 6627.562804 -8.504463 0.249282 -2.275856 0.249282 11.117737   0   1  -1 
2460076.728213 0.000000 0.000000 6628.562665 0.253446 6633.791411 -5.580797 6628.210614 -5.228746 0.253446 0.352051 0.253446 11.117737   0   1  -1 
2460076.733797 0.000000 0.000000 6628.366049 0.242470 6633.791411 -5.575556 6628.215855 -5.425362 0.242470 0.150194 0.242470 11.117737   0   1  -1 
2460077.755001 0.000000 0.000000 6624.903844 0.312506 6633.791411 -4.535297 6629.256115 -8.887567 0.312506 -4.352271 0.312506 11.117737   0   1  -1 
2460077.760768 0.000000 0.000000 6625.020045 0.301092 6633.791411 -4.528851 6629.262560 -8.771366 0.301092 -4.242515 0.301092 11.117737   0   1  -1 
2460078.818364 0.000000 0.000000 6630.516939 0.236131 6633.791411 -3.195861 6630.595551 -3.274472 0.236131 -0.078612 0.236131 11.117737   0   1  -1 
2460078.823976 0.000000 0.000000 6630.804515 0.231515 6633.791411 -3.188003 6630.603408 -2.986896 0.231515 0.201107 0.231515 11.117737   0   1  -1 
2460079.846559 0.000000 0.000000 6632.273395 0.225727 6633.791411 -1.715544 6632.075867 -1.518016 0.225727 0.197528 0.225727 11.117737   0   1  -1 
2460079.852048 0.000000 0.000000 6631.927170 0.228638 6633.791411 -1.707932 6632.083479 -1.864241 0.228638 -0.156309 0.228638 11.117737   0   1  -1 
2460080.730235 0.000000 0.000000 6632.645260 0.243529 6633.791411 -0.692772 6633.098639 -1.146151 0.243529 -0.453379 0.243529 11.117737   0   1  -1 
2460080.735864 0.000000 0.000000 6633.292553 0.224766 6633.791411 -0.688053 6633.103358 -0.498858 0.224766 0.189195 0.224766 11.117737   0   1  -1 
2460082.755256 0.000000 0.000000 6630.390412 0.286786 6633.791411 -0.876939 6632.914472 -3.400999 0.286786 -2.524060 0.286786 11.117737   0   1  -1 
2460082.760842 0.000000 0.000000 6630.795800 0.259323 6633.791411 -0.880833 6632.910578 -2.995611 0.259323 -2.114778 0.259323 11.117737   0   1  -1 
2460085.681985 0.000000 0.000000 6698.391877 0.365564 6633.791411 2.520464 6636.311875 64.600466 0.365564 62.080002 0.365564 11.117737   0   1  -1 
2460085.687655 0.000000 0.000000 6697.808554 0.384345 6633.791411 2.541761 6636.333172 64.017143 0.384345 61.475382 0.384345 11.117737   0   1  -1 
2460086.748603 0.000000 0.000000 6635.114081 0.193185 6633.791411 6.782971 6640.574382 1.322670 0.193185 -5.460301 0.193185 11.117737   0   1  -1 
2460086.754324 0.000000 0.000000 6634.108130 0.208316 6633.791411 6.804699 6640.596110 0.316719 0.208316 -6.487980 0.208316 11.117737   0   1  -1 
2460199.601214 0.000000 0.000000 6622.205086 0.389251 6633.791411 -9.742071 6624.049340 -11.586325 0.389251 -1.844254 0.389251 11.117737   0   1  -1 
2460199.607025 0.000000 0.000000 6622.574384 0.381438 6633.791411 -9.733405 6624.058006 -11.217027 0.381438 -1.483622 0.381438 11.117737   0   1  -1 
2460201.515076 0.000000 0.000000 6625.332354 0.272613 6633.791411 -6.632235 6627.159176 -8.459057 0.272613 -1.826822 0.272613 11.117737   0   1  -1 
2460201.520627 0.000000 0.000000 6624.542897 0.294212 6633.791411 -6.625240 6627.166171 -9.248514 0.294212 -2.623274 0.294212 11.117737   0   1  -1 
2460202.533617 0.000000 0.000000 6626.906002 0.232737 6633.791411 -5.677278 6628.114133 -6.885409 0.232737 -1.208131 0.232737 11.117737   0   1  -1 
2460202.539273 0.000000 0.000000 6627.020676 0.220468 6633.791411 -5.673554 6628.117857 -6.770735 0.220468 -1.097181 0.220468 11.117737   0   1  -1 
2460203.571018 0.000000 0.000000 6625.203535 0.337253 6633.791411 -5.122586 6628.668825 -8.587876 0.337253 -3.465290 0.337253 11.117737   0   1  -1 
2460203.577196 0.000000 0.000000 6625.477322 0.360328 6633.791411 -5.119526 6628.671885 -8.314089 0.360328 -3.194563 0.360328 11.117737   0   1  -1 
2460204.530857 0.000000 0.000000 6628.752956 0.197030 6633.791411 -4.583159 6629.208252 -5.038455 0.197030 -0.455296 0.197030 11.117737   0   1  -1 
2460204.536387 0.000000 0.000000 6627.522270 0.208547 6633.791411 -4.579590 6629.211821 -6.269141 0.208547 -1.689551 0.208547 11.117737   0   1  -1 
2460205.516019 0.000000 0.000000 6628.249113 0.244280 6633.791411 -3.900585 6629.890826 -5.542298 0.244280 -1.641713 0.244280 11.117737   0   1  -1 
2460205.521490 0.000000 0.000000 6628.705998 0.216530 6633.791411 -3.896782 6629.894629 -5.085413 0.216530 -1.188631 0.216530 11.117737   0   1  -1 
2460206.534104 0.000000 0.000000 6627.482697 0.247014 6633.791411 -3.293373 6630.498038 -6.308714 0.247014 -3.015341 0.247014 11.117737   0   1  -1 
2460206.539634 0.000000 0.000000 6629.267429 0.225863 6633.791411 -3.290816 6630.500595 -4.523982 0.225863 -1.233166 0.225863 11.117737   0   1  -1 
2460208.612713 0.000000 0.000000 6630.363009 0.238171 6633.791411 -2.489484 6631.301927 -3.428402 0.238171 -0.938918 0.238171 11.117737   0   1  -1 
2460208.618030 0.000000 0.000000 6629.924431 0.245322 6633.791411 -2.485742 6631.305669 -3.866980 0.245322 -1.381238 0.245322 11.117737   0   1  -1 
2460209.504007 0.000000 0.000000 6623.939779 0.494812 6633.791411 -1.494996 6632.296415 -9.851632 0.494812 -8.356636 0.494812 11.117737   0   1  -1 
2460209.509978 0.000000 0.000000 6626.528984 0.441044 6633.791411 -1.485510 6632.305901 -7.262427 0.441044 -5.776917 0.441044 11.117737   0   1  -1 
2460210.587394 0.000000 0.000000 6629.731782 0.275366 6633.791411 0.854549 6634.645960 -4.059629 0.275366 -4.914178 0.275366 11.117737   0   1  -1 
2460210.593026 0.000000 0.000000 6627.639495 0.295408 6633.791411 0.869618 6634.661029 -6.151916 0.295408 -7.021534 0.295408 11.117737   0   1  -1 
2460211.516295 0.000000 0.000000 6628.377092 0.380462 6633.791411 3.506183 6637.297594 -5.414319 0.380462 -8.920502 0.380462 11.117737   0   1  -1 
2460211.522268 0.000000 0.000000 6629.418252 0.306169 6633.791411 3.523350 6637.314761 -4.373159 0.306169 -7.896509 0.306169 11.117737   0   1  -1 
