# Tc_folded model 
-1.500000 -0.378551 
-1.499000 -0.370911 
-1.498000 -0.363242 
-1.497000 -0.355544 
-1.496000 -0.347817 
-1.495000 -0.340061 
-1.494000 -0.332277 
-1.493000 -0.324465 
-1.492000 -0.316624 
-1.491000 -0.308756 
-1.490000 -0.300860 
-1.489000 -0.292937 
-1.488000 -0.284987 
-1.487000 -0.277010 
-1.486000 -0.269007 
-1.485000 -0.260977 
-1.484000 -0.252921 
-1.483000 -0.244839 
-1.482000 -0.236732 
-1.481000 -0.228599 
-1.480000 -0.220442 
-1.479000 -0.212259 
-1.478000 -0.204052 
-1.477000 -0.195821 
-1.476000 -0.187566 
-1.475000 -0.179287 
-1.474000 -0.170985 
-1.473000 -0.162659 
-1.472000 -0.154311 
-1.471000 -0.145941 
-1.470000 -0.137548 
-1.469000 -0.129133 
-1.468000 -0.120697 
-1.467000 -0.112239 
-1.466000 -0.103760 
-1.465000 -0.095261 
-1.464000 -0.086741 
-1.463000 -0.078201 
-1.462000 -0.069642 
-1.461000 -0.061063 
-1.460000 -0.052465 
-1.459000 -0.043849 
-1.458000 -0.035214 
-1.457000 -0.026561 
-1.456000 -0.017890 
-1.455000 -0.009203 
-1.454000 -0.000498 
-1.453000 0.008223 
-1.452000 0.016961 
-1.451000 0.025714 
-1.450000 0.034483 
-1.449000 0.043267 
-1.448000 0.052066 
-1.447000 0.060879 
-1.446000 0.069706 
-1.445000 0.078547 
-1.444000 0.087400 
-1.443000 0.096267 
-1.442000 0.105146 
-1.441000 0.114037 
-1.440000 0.122939 
-1.439000 0.131852 
-1.438000 0.140777 
-1.437000 0.149711 
-1.436000 0.158656 
-1.435000 0.167609 
-1.434000 0.176572 
-1.433000 0.185544 
-1.432000 0.194523 
-1.431000 0.203511 
-1.430000 0.212505 
-1.429000 0.221506 
-1.428000 0.230514 
-1.427000 0.239528 
-1.426000 0.248547 
-1.425000 0.257571 
-1.424000 0.266599 
-1.423000 0.275632 
-1.422000 0.284668 
-1.421000 0.293707 
-1.420000 0.302749 
-1.419000 0.311793 
-1.418000 0.320838 
-1.417000 0.329885 
-1.416000 0.338932 
-1.415000 0.347979 
-1.414000 0.357026 
-1.413000 0.366073 
-1.412000 0.375117 
-1.411000 0.384160 
-1.410000 0.393201 
-1.409000 0.402238 
-1.408000 0.411273 
-1.407000 0.420303 
-1.406000 0.429329 
-1.405000 0.438349 
-1.404000 0.447364 
-1.403000 0.456373 
-1.402000 0.465376 
-1.401000 0.474371 
-1.400000 0.483359 
-1.399000 0.492338 
-1.398000 0.501309 
-1.397000 0.510270 
-1.396000 0.519221 
-1.395000 0.528162 
-1.394000 0.537092 
-1.393000 0.546010 
-1.392000 0.554916 
-1.391000 0.563809 
-1.390000 0.572689 
-1.389000 0.581555 
-1.388000 0.590407 
-1.387000 0.599244 
-1.386000 0.608065 
-1.385000 0.616870 
-1.384000 0.625658 
-1.383000 0.634429 
-1.382000 0.643182 
-1.381000 0.651917 
-1.380000 0.660632 
-1.379000 0.669328 
-1.378000 0.678003 
-1.377000 0.686658 
-1.376000 0.695291 
-1.375000 0.703902 
-1.374000 0.712490 
-1.373000 0.721056 
-1.372000 0.729597 
-1.371000 0.738114 
-1.370000 0.746606 
-1.369000 0.755072 
-1.368000 0.763512 
-1.367000 0.771925 
-1.366000 0.780311 
-1.365000 0.788669 
-1.364000 0.796998 
-1.363000 0.805297 
-1.362000 0.813567 
-1.361000 0.821807 
-1.360000 0.830015 
-1.359000 0.838192 
-1.358000 0.846336 
-1.357000 0.854447 
-1.356000 0.862525 
-1.355000 0.870569 
-1.354000 0.878578 
-1.353000 0.886552 
-1.352000 0.894490 
-1.351000 0.902392 
-1.350000 0.910256 
-1.349000 0.918082 
-1.348000 0.925871 
-1.347000 0.933620 
-1.346000 0.941330 
-1.345000 0.949000 
-1.344000 0.956629 
-1.343000 0.964216 
-1.342000 0.971762 
-1.341000 0.979265 
-1.340000 0.986726 
-1.339000 0.994142 
-1.338000 1.001515 
-1.337000 1.008843 
-1.336000 1.016125 
-1.335000 1.023361 
-1.334000 1.030551 
-1.333000 1.037693 
-1.332000 1.044788 
-1.331000 1.051835 
-1.330000 1.058833 
-1.329000 1.065782 
-1.328000 1.072680 
-1.327000 1.079528 
-1.326000 1.086325 
-1.325000 1.093071 
-1.324000 1.099764 
-1.323000 1.106405 
-1.322000 1.112992 
-1.321000 1.119526 
-1.320000 1.126005 
-1.319000 1.132430 
-1.318000 1.138799 
-1.317000 1.145113 
-1.316000 1.151370 
-1.315000 1.157570 
-1.314000 1.163713 
-1.313000 1.169798 
-1.312000 1.175825 
-1.311000 1.181792 
-1.310000 1.187701 
-1.309000 1.193549 
-1.308000 1.199338 
-1.307000 1.205065 
-1.306000 1.210731 
-1.305000 1.216336 
-1.304000 1.221878 
-1.303000 1.227358 
-1.302000 1.232775 
-1.301000 1.238128 
-1.300000 1.243417 
-1.299000 1.248642 
-1.298000 1.253802 
-1.297000 1.258897 
-1.296000 1.263926 
-1.295000 1.268889 
-1.294000 1.273786 
-1.293000 1.278616 
-1.292000 1.283379 
-1.291000 1.288074 
-1.290000 1.292702 
-1.289000 1.297261 
-1.288000 1.301751 
-1.287000 1.306172 
-1.286000 1.310524 
-1.285000 1.314806 
-1.284000 1.319018 
-1.283000 1.323160 
-1.282000 1.327231 
-1.281000 1.331231 
-1.280000 1.335160 
-1.279000 1.339017 
-1.278000 1.342802 
-1.277000 1.346515 
-1.276000 1.350156 
-1.275000 1.353723 
-1.274000 1.357218 
-1.273000 1.360640 
-1.272000 1.363988 
-1.271000 1.367262 
-1.270000 1.370463 
-1.269000 1.373589 
-1.268000 1.376640 
-1.267000 1.379618 
-1.266000 1.382520 
-1.265000 1.385347 
-1.264000 1.388099 
-1.263000 1.390776 
-1.262000 1.393377 
-1.261000 1.395903 
-1.260000 1.398352 
-1.259000 1.400726 
-1.258000 1.403023 
-1.257000 1.405245 
-1.256000 1.407389 
-1.255000 1.409458 
-1.254000 1.411449 
-1.253000 1.413364 
-1.252000 1.415202 
-1.251000 1.416963 
-1.250000 1.418648 
-1.249000 1.420255 
-1.248000 1.421785 
-1.247000 1.423238 
-1.246000 1.424614 
-1.245000 1.425912 
-1.244000 1.427133 
-1.243000 1.428277 
-1.242000 1.429344 
-1.241000 1.430333 
-1.240000 1.431245 
-1.239000 1.432080 
-1.238000 1.432838 
-1.237000 1.433518 
-1.236000 1.434121 
-1.235000 1.434647 
-1.234000 1.435096 
-1.233000 1.435468 
-1.232000 1.435763 
-1.231000 1.435981 
-1.230000 1.436122 
-1.229000 1.436186 
-1.228000 1.436174 
-1.227000 1.436085 
-1.226000 1.435920 
-1.225000 1.435678 
-1.224000 1.435360 
-1.223000 1.434967 
-1.222000 1.434497 
-1.221000 1.433951 
-1.220000 1.433330 
-1.219000 1.432634 
-1.218000 1.431862 
-1.217000 1.431015 
-1.216000 1.430093 
-1.215000 1.429096 
-1.214000 1.428025 
-1.213000 1.426880 
-1.212000 1.425660 
-1.211000 1.424367 
-1.210000 1.422999 
-1.209000 1.421559 
-1.208000 1.420045 
-1.207000 1.418458 
-1.206000 1.416798 
-1.205000 1.415066 
-1.204000 1.413261 
-1.203000 1.411385 
-1.202000 1.409437 
-1.201000 1.407417 
-1.200000 1.405327 
-1.199000 1.403165 
-1.198000 1.400933 
-1.197000 1.398631 
-1.196000 1.396259 
-1.195000 1.393817 
-1.194000 1.391306 
-1.193000 1.388726 
-1.192000 1.386077 
-1.191000 1.383360 
-1.190000 1.380575 
-1.189000 1.377722 
-1.188000 1.374802 
-1.187000 1.371815 
-1.186000 1.368761 
-1.185000 1.365641 
-1.184000 1.362455 
-1.183000 1.359204 
-1.182000 1.355888 
-1.181000 1.352507 
-1.180000 1.349061 
-1.179000 1.345552 
-1.178000 1.341978 
-1.177000 1.338342 
-1.176000 1.334643 
-1.175000 1.330882 
-1.174000 1.327058 
-1.173000 1.323173 
-1.172000 1.319227 
-1.171000 1.315220 
-1.170000 1.311153 
-1.169000 1.307026 
-1.168000 1.302839 
-1.167000 1.298593 
-1.166000 1.294289 
-1.165000 1.289926 
-1.164000 1.285506 
-1.163000 1.281028 
-1.162000 1.276494 
-1.161000 1.271903 
-1.160000 1.267256 
-1.159000 1.262554 
-1.158000 1.257797 
-1.157000 1.252985 
-1.156000 1.248119 
-1.155000 1.243199 
-1.154000 1.238226 
-1.153000 1.233200 
-1.152000 1.228122 
-1.151000 1.222992 
-1.150000 1.217811 
-1.149000 1.212579 
-1.148000 1.207296 
-1.147000 1.201963 
-1.146000 1.196581 
-1.145000 1.191150 
-1.144000 1.185671 
-1.143000 1.180143 
-1.142000 1.174568 
-1.141000 1.168946 
-1.140000 1.163277 
-1.139000 1.157562 
-1.138000 1.151802 
-1.137000 1.145996 
-1.136000 1.140146 
-1.135000 1.134251 
-1.134000 1.128313 
-1.133000 1.122332 
-1.132000 1.116307 
-1.131000 1.110241 
-1.130000 1.104133 
-1.129000 1.097983 
-1.128000 1.091793 
-1.127000 1.085563 
-1.126000 1.079293 
-1.125000 1.072983 
-1.124000 1.066635 
-1.123000 1.060248 
-1.122000 1.053823 
-1.121000 1.047361 
-1.120000 1.040862 
-1.119000 1.034327 
-1.118000 1.027756 
-1.117000 1.021149 
-1.116000 1.014508 
-1.115000 1.007832 
-1.114000 1.001122 
-1.113000 0.994378 
-1.112000 0.987602 
-1.111000 0.980793 
-1.110000 0.973952 
-1.109000 0.967079 
-1.108000 0.960175 
-1.107000 0.953241 
-1.106000 0.946276 
-1.105000 0.939282 
-1.104000 0.932258 
-1.103000 0.925206 
-1.102000 0.918125 
-1.101000 0.911017 
-1.100000 0.903881 
-1.099000 0.896719 
-1.098000 0.889530 
-1.097000 0.882315 
-1.096000 0.875075 
-1.095000 0.867809 
-1.094000 0.860519 
-1.093000 0.853205 
-1.092000 0.845867 
-1.091000 0.838507 
-1.090000 0.831123 
-1.089000 0.823717 
-1.088000 0.816289 
-1.087000 0.808840 
-1.086000 0.801370 
-1.085000 0.793879 
-1.084000 0.786368 
-1.083000 0.778838 
-1.082000 0.771288 
-1.081000 0.763720 
-1.080000 0.756133 
-1.079000 0.748528 
-1.078000 0.740906 
-1.077000 0.733267 
-1.076000 0.725611 
-1.075000 0.717939 
-1.074000 0.710251 
-1.073000 0.702548 
-1.072000 0.694830 
-1.071000 0.687098 
-1.070000 0.679351 
-1.069000 0.671590 
-1.068000 0.663817 
-1.067000 0.656030 
-1.066000 0.648231 
-1.065000 0.640420 
-1.064000 0.632597 
-1.063000 0.624763 
-1.062000 0.616918 
-1.061000 0.609062 
-1.060000 0.601196 
-1.059000 0.593321 
-1.058000 0.585436 
-1.057000 0.577542 
-1.056000 0.569640 
-1.055000 0.561729 
-1.054000 0.553811 
-1.053000 0.545885 
-1.052000 0.537952 
-1.051000 0.530012 
-1.050000 0.522066 
-1.049000 0.514114 
-1.048000 0.506156 
-1.047000 0.498193 
-1.046000 0.490226 
-1.045000 0.482253 
-1.044000 0.474276 
-1.043000 0.466296 
-1.042000 0.458312 
-1.041000 0.450325 
-1.040000 0.442335 
-1.039000 0.434342 
-1.038000 0.426348 
-1.037000 0.418351 
-1.036000 0.410353 
-1.035000 0.402354 
-1.034000 0.394354 
-1.033000 0.386354 
-1.032000 0.378353 
-1.031000 0.370353 
-1.030000 0.362353 
-1.029000 0.354353 
-1.028000 0.346355 
-1.027000 0.338358 
-1.026000 0.330363 
-1.025000 0.322370 
-1.024000 0.314380 
-1.023000 0.306391 
-1.022000 0.298406 
-1.021000 0.290424 
-1.020000 0.282446 
-1.019000 0.274471 
-1.018000 0.266500 
-1.017000 0.258534 
-1.016000 0.250573 
-1.015000 0.242616 
-1.014000 0.234665 
-1.013000 0.226719 
-1.012000 0.218779 
-1.011000 0.210845 
-1.010000 0.202917 
-1.009000 0.194996 
-1.008000 0.187081 
-1.007000 0.179174 
-1.006000 0.171275 
-1.005000 0.163382 
-1.004000 0.155498 
-1.003000 0.147622 
-1.002000 0.139754 
-1.001000 0.131895 
-1.000000 0.124045 
-0.999000 0.116204 
-0.998000 0.108373 
-0.997000 0.100551 
-0.996000 0.092739 
-0.995000 0.084937 
-0.994000 0.077146 
-0.993000 0.069365 
-0.992000 0.061595 
-0.991000 0.053836 
-0.990000 0.046088 
-0.989000 0.038352 
-0.988000 0.030627 
-0.987000 0.022915 
-0.986000 0.015215 
-0.985000 0.007527 
-0.984000 -0.000149 
-0.983000 -0.007811 
-0.982000 -0.015460 
-0.981000 -0.023097 
-0.980000 -0.030719 
-0.979000 -0.038328 
-0.978000 -0.045923 
-0.977000 -0.053505 
-0.976000 -0.061071 
-0.975000 -0.068624 
-0.974000 -0.076161 
-0.973000 -0.083684 
-0.972000 -0.091192 
-0.971000 -0.098684 
-0.970000 -0.106161 
-0.969000 -0.113623 
-0.968000 -0.121068 
-0.967000 -0.128498 
-0.966000 -0.135911 
-0.965000 -0.143308 
-0.964000 -0.150689 
-0.963000 -0.158052 
-0.962000 -0.165399 
-0.961000 -0.172729 
-0.960000 -0.180041 
-0.959000 -0.187337 
-0.958000 -0.194614 
-0.957000 -0.201874 
-0.956000 -0.209116 
-0.955000 -0.216339 
-0.954000 -0.223545 
-0.953000 -0.230732 
-0.952000 -0.237900 
-0.951000 -0.245050 
-0.950000 -0.252181 
-0.949000 -0.259293 
-0.948000 -0.266385 
-0.947000 -0.273458 
-0.946000 -0.280512 
-0.945000 -0.287546 
-0.944000 -0.294560 
-0.943000 -0.301555 
-0.942000 -0.308529 
-0.941000 -0.315483 
-0.940000 -0.322416 
-0.939000 -0.329330 
-0.938000 -0.336222 
-0.937000 -0.343094 
-0.936000 -0.349944 
-0.935000 -0.356774 
-0.934000 -0.363582 
-0.933000 -0.370369 
-0.932000 -0.377135 
-0.931000 -0.383879 
-0.930000 -0.390601 
-0.929000 -0.397301 
-0.928000 -0.403979 
-0.927000 -0.410636 
-0.926000 -0.417270 
-0.925000 -0.423881 
-0.924000 -0.430470 
-0.923000 -0.437037 
-0.922000 -0.443581 
-0.921000 -0.450102 
-0.920000 -0.456600 
-0.919000 -0.463074 
-0.918000 -0.469526 
-0.917000 -0.475955 
-0.916000 -0.482359 
-0.915000 -0.488741 
-0.914000 -0.495099 
-0.913000 -0.501433 
-0.912000 -0.507743 
-0.911000 -0.514029 
-0.910000 -0.520291 
-0.909000 -0.526529 
-0.908000 -0.532742 
-0.907000 -0.538932 
-0.906000 -0.545096 
-0.905000 -0.551236 
-0.904000 -0.557352 
-0.903000 -0.563442 
-0.902000 -0.569508 
-0.901000 -0.575548 
-0.900000 -0.581564 
-0.899000 -0.587554 
-0.898000 -0.593519 
-0.897000 -0.599459 
-0.896000 -0.605373 
-0.895000 -0.611262 
-0.894000 -0.617125 
-0.893000 -0.622962 
-0.892000 -0.628773 
-0.891000 -0.634559 
-0.890000 -0.640318 
-0.889000 -0.646051 
-0.888000 -0.651758 
-0.887000 -0.657439 
-0.886000 -0.663093 
-0.885000 -0.668721 
-0.884000 -0.674322 
-0.883000 -0.679897 
-0.882000 -0.685445 
-0.881000 -0.690966 
-0.880000 -0.696461 
-0.879000 -0.701928 
-0.878000 -0.707368 
-0.877000 -0.712781 
-0.876000 -0.718167 
-0.875000 -0.723526 
-0.874000 -0.728857 
-0.873000 -0.734161 
-0.872000 -0.739438 
-0.871000 -0.744687 
-0.870000 -0.749908 
-0.869000 -0.755101 
-0.868000 -0.760267 
-0.867000 -0.765405 
-0.866000 -0.770514 
-0.865000 -0.775596 
-0.864000 -0.780650 
-0.863000 -0.785675 
-0.862000 -0.790673 
-0.861000 -0.795642 
-0.860000 -0.800582 
-0.859000 -0.805494 
-0.858000 -0.810378 
-0.857000 -0.815233 
-0.856000 -0.820060 
-0.855000 -0.824857 
-0.854000 -0.829626 
-0.853000 -0.834366 
-0.852000 -0.839077 
-0.851000 -0.843759 
-0.850000 -0.848413 
-0.849000 -0.853037 
-0.848000 -0.857631 
-0.847000 -0.862197 
-0.846000 -0.866733 
-0.845000 -0.871240 
-0.844000 -0.875718 
-0.843000 -0.880166 
-0.842000 -0.884584 
-0.841000 -0.888973 
-0.840000 -0.893332 
-0.839000 -0.897662 
-0.838000 -0.901962 
-0.837000 -0.906232 
-0.836000 -0.910471 
-0.835000 -0.914682 
-0.834000 -0.918861 
-0.833000 -0.923011 
-0.832000 -0.927131 
-0.831000 -0.931221 
-0.830000 -0.935280 
-0.829000 -0.939309 
-0.828000 -0.943308 
-0.827000 -0.947276 
-0.826000 -0.951214 
-0.825000 -0.955121 
-0.824000 -0.958998 
-0.823000 -0.962844 
-0.822000 -0.966659 
-0.821000 -0.970444 
-0.820000 -0.974198 
-0.819000 -0.977921 
-0.818000 -0.981613 
-0.817000 -0.985274 
-0.816000 -0.988904 
-0.815000 -0.992503 
-0.814000 -0.996071 
-0.813000 -0.999607 
-0.812000 -1.003113 
-0.811000 -1.006587 
-0.810000 -1.010030 
-0.809000 -1.013442 
-0.808000 -1.016822 
-0.807000 -1.020170 
-0.806000 -1.023488 
-0.805000 -1.026773 
-0.804000 -1.030027 
-0.803000 -1.033249 
-0.802000 -1.036440 
-0.801000 -1.039599 
-0.800000 -1.042726 
-0.799000 -1.045821 
-0.798000 -1.048884 
-0.797000 -1.051915 
-0.796000 -1.054914 
-0.795000 -1.057881 
-0.794000 -1.060816 
-0.793000 -1.063719 
-0.792000 -1.066589 
-0.791000 -1.069428 
-0.790000 -1.072234 
-0.789000 -1.075008 
-0.788000 -1.077749 
-0.787000 -1.080458 
-0.786000 -1.083134 
-0.785000 -1.085778 
-0.784000 -1.088389 
-0.783000 -1.090968 
-0.782000 -1.093514 
-0.781000 -1.096027 
-0.780000 -1.098507 
-0.779000 -1.100955 
-0.778000 -1.103369 
-0.777000 -1.105751 
-0.776000 -1.108100 
-0.775000 -1.110416 
-0.774000 -1.112699 
-0.773000 -1.114948 
-0.772000 -1.117165 
-0.771000 -1.119348 
-0.770000 -1.121499 
-0.769000 -1.123615 
-0.768000 -1.125699 
-0.767000 -1.127749 
-0.766000 -1.129766 
-0.765000 -1.131749 
-0.764000 -1.133699 
-0.763000 -1.135616 
-0.762000 -1.137498 
-0.761000 -1.139347 
-0.760000 -1.141163 
-0.759000 -1.142944 
-0.758000 -1.144692 
-0.757000 -1.146407 
-0.756000 -1.148087 
-0.755000 -1.149733 
-0.754000 -1.151346 
-0.753000 -1.152924 
-0.752000 -1.154469 
-0.751000 -1.155979 
-0.750000 -1.157455 
-0.749000 -1.158898 
-0.748000 -1.160305 
-0.747000 -1.161679 
-0.746000 -1.163019 
-0.745000 -1.164324 
-0.744000 -1.165594 
-0.743000 -1.166831 
-0.742000 -1.168033 
-0.741000 -1.169200 
-0.740000 -1.170333 
-0.739000 -1.171431 
-0.738000 -1.172495 
-0.737000 -1.173524 
-0.736000 -1.174518 
-0.735000 -1.175478 
-0.734000 -1.176402 
-0.733000 -1.177292 
-0.732000 -1.178147 
-0.731000 -1.178967 
-0.730000 -1.179752 
-0.729000 -1.180503 
-0.728000 -1.181218 
-0.727000 -1.181898 
-0.726000 -1.182543 
-0.725000 -1.183152 
-0.724000 -1.183727 
-0.723000 -1.184266 
-0.722000 -1.184770 
-0.721000 -1.185239 
-0.720000 -1.185672 
-0.719000 -1.186070 
-0.718000 -1.186432 
-0.717000 -1.186759 
-0.716000 -1.187051 
-0.715000 -1.187306 
-0.714000 -1.187527 
-0.713000 -1.187711 
-0.712000 -1.187860 
-0.711000 -1.187973 
-0.710000 -1.188050 
-0.709000 -1.188092 
-0.708000 -1.188098 
-0.707000 -1.188067 
-0.706000 -1.188001 
-0.705000 -1.187899 
-0.704000 -1.187761 
-0.703000 -1.187587 
-0.702000 -1.187377 
-0.701000 -1.187130 
-0.700000 -1.186848 
-0.699000 -1.186529 
-0.698000 -1.186174 
-0.697000 -1.185783 
-0.696000 -1.185355 
-0.695000 -1.184891 
-0.694000 -1.184391 
-0.693000 -1.183854 
-0.692000 -1.183281 
-0.691000 -1.182671 
-0.690000 -1.182024 
-0.689000 -1.181342 
-0.688000 -1.180622 
-0.687000 -1.179866 
-0.686000 -1.179073 
-0.685000 -1.178243 
-0.684000 -1.177377 
-0.683000 -1.176474 
-0.682000 -1.175534 
-0.681000 -1.174557 
-0.680000 -1.173543 
-0.679000 -1.172493 
-0.678000 -1.171405 
-0.677000 -1.170280 
-0.676000 -1.169118 
-0.675000 -1.167920 
-0.674000 -1.166684 
-0.673000 -1.165411 
-0.672000 -1.164100 
-0.671000 -1.162753 
-0.670000 -1.161368 
-0.669000 -1.159946 
-0.668000 -1.158487 
-0.667000 -1.156990 
-0.666000 -1.155456 
-0.665000 -1.153885 
-0.664000 -1.152276 
-0.663000 -1.150630 
-0.662000 -1.148946 
-0.661000 -1.147225 
-0.660000 -1.145466 
-0.659000 -1.143669 
-0.658000 -1.141835 
-0.657000 -1.139963 
-0.656000 -1.138054 
-0.655000 -1.136107 
-0.654000 -1.134122 
-0.653000 -1.132100 
-0.652000 -1.130039 
-0.651000 -1.127941 
-0.650000 -1.125805 
-0.649000 -1.123631 
-0.648000 -1.121419 
-0.647000 -1.119170 
-0.646000 -1.116882 
-0.645000 -1.114557 
-0.644000 -1.112193 
-0.643000 -1.109792 
-0.642000 -1.107352 
-0.641000 -1.104874 
-0.640000 -1.102359 
-0.639000 -1.099805 
-0.638000 -1.097213 
-0.637000 -1.094583 
-0.636000 -1.091915 
-0.635000 -1.089209 
-0.634000 -1.086464 
-0.633000 -1.083682 
-0.632000 -1.080861 
-0.631000 -1.078002 
-0.630000 -1.075104 
-0.629000 -1.072168 
-0.628000 -1.069194 
-0.627000 -1.066182 
-0.626000 -1.063132 
-0.625000 -1.060043 
-0.624000 -1.056915 
-0.623000 -1.053750 
-0.622000 -1.050546 
-0.621000 -1.047304 
-0.620000 -1.044023 
-0.619000 -1.040704 
-0.618000 -1.037346 
-0.617000 -1.033950 
-0.616000 -1.030516 
-0.615000 -1.027043 
-0.614000 -1.023532 
-0.613000 -1.019983 
-0.612000 -1.016395 
-0.611000 -1.012768 
-0.610000 -1.009103 
-0.609000 -1.005400 
-0.608000 -1.001658 
-0.607000 -0.997878 
-0.606000 -0.994060 
-0.605000 -0.990203 
-0.604000 -0.986307 
-0.603000 -0.982373 
-0.602000 -0.978401 
-0.601000 -0.974390 
-0.600000 -0.970341 
-0.599000 -0.966253 
-0.598000 -0.962128 
-0.597000 -0.957963 
-0.596000 -0.953761 
-0.595000 -0.949520 
-0.594000 -0.945240 
-0.593000 -0.940923 
-0.592000 -0.936567 
-0.591000 -0.932172 
-0.590000 -0.927740 
-0.589000 -0.923269 
-0.588000 -0.918760 
-0.587000 -0.914213 
-0.586000 -0.909627 
-0.585000 -0.905004 
-0.584000 -0.900342 
-0.583000 -0.895642 
-0.582000 -0.890904 
-0.581000 -0.886128 
-0.580000 -0.881314 
-0.579000 -0.876462 
-0.578000 -0.871572 
-0.577000 -0.866644 
-0.576000 -0.861678 
-0.575000 -0.856674 
-0.574000 -0.851632 
-0.573000 -0.846553 
-0.572000 -0.841436 
-0.571000 -0.836281 
-0.570000 -0.831088 
-0.569000 -0.825858 
-0.568000 -0.820590 
-0.567000 -0.815285 
-0.566000 -0.809943 
-0.565000 -0.804562 
-0.564000 -0.799145 
-0.563000 -0.793690 
-0.562000 -0.788198 
-0.561000 -0.782669 
-0.560000 -0.777102 
-0.559000 -0.771499 
-0.558000 -0.765858 
-0.557000 -0.760181 
-0.556000 -0.754467 
-0.555000 -0.748715 
-0.554000 -0.742927 
-0.553000 -0.737103 
-0.552000 -0.731242 
-0.551000 -0.725344 
-0.550000 -0.719410 
-0.549000 -0.713439 
-0.548000 -0.707432 
-0.547000 -0.701389 
-0.546000 -0.695310 
-0.545000 -0.689195 
-0.544000 -0.683044 
-0.543000 -0.676857 
-0.542000 -0.670634 
-0.541000 -0.664376 
-0.540000 -0.658082 
-0.539000 -0.651752 
-0.538000 -0.645387 
-0.537000 -0.638987 
-0.536000 -0.632552 
-0.535000 -0.626081 
-0.534000 -0.619576 
-0.533000 -0.613036 
-0.532000 -0.606461 
-0.531000 -0.599852 
-0.530000 -0.593208 
-0.529000 -0.586530 
-0.528000 -0.579817 
-0.527000 -0.573071 
-0.526000 -0.566290 
-0.525000 -0.559476 
-0.524000 -0.552627 
-0.523000 -0.545746 
-0.522000 -0.538831 
-0.521000 -0.531882 
-0.520000 -0.524900 
-0.519000 -0.517886 
-0.518000 -0.510838 
-0.517000 -0.503758 
-0.516000 -0.496645 
-0.515000 -0.489500 
-0.514000 -0.482323 
-0.513000 -0.475114 
-0.512000 -0.467872 
-0.511000 -0.460599 
-0.510000 -0.453295 
-0.509000 -0.445958 
-0.508000 -0.438591 
-0.507000 -0.431193 
-0.506000 -0.423764 
-0.505000 -0.416304 
-0.504000 -0.408814 
-0.503000 -0.401293 
-0.502000 -0.393742 
-0.501000 -0.386162 
-0.500000 -0.378551 
-0.499000 -0.370911 
-0.498000 -0.363242 
-0.497000 -0.355544 
-0.496000 -0.347817 
-0.495000 -0.340061 
-0.494000 -0.332277 
-0.493000 -0.324465 
-0.492000 -0.316624 
-0.491000 -0.308756 
-0.490000 -0.300860 
-0.489000 -0.292937 
-0.488000 -0.284987 
-0.487000 -0.277010 
-0.486000 -0.269007 
-0.485000 -0.260977 
-0.484000 -0.252921 
-0.483000 -0.244839 
-0.482000 -0.236732 
-0.481000 -0.228599 
-0.480000 -0.220442 
-0.479000 -0.212259 
-0.478000 -0.204052 
-0.477000 -0.195821 
-0.476000 -0.187566 
-0.475000 -0.179287 
-0.474000 -0.170985 
-0.473000 -0.162659 
-0.472000 -0.154311 
-0.471000 -0.145941 
-0.470000 -0.137548 
-0.469000 -0.129133 
-0.468000 -0.120697 
-0.467000 -0.112239 
-0.466000 -0.103760 
-0.465000 -0.095261 
-0.464000 -0.086741 
-0.463000 -0.078201 
-0.462000 -0.069642 
-0.461000 -0.061063 
-0.460000 -0.052465 
-0.459000 -0.043849 
-0.458000 -0.035214 
-0.457000 -0.026561 
-0.456000 -0.017890 
-0.455000 -0.009203 
-0.454000 -0.000498 
-0.453000 0.008223 
-0.452000 0.016961 
-0.451000 0.025714 
-0.450000 0.034483 
-0.449000 0.043267 
-0.448000 0.052066 
-0.447000 0.060879 
-0.446000 0.069706 
-0.445000 0.078547 
-0.444000 0.087400 
-0.443000 0.096267 
-0.442000 0.105146 
-0.441000 0.114037 
-0.440000 0.122939 
-0.439000 0.131852 
-0.438000 0.140777 
-0.437000 0.149711 
-0.436000 0.158656 
-0.435000 0.167609 
-0.434000 0.176572 
-0.433000 0.185544 
-0.432000 0.194523 
-0.431000 0.203511 
-0.430000 0.212505 
-0.429000 0.221506 
-0.428000 0.230514 
-0.427000 0.239528 
-0.426000 0.248547 
-0.425000 0.257571 
-0.424000 0.266599 
-0.423000 0.275632 
-0.422000 0.284668 
-0.421000 0.293707 
-0.420000 0.302749 
-0.419000 0.311793 
-0.418000 0.320838 
-0.417000 0.329885 
-0.416000 0.338932 
-0.415000 0.347979 
-0.414000 0.357026 
-0.413000 0.366073 
-0.412000 0.375117 
-0.411000 0.384160 
-0.410000 0.393201 
-0.409000 0.402238 
-0.408000 0.411273 
-0.407000 0.420303 
-0.406000 0.429329 
-0.405000 0.438349 
-0.404000 0.447364 
-0.403000 0.456373 
-0.402000 0.465376 
-0.401000 0.474371 
-0.400000 0.483359 
-0.399000 0.492338 
-0.398000 0.501309 
-0.397000 0.510270 
-0.396000 0.519221 
-0.395000 0.528162 
-0.394000 0.537092 
-0.393000 0.546010 
-0.392000 0.554916 
-0.391000 0.563809 
-0.390000 0.572689 
-0.389000 0.581555 
-0.388000 0.590407 
-0.387000 0.599244 
-0.386000 0.608065 
-0.385000 0.616870 
-0.384000 0.625658 
-0.383000 0.634429 
-0.382000 0.643182 
-0.381000 0.651917 
-0.380000 0.660632 
-0.379000 0.669328 
-0.378000 0.678003 
-0.377000 0.686658 
-0.376000 0.695291 
-0.375000 0.703902 
-0.374000 0.712490 
-0.373000 0.721056 
-0.372000 0.729597 
-0.371000 0.738114 
-0.370000 0.746606 
-0.369000 0.755072 
-0.368000 0.763512 
-0.367000 0.771925 
-0.366000 0.780311 
-0.365000 0.788669 
-0.364000 0.796998 
-0.363000 0.805297 
-0.362000 0.813567 
-0.361000 0.821807 
-0.360000 0.830015 
-0.359000 0.838192 
-0.358000 0.846336 
-0.357000 0.854447 
-0.356000 0.862525 
-0.355000 0.870569 
-0.354000 0.878578 
-0.353000 0.886552 
-0.352000 0.894490 
-0.351000 0.902392 
-0.350000 0.910256 
-0.349000 0.918082 
-0.348000 0.925871 
-0.347000 0.933620 
-0.346000 0.941330 
-0.345000 0.949000 
-0.344000 0.956629 
-0.343000 0.964216 
-0.342000 0.971762 
-0.341000 0.979265 
-0.340000 0.986726 
-0.339000 0.994142 
-0.338000 1.001515 
-0.337000 1.008843 
-0.336000 1.016125 
-0.335000 1.023361 
-0.334000 1.030551 
-0.333000 1.037693 
-0.332000 1.044788 
-0.331000 1.051835 
-0.330000 1.058833 
-0.329000 1.065782 
-0.328000 1.072680 
-0.327000 1.079528 
-0.326000 1.086325 
-0.325000 1.093071 
-0.324000 1.099764 
-0.323000 1.106405 
-0.322000 1.112992 
-0.321000 1.119526 
-0.320000 1.126005 
-0.319000 1.132430 
-0.318000 1.138799 
-0.317000 1.145113 
-0.316000 1.151370 
-0.315000 1.157570 
-0.314000 1.163713 
-0.313000 1.169798 
-0.312000 1.175825 
-0.311000 1.181792 
-0.310000 1.187701 
-0.309000 1.193549 
-0.308000 1.199338 
-0.307000 1.205065 
-0.306000 1.210731 
-0.305000 1.216336 
-0.304000 1.221878 
-0.303000 1.227358 
-0.302000 1.232775 
-0.301000 1.238128 
-0.300000 1.243417 
-0.299000 1.248642 
-0.298000 1.253802 
-0.297000 1.258897 
-0.296000 1.263926 
-0.295000 1.268889 
-0.294000 1.273786 
-0.293000 1.278616 
-0.292000 1.283379 
-0.291000 1.288074 
-0.290000 1.292702 
-0.289000 1.297261 
-0.288000 1.301751 
-0.287000 1.306172 
-0.286000 1.310524 
-0.285000 1.314806 
-0.284000 1.319018 
-0.283000 1.323160 
-0.282000 1.327231 
-0.281000 1.331231 
-0.280000 1.335160 
-0.279000 1.339017 
-0.278000 1.342802 
-0.277000 1.346515 
-0.276000 1.350156 
-0.275000 1.353723 
-0.274000 1.357218 
-0.273000 1.360640 
-0.272000 1.363988 
-0.271000 1.367262 
-0.270000 1.370463 
-0.269000 1.373589 
-0.268000 1.376640 
-0.267000 1.379618 
-0.266000 1.382520 
-0.265000 1.385347 
-0.264000 1.388099 
-0.263000 1.390776 
-0.262000 1.393377 
-0.261000 1.395903 
-0.260000 1.398352 
-0.259000 1.400726 
-0.258000 1.403023 
-0.257000 1.405245 
-0.256000 1.407389 
-0.255000 1.409458 
-0.254000 1.411449 
-0.253000 1.413364 
-0.252000 1.415202 
-0.251000 1.416963 
-0.250000 1.418648 
-0.249000 1.420255 
-0.248000 1.421785 
-0.247000 1.423238 
-0.246000 1.424614 
-0.245000 1.425912 
-0.244000 1.427133 
-0.243000 1.428277 
-0.242000 1.429344 
-0.241000 1.430333 
-0.240000 1.431245 
-0.239000 1.432080 
-0.238000 1.432838 
-0.237000 1.433518 
-0.236000 1.434121 
-0.235000 1.434647 
-0.234000 1.435096 
-0.233000 1.435468 
-0.232000 1.435763 
-0.231000 1.435981 
-0.230000 1.436122 
-0.229000 1.436186 
-0.228000 1.436174 
-0.227000 1.436085 
-0.226000 1.435920 
-0.225000 1.435678 
-0.224000 1.435360 
-0.223000 1.434967 
-0.222000 1.434497 
-0.221000 1.433951 
-0.220000 1.433330 
-0.219000 1.432634 
-0.218000 1.431862 
-0.217000 1.431015 
-0.216000 1.430093 
-0.215000 1.429096 
-0.214000 1.428025 
-0.213000 1.426880 
-0.212000 1.425660 
-0.211000 1.424367 
-0.210000 1.422999 
-0.209000 1.421559 
-0.208000 1.420045 
-0.207000 1.418458 
-0.206000 1.416798 
-0.205000 1.415066 
-0.204000 1.413261 
-0.203000 1.411385 
-0.202000 1.409437 
-0.201000 1.407417 
-0.200000 1.405327 
-0.199000 1.403165 
-0.198000 1.400933 
-0.197000 1.398631 
-0.196000 1.396259 
-0.195000 1.393817 
-0.194000 1.391306 
-0.193000 1.388726 
-0.192000 1.386077 
-0.191000 1.383360 
-0.190000 1.380575 
-0.189000 1.377722 
-0.188000 1.374802 
-0.187000 1.371815 
-0.186000 1.368761 
-0.185000 1.365641 
-0.184000 1.362455 
-0.183000 1.359204 
-0.182000 1.355888 
-0.181000 1.352507 
-0.180000 1.349061 
-0.179000 1.345552 
-0.178000 1.341978 
-0.177000 1.338342 
-0.176000 1.334643 
-0.175000 1.330882 
-0.174000 1.327058 
-0.173000 1.323173 
-0.172000 1.319227 
-0.171000 1.315220 
-0.170000 1.311153 
-0.169000 1.307026 
-0.168000 1.302839 
-0.167000 1.298593 
-0.166000 1.294289 
-0.165000 1.289926 
-0.164000 1.285506 
-0.163000 1.281028 
-0.162000 1.276494 
-0.161000 1.271903 
-0.160000 1.267256 
-0.159000 1.262554 
-0.158000 1.257797 
-0.157000 1.252985 
-0.156000 1.248119 
-0.155000 1.243199 
-0.154000 1.238226 
-0.153000 1.233200 
-0.152000 1.228122 
-0.151000 1.222992 
-0.150000 1.217811 
-0.149000 1.212579 
-0.148000 1.207296 
-0.147000 1.201963 
-0.146000 1.196581 
-0.145000 1.191150 
-0.144000 1.185671 
-0.143000 1.180143 
-0.142000 1.174568 
-0.141000 1.168946 
-0.140000 1.163277 
-0.139000 1.157562 
-0.138000 1.151802 
-0.137000 1.145996 
-0.136000 1.140146 
-0.135000 1.134251 
-0.134000 1.128313 
-0.133000 1.122332 
-0.132000 1.116307 
-0.131000 1.110241 
-0.130000 1.104133 
-0.129000 1.097983 
-0.128000 1.091793 
-0.127000 1.085563 
-0.126000 1.079293 
-0.125000 1.072983 
-0.124000 1.066635 
-0.123000 1.060248 
-0.122000 1.053823 
-0.121000 1.047361 
-0.120000 1.040862 
-0.119000 1.034327 
-0.118000 1.027756 
-0.117000 1.021149 
-0.116000 1.014508 
-0.115000 1.007832 
-0.114000 1.001122 
-0.113000 0.994378 
-0.112000 0.987602 
-0.111000 0.980793 
-0.110000 0.973952 
-0.109000 0.967079 
-0.108000 0.960175 
-0.107000 0.953241 
-0.106000 0.946276 
-0.105000 0.939282 
-0.104000 0.932258 
-0.103000 0.925206 
-0.102000 0.918125 
-0.101000 0.911017 
-0.100000 0.903881 
-0.099000 0.896719 
-0.098000 0.889530 
-0.097000 0.882315 
-0.096000 0.875075 
-0.095000 0.867809 
-0.094000 0.860519 
-0.093000 0.853205 
-0.092000 0.845867 
-0.091000 0.838507 
-0.090000 0.831123 
-0.089000 0.823717 
-0.088000 0.816289 
-0.087000 0.808840 
-0.086000 0.801370 
-0.085000 0.793879 
-0.084000 0.786368 
-0.083000 0.778838 
-0.082000 0.771288 
-0.081000 0.763720 
-0.080000 0.756133 
-0.079000 0.748528 
-0.078000 0.740906 
-0.077000 0.733267 
-0.076000 0.725611 
-0.075000 0.717939 
-0.074000 0.710251 
-0.073000 0.702548 
-0.072000 0.694830 
-0.071000 0.687098 
-0.070000 0.679351 
-0.069000 0.671590 
-0.068000 0.663817 
-0.067000 0.656030 
-0.066000 0.648231 
-0.065000 0.640420 
-0.064000 0.632597 
-0.063000 0.624763 
-0.062000 0.616918 
-0.061000 0.609062 
-0.060000 0.601196 
-0.059000 0.593321 
-0.058000 0.585436 
-0.057000 0.577542 
-0.056000 0.569640 
-0.055000 0.561729 
-0.054000 0.553811 
-0.053000 0.545885 
-0.052000 0.537952 
-0.051000 0.530012 
-0.050000 0.522066 
-0.049000 0.514114 
-0.048000 0.506156 
-0.047000 0.498193 
-0.046000 0.490226 
-0.045000 0.482253 
-0.044000 0.474276 
-0.043000 0.466296 
-0.042000 0.458312 
-0.041000 0.450325 
-0.040000 0.442335 
-0.039000 0.434342 
-0.038000 0.426348 
-0.037000 0.418351 
-0.036000 0.410353 
-0.035000 0.402354 
-0.034000 0.394354 
-0.033000 0.386354 
-0.032000 0.378353 
-0.031000 0.370353 
-0.030000 0.362353 
-0.029000 0.354353 
-0.028000 0.346355 
-0.027000 0.338358 
-0.026000 0.330363 
-0.025000 0.322370 
-0.024000 0.314380 
-0.023000 0.306391 
-0.022000 0.298406 
-0.021000 0.290424 
-0.020000 0.282446 
-0.019000 0.274471 
-0.018000 0.266500 
-0.017000 0.258534 
-0.016000 0.250573 
-0.015000 0.242616 
-0.014000 0.234665 
-0.013000 0.226719 
-0.012000 0.218779 
-0.011000 0.210845 
-0.010000 0.202917 
-0.009000 0.194996 
-0.008000 0.187081 
-0.007000 0.179174 
-0.006000 0.171275 
-0.005000 0.163382 
-0.004000 0.155498 
-0.003000 0.147622 
-0.002000 0.139754 
-0.001000 0.131895 
-0.000000 0.124045 
0.001000 0.116204 
0.002000 0.108373 
0.003000 0.100551 
0.004000 0.092739 
0.005000 0.084937 
0.006000 0.077146 
0.007000 0.069365 
0.008000 0.061595 
0.009000 0.053836 
0.010000 0.046088 
0.011000 0.038352 
0.012000 0.030627 
0.013000 0.022915 
0.014000 0.015215 
0.015000 0.007527 
0.016000 -0.000149 
0.017000 -0.007811 
0.018000 -0.015460 
0.019000 -0.023097 
0.020000 -0.030719 
0.021000 -0.038328 
0.022000 -0.045923 
0.023000 -0.053505 
0.024000 -0.061071 
0.025000 -0.068624 
0.026000 -0.076161 
0.027000 -0.083684 
0.028000 -0.091192 
0.029000 -0.098684 
0.030000 -0.106161 
0.031000 -0.113623 
0.032000 -0.121068 
0.033000 -0.128498 
0.034000 -0.135911 
0.035000 -0.143308 
0.036000 -0.150689 
0.037000 -0.158052 
0.038000 -0.165399 
0.039000 -0.172729 
0.040000 -0.180041 
0.041000 -0.187337 
0.042000 -0.194614 
0.043000 -0.201874 
0.044000 -0.209116 
0.045000 -0.216339 
0.046000 -0.223545 
0.047000 -0.230732 
0.048000 -0.237900 
0.049000 -0.245050 
0.050000 -0.252181 
0.051000 -0.259293 
0.052000 -0.266385 
0.053000 -0.273458 
0.054000 -0.280512 
0.055000 -0.287546 
0.056000 -0.294560 
0.057000 -0.301555 
0.058000 -0.308529 
0.059000 -0.315483 
0.060000 -0.322416 
0.061000 -0.329330 
0.062000 -0.336222 
0.063000 -0.343094 
0.064000 -0.349944 
0.065000 -0.356774 
0.066000 -0.363582 
0.067000 -0.370369 
0.068000 -0.377135 
0.069000 -0.383879 
0.070000 -0.390601 
0.071000 -0.397301 
0.072000 -0.403979 
0.073000 -0.410636 
0.074000 -0.417270 
0.075000 -0.423881 
0.076000 -0.430470 
0.077000 -0.437037 
0.078000 -0.443581 
0.079000 -0.450102 
0.080000 -0.456600 
0.081000 -0.463074 
0.082000 -0.469526 
0.083000 -0.475955 
0.084000 -0.482359 
0.085000 -0.488741 
0.086000 -0.495099 
0.087000 -0.501433 
0.088000 -0.507743 
0.089000 -0.514029 
0.090000 -0.520291 
0.091000 -0.526529 
0.092000 -0.532742 
0.093000 -0.538932 
0.094000 -0.545096 
0.095000 -0.551236 
0.096000 -0.557352 
0.097000 -0.563442 
0.098000 -0.569508 
0.099000 -0.575548 
0.100000 -0.581564 
0.101000 -0.587554 
0.102000 -0.593519 
0.103000 -0.599459 
0.104000 -0.605373 
0.105000 -0.611262 
0.106000 -0.617125 
0.107000 -0.622962 
0.108000 -0.628773 
0.109000 -0.634559 
0.110000 -0.640318 
0.111000 -0.646051 
0.112000 -0.651758 
0.113000 -0.657439 
0.114000 -0.663093 
0.115000 -0.668721 
0.116000 -0.674322 
0.117000 -0.679897 
0.118000 -0.685445 
0.119000 -0.690966 
0.120000 -0.696461 
0.121000 -0.701928 
0.122000 -0.707368 
0.123000 -0.712781 
0.124000 -0.718167 
0.125000 -0.723526 
0.126000 -0.728857 
0.127000 -0.734161 
0.128000 -0.739438 
0.129000 -0.744687 
0.130000 -0.749908 
0.131000 -0.755101 
0.132000 -0.760267 
0.133000 -0.765405 
0.134000 -0.770514 
0.135000 -0.775596 
0.136000 -0.780650 
0.137000 -0.785675 
0.138000 -0.790673 
0.139000 -0.795642 
0.140000 -0.800582 
0.141000 -0.805494 
0.142000 -0.810378 
0.143000 -0.815233 
0.144000 -0.820060 
0.145000 -0.824857 
0.146000 -0.829626 
0.147000 -0.834366 
0.148000 -0.839077 
0.149000 -0.843759 
0.150000 -0.848413 
0.151000 -0.853037 
0.152000 -0.857631 
0.153000 -0.862197 
0.154000 -0.866733 
0.155000 -0.871240 
0.156000 -0.875718 
0.157000 -0.880166 
0.158000 -0.884584 
0.159000 -0.888973 
0.160000 -0.893332 
0.161000 -0.897662 
0.162000 -0.901962 
0.163000 -0.906232 
0.164000 -0.910471 
0.165000 -0.914682 
0.166000 -0.918861 
0.167000 -0.923011 
0.168000 -0.927131 
0.169000 -0.931221 
0.170000 -0.935280 
0.171000 -0.939309 
0.172000 -0.943308 
0.173000 -0.947276 
0.174000 -0.951214 
0.175000 -0.955121 
0.176000 -0.958998 
0.177000 -0.962844 
0.178000 -0.966659 
0.179000 -0.970444 
0.180000 -0.974198 
0.181000 -0.977921 
0.182000 -0.981613 
0.183000 -0.985274 
0.184000 -0.988904 
0.185000 -0.992503 
0.186000 -0.996071 
0.187000 -0.999607 
0.188000 -1.003113 
0.189000 -1.006587 
0.190000 -1.010030 
0.191000 -1.013442 
0.192000 -1.016822 
0.193000 -1.020170 
0.194000 -1.023488 
0.195000 -1.026773 
0.196000 -1.030027 
0.197000 -1.033249 
0.198000 -1.036440 
0.199000 -1.039599 
0.200000 -1.042726 
0.201000 -1.045821 
0.202000 -1.048884 
0.203000 -1.051915 
0.204000 -1.054914 
0.205000 -1.057881 
0.206000 -1.060816 
0.207000 -1.063719 
0.208000 -1.066589 
0.209000 -1.069428 
0.210000 -1.072234 
0.211000 -1.075008 
0.212000 -1.077749 
0.213000 -1.080458 
0.214000 -1.083134 
0.215000 -1.085778 
0.216000 -1.088389 
0.217000 -1.090968 
0.218000 -1.093514 
0.219000 -1.096027 
0.220000 -1.098507 
0.221000 -1.100955 
0.222000 -1.103369 
0.223000 -1.105751 
0.224000 -1.108100 
0.225000 -1.110416 
0.226000 -1.112699 
0.227000 -1.114948 
0.228000 -1.117165 
0.229000 -1.119348 
0.230000 -1.121499 
0.231000 -1.123615 
0.232000 -1.125699 
0.233000 -1.127749 
0.234000 -1.129766 
0.235000 -1.131749 
0.236000 -1.133699 
0.237000 -1.135616 
0.238000 -1.137498 
0.239000 -1.139347 
0.240000 -1.141163 
0.241000 -1.142944 
0.242000 -1.144692 
0.243000 -1.146407 
0.244000 -1.148087 
0.245000 -1.149733 
0.246000 -1.151346 
0.247000 -1.152924 
0.248000 -1.154469 
0.249000 -1.155979 
0.250000 -1.157455 
0.251000 -1.158898 
0.252000 -1.160305 
0.253000 -1.161679 
0.254000 -1.163019 
0.255000 -1.164324 
0.256000 -1.165594 
0.257000 -1.166831 
0.258000 -1.168033 
0.259000 -1.169200 
0.260000 -1.170333 
0.261000 -1.171431 
0.262000 -1.172495 
0.263000 -1.173524 
0.264000 -1.174518 
0.265000 -1.175478 
0.266000 -1.176402 
0.267000 -1.177292 
0.268000 -1.178147 
0.269000 -1.178967 
0.270000 -1.179752 
0.271000 -1.180503 
0.272000 -1.181218 
0.273000 -1.181898 
0.274000 -1.182543 
0.275000 -1.183152 
0.276000 -1.183727 
0.277000 -1.184266 
0.278000 -1.184770 
0.279000 -1.185239 
0.280000 -1.185672 
0.281000 -1.186070 
0.282000 -1.186432 
0.283000 -1.186759 
0.284000 -1.187051 
0.285000 -1.187306 
0.286000 -1.187527 
0.287000 -1.187711 
0.288000 -1.187860 
0.289000 -1.187973 
0.290000 -1.188050 
0.291000 -1.188092 
0.292000 -1.188098 
0.293000 -1.188067 
0.294000 -1.188001 
0.295000 -1.187899 
0.296000 -1.187761 
0.297000 -1.187587 
0.298000 -1.187377 
0.299000 -1.187130 
0.300000 -1.186848 
0.301000 -1.186529 
0.302000 -1.186174 
0.303000 -1.185783 
0.304000 -1.185355 
0.305000 -1.184891 
0.306000 -1.184391 
0.307000 -1.183854 
0.308000 -1.183281 
0.309000 -1.182671 
0.310000 -1.182024 
0.311000 -1.181342 
0.312000 -1.180622 
0.313000 -1.179866 
0.314000 -1.179073 
0.315000 -1.178243 
0.316000 -1.177377 
0.317000 -1.176474 
0.318000 -1.175534 
0.319000 -1.174557 
0.320000 -1.173543 
0.321000 -1.172493 
0.322000 -1.171405 
0.323000 -1.170280 
0.324000 -1.169118 
0.325000 -1.167920 
0.326000 -1.166684 
0.327000 -1.165411 
0.328000 -1.164100 
0.329000 -1.162753 
0.330000 -1.161368 
0.331000 -1.159946 
0.332000 -1.158487 
0.333000 -1.156990 
0.334000 -1.155456 
0.335000 -1.153885 
0.336000 -1.152276 
0.337000 -1.150630 
0.338000 -1.148946 
0.339000 -1.147225 
0.340000 -1.145466 
0.341000 -1.143669 
0.342000 -1.141835 
0.343000 -1.139963 
0.344000 -1.138054 
0.345000 -1.136107 
0.346000 -1.134122 
0.347000 -1.132100 
0.348000 -1.130039 
0.349000 -1.127941 
0.350000 -1.125805 
0.351000 -1.123631 
0.352000 -1.121419 
0.353000 -1.119170 
0.354000 -1.116882 
0.355000 -1.114557 
0.356000 -1.112193 
0.357000 -1.109792 
0.358000 -1.107352 
0.359000 -1.104874 
0.360000 -1.102359 
0.361000 -1.099805 
0.362000 -1.097213 
0.363000 -1.094583 
0.364000 -1.091915 
0.365000 -1.089209 
0.366000 -1.086464 
0.367000 -1.083682 
0.368000 -1.080861 
0.369000 -1.078002 
0.370000 -1.075104 
0.371000 -1.072168 
0.372000 -1.069194 
0.373000 -1.066182 
0.374000 -1.063132 
0.375000 -1.060043 
0.376000 -1.056915 
0.377000 -1.053750 
0.378000 -1.050546 
0.379000 -1.047304 
0.380000 -1.044023 
0.381000 -1.040704 
0.382000 -1.037346 
0.383000 -1.033950 
0.384000 -1.030516 
0.385000 -1.027043 
0.386000 -1.023532 
0.387000 -1.019983 
0.388000 -1.016395 
0.389000 -1.012768 
0.390000 -1.009103 
0.391000 -1.005400 
0.392000 -1.001658 
0.393000 -0.997878 
0.394000 -0.994060 
0.395000 -0.990203 
0.396000 -0.986307 
0.397000 -0.982373 
0.398000 -0.978401 
0.399000 -0.974390 
0.400000 -0.970341 
0.401000 -0.966253 
0.402000 -0.962128 
0.403000 -0.957963 
0.404000 -0.953761 
0.405000 -0.949520 
0.406000 -0.945240 
0.407000 -0.940923 
0.408000 -0.936567 
0.409000 -0.932172 
0.410000 -0.927740 
0.411000 -0.923269 
0.412000 -0.918760 
0.413000 -0.914213 
0.414000 -0.909627 
0.415000 -0.905004 
0.416000 -0.900342 
0.417000 -0.895642 
0.418000 -0.890904 
0.419000 -0.886128 
0.420000 -0.881314 
0.421000 -0.876462 
0.422000 -0.871572 
0.423000 -0.866644 
0.424000 -0.861678 
0.425000 -0.856674 
0.426000 -0.851632 
0.427000 -0.846553 
0.428000 -0.841436 
0.429000 -0.836281 
0.430000 -0.831088 
0.431000 -0.825858 
0.432000 -0.820590 
0.433000 -0.815285 
0.434000 -0.809943 
0.435000 -0.804562 
0.436000 -0.799145 
0.437000 -0.793690 
0.438000 -0.788198 
0.439000 -0.782669 
0.440000 -0.777102 
0.441000 -0.771499 
0.442000 -0.765858 
0.443000 -0.760181 
0.444000 -0.754467 
0.445000 -0.748715 
0.446000 -0.742927 
0.447000 -0.737103 
0.448000 -0.731242 
0.449000 -0.725344 
0.450000 -0.719410 
0.451000 -0.713439 
0.452000 -0.707432 
0.453000 -0.701389 
0.454000 -0.695310 
0.455000 -0.689195 
0.456000 -0.683044 
0.457000 -0.676857 
0.458000 -0.670634 
0.459000 -0.664376 
0.460000 -0.658082 
0.461000 -0.651752 
0.462000 -0.645387 
0.463000 -0.638987 
0.464000 -0.632552 
0.465000 -0.626081 
0.466000 -0.619576 
0.467000 -0.613036 
0.468000 -0.606461 
0.469000 -0.599852 
0.470000 -0.593208 
0.471000 -0.586530 
0.472000 -0.579817 
0.473000 -0.573071 
0.474000 -0.566290 
0.475000 -0.559476 
0.476000 -0.552627 
0.477000 -0.545746 
0.478000 -0.538831 
0.479000 -0.531882 
0.480000 -0.524900 
0.481000 -0.517886 
0.482000 -0.510838 
0.483000 -0.503758 
0.484000 -0.496645 
0.485000 -0.489500 
0.486000 -0.482323 
0.487000 -0.475114 
0.488000 -0.467872 
0.489000 -0.460599 
0.490000 -0.453295 
0.491000 -0.445958 
0.492000 -0.438591 
0.493000 -0.431193 
0.494000 -0.423764 
0.495000 -0.416304 
0.496000 -0.408814 
0.497000 -0.401293 
0.498000 -0.393742 
0.499000 -0.386162 
0.500000 -0.378551 
0.501000 -0.370911 
0.502000 -0.363242 
0.503000 -0.355544 
0.504000 -0.347817 
0.505000 -0.340061 
0.506000 -0.332277 
0.507000 -0.324465 
0.508000 -0.316624 
0.509000 -0.308756 
0.510000 -0.300860 
0.511000 -0.292937 
0.512000 -0.284987 
0.513000 -0.277010 
0.514000 -0.269007 
0.515000 -0.260977 
0.516000 -0.252921 
0.517000 -0.244839 
0.518000 -0.236732 
0.519000 -0.228599 
0.520000 -0.220442 
0.521000 -0.212259 
0.522000 -0.204052 
0.523000 -0.195821 
0.524000 -0.187566 
0.525000 -0.179287 
0.526000 -0.170985 
0.527000 -0.162659 
0.528000 -0.154311 
0.529000 -0.145941 
0.530000 -0.137548 
0.531000 -0.129133 
0.532000 -0.120697 
0.533000 -0.112239 
0.534000 -0.103760 
0.535000 -0.095261 
0.536000 -0.086741 
0.537000 -0.078201 
0.538000 -0.069642 
0.539000 -0.061063 
0.540000 -0.052465 
0.541000 -0.043849 
0.542000 -0.035214 
0.543000 -0.026561 
0.544000 -0.017890 
0.545000 -0.009203 
0.546000 -0.000498 
0.547000 0.008223 
0.548000 0.016961 
0.549000 0.025714 
0.550000 0.034483 
0.551000 0.043267 
0.552000 0.052066 
0.553000 0.060879 
0.554000 0.069706 
0.555000 0.078547 
0.556000 0.087400 
0.557000 0.096267 
0.558000 0.105146 
0.559000 0.114037 
0.560000 0.122939 
0.561000 0.131852 
0.562000 0.140777 
0.563000 0.149711 
0.564000 0.158656 
0.565000 0.167609 
0.566000 0.176572 
0.567000 0.185544 
0.568000 0.194523 
0.569000 0.203511 
0.570000 0.212505 
0.571000 0.221506 
0.572000 0.230514 
0.573000 0.239528 
0.574000 0.248547 
0.575000 0.257571 
0.576000 0.266599 
0.577000 0.275632 
0.578000 0.284668 
0.579000 0.293707 
0.580000 0.302749 
0.581000 0.311793 
0.582000 0.320838 
0.583000 0.329885 
0.584000 0.338932 
0.585000 0.347979 
0.586000 0.357026 
0.587000 0.366073 
0.588000 0.375117 
0.589000 0.384160 
0.590000 0.393201 
0.591000 0.402238 
0.592000 0.411273 
0.593000 0.420303 
0.594000 0.429329 
0.595000 0.438349 
0.596000 0.447364 
0.597000 0.456373 
0.598000 0.465376 
0.599000 0.474371 
0.600000 0.483359 
0.601000 0.492338 
0.602000 0.501309 
0.603000 0.510270 
0.604000 0.519221 
0.605000 0.528162 
0.606000 0.537092 
0.607000 0.546010 
0.608000 0.554916 
0.609000 0.563809 
0.610000 0.572689 
0.611000 0.581555 
0.612000 0.590407 
0.613000 0.599244 
0.614000 0.608065 
0.615000 0.616870 
0.616000 0.625658 
0.617000 0.634429 
0.618000 0.643182 
0.619000 0.651917 
0.620000 0.660632 
0.621000 0.669328 
0.622000 0.678003 
0.623000 0.686658 
0.624000 0.695291 
0.625000 0.703902 
0.626000 0.712490 
0.627000 0.721056 
0.628000 0.729597 
0.629000 0.738114 
0.630000 0.746606 
0.631000 0.755072 
0.632000 0.763512 
0.633000 0.771925 
0.634000 0.780311 
0.635000 0.788669 
0.636000 0.796998 
0.637000 0.805297 
0.638000 0.813567 
0.639000 0.821807 
0.640000 0.830015 
0.641000 0.838192 
0.642000 0.846336 
0.643000 0.854447 
0.644000 0.862525 
0.645000 0.870569 
0.646000 0.878578 
0.647000 0.886552 
0.648000 0.894490 
0.649000 0.902392 
0.650000 0.910256 
0.651000 0.918082 
0.652000 0.925871 
0.653000 0.933620 
0.654000 0.941330 
0.655000 0.949000 
0.656000 0.956629 
0.657000 0.964216 
0.658000 0.971762 
0.659000 0.979265 
0.660000 0.986726 
0.661000 0.994142 
0.662000 1.001515 
0.663000 1.008843 
0.664000 1.016125 
0.665000 1.023361 
0.666000 1.030551 
0.667000 1.037693 
0.668000 1.044788 
0.669000 1.051835 
0.670000 1.058833 
0.671000 1.065782 
0.672000 1.072680 
0.673000 1.079528 
0.674000 1.086325 
0.675000 1.093071 
0.676000 1.099764 
0.677000 1.106405 
0.678000 1.112992 
0.679000 1.119526 
0.680000 1.126005 
0.681000 1.132430 
0.682000 1.138799 
0.683000 1.145113 
0.684000 1.151370 
0.685000 1.157570 
0.686000 1.163713 
0.687000 1.169798 
0.688000 1.175825 
0.689000 1.181792 
0.690000 1.187701 
0.691000 1.193549 
0.692000 1.199338 
0.693000 1.205065 
0.694000 1.210731 
0.695000 1.216336 
0.696000 1.221878 
0.697000 1.227358 
0.698000 1.232775 
0.699000 1.238128 
0.700000 1.243417 
0.701000 1.248642 
0.702000 1.253802 
0.703000 1.258897 
0.704000 1.263926 
0.705000 1.268889 
0.706000 1.273786 
0.707000 1.278616 
0.708000 1.283379 
0.709000 1.288074 
0.710000 1.292702 
0.711000 1.297261 
0.712000 1.301751 
0.713000 1.306172 
0.714000 1.310524 
0.715000 1.314806 
0.716000 1.319018 
0.717000 1.323160 
0.718000 1.327231 
0.719000 1.331231 
0.720000 1.335160 
0.721000 1.339017 
0.722000 1.342802 
0.723000 1.346515 
0.724000 1.350156 
0.725000 1.353723 
0.726000 1.357218 
0.727000 1.360640 
0.728000 1.363988 
0.729000 1.367262 
0.730000 1.370463 
0.731000 1.373589 
0.732000 1.376640 
0.733000 1.379618 
0.734000 1.382520 
0.735000 1.385347 
0.736000 1.388099 
0.737000 1.390776 
0.738000 1.393377 
0.739000 1.395903 
0.740000 1.398352 
0.741000 1.400726 
0.742000 1.403023 
0.743000 1.405245 
0.744000 1.407389 
0.745000 1.409458 
0.746000 1.411449 
0.747000 1.413364 
0.748000 1.415202 
0.749000 1.416963 
0.750000 1.418648 
0.751000 1.420255 
0.752000 1.421785 
0.753000 1.423238 
0.754000 1.424614 
0.755000 1.425912 
0.756000 1.427133 
0.757000 1.428277 
0.758000 1.429344 
0.759000 1.430333 
0.760000 1.431245 
0.761000 1.432080 
0.762000 1.432838 
0.763000 1.433518 
0.764000 1.434121 
0.765000 1.434647 
0.766000 1.435096 
0.767000 1.435468 
0.768000 1.435763 
0.769000 1.435981 
0.770000 1.436122 
0.771000 1.436186 
0.772000 1.436174 
0.773000 1.436085 
0.774000 1.435920 
0.775000 1.435678 
0.776000 1.435360 
0.777000 1.434967 
0.778000 1.434497 
0.779000 1.433951 
0.780000 1.433330 
0.781000 1.432634 
0.782000 1.431862 
0.783000 1.431015 
0.784000 1.430093 
0.785000 1.429096 
0.786000 1.428025 
0.787000 1.426880 
0.788000 1.425660 
0.789000 1.424367 
0.790000 1.422999 
0.791000 1.421559 
0.792000 1.420045 
0.793000 1.418458 
0.794000 1.416798 
0.795000 1.415066 
0.796000 1.413261 
0.797000 1.411385 
0.798000 1.409437 
0.799000 1.407417 
0.800000 1.405327 
0.801000 1.403165 
0.802000 1.400933 
0.803000 1.398631 
0.804000 1.396259 
0.805000 1.393817 
0.806000 1.391306 
0.807000 1.388726 
0.808000 1.386077 
0.809000 1.383360 
0.810000 1.380575 
0.811000 1.377722 
0.812000 1.374802 
0.813000 1.371815 
0.814000 1.368761 
0.815000 1.365641 
0.816000 1.362455 
0.817000 1.359204 
0.818000 1.355888 
0.819000 1.352507 
0.820000 1.349061 
0.821000 1.345552 
0.822000 1.341978 
0.823000 1.338342 
0.824000 1.334643 
0.825000 1.330882 
0.826000 1.327058 
0.827000 1.323173 
0.828000 1.319227 
0.829000 1.315220 
0.830000 1.311153 
0.831000 1.307026 
0.832000 1.302839 
0.833000 1.298593 
0.834000 1.294289 
0.835000 1.289926 
0.836000 1.285506 
0.837000 1.281028 
0.838000 1.276494 
0.839000 1.271903 
0.840000 1.267256 
0.841000 1.262554 
0.842000 1.257797 
0.843000 1.252985 
0.844000 1.248119 
0.845000 1.243199 
0.846000 1.238226 
0.847000 1.233200 
0.848000 1.228122 
0.849000 1.222992 
0.850000 1.217811 
0.851000 1.212579 
0.852000 1.207296 
0.853000 1.201963 
0.854000 1.196581 
0.855000 1.191150 
0.856000 1.185671 
0.857000 1.180143 
0.858000 1.174568 
0.859000 1.168946 
0.860000 1.163277 
0.861000 1.157562 
0.862000 1.151802 
0.863000 1.145996 
0.864000 1.140146 
0.865000 1.134251 
0.866000 1.128313 
0.867000 1.122332 
0.868000 1.116307 
0.869000 1.110241 
0.870000 1.104133 
0.871000 1.097983 
0.872000 1.091793 
0.873000 1.085563 
0.874000 1.079293 
0.875000 1.072983 
0.876000 1.066635 
0.877000 1.060248 
0.878000 1.053823 
0.879000 1.047361 
0.880000 1.040862 
0.881000 1.034327 
0.882000 1.027756 
0.883000 1.021149 
0.884000 1.014508 
0.885000 1.007832 
0.886000 1.001122 
0.887000 0.994378 
0.888000 0.987602 
0.889000 0.980793 
0.890000 0.973952 
0.891000 0.967079 
0.892000 0.960175 
0.893000 0.953241 
0.894000 0.946276 
0.895000 0.939282 
0.896000 0.932258 
0.897000 0.925206 
0.898000 0.918125 
0.899000 0.911017 
0.900000 0.903881 
0.901000 0.896719 
0.902000 0.889530 
0.903000 0.882315 
0.904000 0.875075 
0.905000 0.867809 
0.906000 0.860519 
0.907000 0.853205 
0.908000 0.845867 
0.909000 0.838507 
0.910000 0.831123 
0.911000 0.823717 
0.912000 0.816289 
0.913000 0.808840 
0.914000 0.801370 
0.915000 0.793879 
0.916000 0.786368 
0.917000 0.778838 
0.918000 0.771288 
0.919000 0.763720 
0.920000 0.756133 
0.921000 0.748528 
0.922000 0.740906 
0.923000 0.733267 
0.924000 0.725611 
0.925000 0.717939 
0.926000 0.710251 
0.927000 0.702548 
0.928000 0.694830 
0.929000 0.687098 
0.930000 0.679351 
0.931000 0.671590 
0.932000 0.663817 
0.933000 0.656030 
0.934000 0.648231 
0.935000 0.640420 
0.936000 0.632597 
0.937000 0.624763 
0.938000 0.616918 
0.939000 0.609062 
0.940000 0.601196 
0.941000 0.593321 
0.942000 0.585436 
0.943000 0.577542 
0.944000 0.569640 
0.945000 0.561729 
0.946000 0.553811 
0.947000 0.545885 
0.948000 0.537952 
0.949000 0.530012 
0.950000 0.522066 
0.951000 0.514114 
0.952000 0.506156 
0.953000 0.498193 
0.954000 0.490226 
0.955000 0.482253 
0.956000 0.474276 
0.957000 0.466296 
0.958000 0.458312 
0.959000 0.450325 
0.960000 0.442335 
0.961000 0.434342 
0.962000 0.426348 
0.963000 0.418351 
0.964000 0.410353 
0.965000 0.402354 
0.966000 0.394354 
0.967000 0.386354 
0.968000 0.378353 
0.969000 0.370353 
0.970000 0.362353 
0.971000 0.354353 
0.972000 0.346355 
0.973000 0.338358 
0.974000 0.330363 
0.975000 0.322370 
0.976000 0.314380 
0.977000 0.306391 
0.978000 0.298406 
0.979000 0.290424 
0.980000 0.282446 
0.981000 0.274471 
0.982000 0.266500 
0.983000 0.258534 
0.984000 0.250573 
0.985000 0.242616 
0.986000 0.234665 
0.987000 0.226719 
0.988000 0.218779 
0.989000 0.210845 
0.990000 0.202917 
0.991000 0.194996 
0.992000 0.187081 
0.993000 0.179174 
0.994000 0.171275 
0.995000 0.163382 
0.996000 0.155498 
0.997000 0.147622 
0.998000 0.139754 
0.999000 0.131895 
1.000000 0.124045 
1.001000 0.116204 
1.002000 0.108373 
1.003000 0.100551 
1.004000 0.092739 
1.005000 0.084937 
1.006000 0.077146 
1.007000 0.069365 
1.008000 0.061595 
1.009000 0.053836 
1.010000 0.046088 
1.011000 0.038352 
1.012000 0.030627 
1.013000 0.022915 
1.014000 0.015215 
1.015000 0.007527 
1.016000 -0.000149 
1.017000 -0.007811 
1.018000 -0.015460 
1.019000 -0.023097 
1.020000 -0.030719 
1.021000 -0.038328 
1.022000 -0.045923 
1.023000 -0.053505 
1.024000 -0.061071 
1.025000 -0.068624 
1.026000 -0.076161 
1.027000 -0.083684 
1.028000 -0.091192 
1.029000 -0.098684 
1.030000 -0.106161 
1.031000 -0.113623 
1.032000 -0.121068 
1.033000 -0.128498 
1.034000 -0.135911 
1.035000 -0.143308 
1.036000 -0.150689 
1.037000 -0.158052 
1.038000 -0.165399 
1.039000 -0.172729 
1.040000 -0.180041 
1.041000 -0.187337 
1.042000 -0.194614 
1.043000 -0.201874 
1.044000 -0.209116 
1.045000 -0.216339 
1.046000 -0.223545 
1.047000 -0.230732 
1.048000 -0.237900 
1.049000 -0.245050 
1.050000 -0.252181 
1.051000 -0.259293 
1.052000 -0.266385 
1.053000 -0.273458 
1.054000 -0.280512 
1.055000 -0.287546 
1.056000 -0.294560 
1.057000 -0.301555 
1.058000 -0.308529 
1.059000 -0.315483 
1.060000 -0.322416 
1.061000 -0.329330 
1.062000 -0.336222 
1.063000 -0.343094 
1.064000 -0.349944 
1.065000 -0.356774 
1.066000 -0.363582 
1.067000 -0.370369 
1.068000 -0.377135 
1.069000 -0.383879 
1.070000 -0.390601 
1.071000 -0.397301 
1.072000 -0.403979 
1.073000 -0.410636 
1.074000 -0.417270 
1.075000 -0.423881 
1.076000 -0.430470 
1.077000 -0.437037 
1.078000 -0.443581 
1.079000 -0.450102 
1.080000 -0.456600 
1.081000 -0.463074 
1.082000 -0.469526 
1.083000 -0.475955 
1.084000 -0.482359 
1.085000 -0.488741 
1.086000 -0.495099 
1.087000 -0.501433 
1.088000 -0.507743 
1.089000 -0.514029 
1.090000 -0.520291 
1.091000 -0.526529 
1.092000 -0.532742 
1.093000 -0.538932 
1.094000 -0.545096 
1.095000 -0.551236 
1.096000 -0.557352 
1.097000 -0.563442 
1.098000 -0.569508 
1.099000 -0.575548 
1.100000 -0.581564 
1.101000 -0.587554 
1.102000 -0.593519 
1.103000 -0.599459 
1.104000 -0.605373 
1.105000 -0.611262 
1.106000 -0.617125 
1.107000 -0.622962 
1.108000 -0.628773 
1.109000 -0.634559 
1.110000 -0.640318 
1.111000 -0.646051 
1.112000 -0.651758 
1.113000 -0.657439 
1.114000 -0.663093 
1.115000 -0.668721 
1.116000 -0.674322 
1.117000 -0.679897 
1.118000 -0.685445 
1.119000 -0.690966 
1.120000 -0.696461 
1.121000 -0.701928 
1.122000 -0.707368 
1.123000 -0.712781 
1.124000 -0.718167 
1.125000 -0.723526 
1.126000 -0.728857 
1.127000 -0.734161 
1.128000 -0.739438 
1.129000 -0.744687 
1.130000 -0.749908 
1.131000 -0.755101 
1.132000 -0.760267 
1.133000 -0.765405 
1.134000 -0.770514 
1.135000 -0.775596 
1.136000 -0.780650 
1.137000 -0.785675 
1.138000 -0.790673 
1.139000 -0.795642 
1.140000 -0.800582 
1.141000 -0.805494 
1.142000 -0.810378 
1.143000 -0.815233 
1.144000 -0.820060 
1.145000 -0.824857 
1.146000 -0.829626 
1.147000 -0.834366 
1.148000 -0.839077 
1.149000 -0.843759 
1.150000 -0.848413 
1.151000 -0.853037 
1.152000 -0.857631 
1.153000 -0.862197 
1.154000 -0.866733 
1.155000 -0.871240 
1.156000 -0.875718 
1.157000 -0.880166 
1.158000 -0.884584 
1.159000 -0.888973 
1.160000 -0.893332 
1.161000 -0.897662 
1.162000 -0.901962 
1.163000 -0.906232 
1.164000 -0.910471 
1.165000 -0.914682 
1.166000 -0.918861 
1.167000 -0.923011 
1.168000 -0.927131 
1.169000 -0.931221 
1.170000 -0.935280 
1.171000 -0.939309 
1.172000 -0.943308 
1.173000 -0.947276 
1.174000 -0.951214 
1.175000 -0.955121 
1.176000 -0.958998 
1.177000 -0.962844 
1.178000 -0.966659 
1.179000 -0.970444 
1.180000 -0.974198 
1.181000 -0.977921 
1.182000 -0.981613 
1.183000 -0.985274 
1.184000 -0.988904 
1.185000 -0.992503 
1.186000 -0.996071 
1.187000 -0.999607 
1.188000 -1.003113 
1.189000 -1.006587 
1.190000 -1.010030 
1.191000 -1.013442 
1.192000 -1.016822 
1.193000 -1.020170 
1.194000 -1.023488 
1.195000 -1.026773 
1.196000 -1.030027 
1.197000 -1.033249 
1.198000 -1.036440 
1.199000 -1.039599 
1.200000 -1.042726 
1.201000 -1.045821 
1.202000 -1.048884 
1.203000 -1.051915 
1.204000 -1.054914 
1.205000 -1.057881 
1.206000 -1.060816 
1.207000 -1.063719 
1.208000 -1.066589 
1.209000 -1.069428 
1.210000 -1.072234 
1.211000 -1.075008 
1.212000 -1.077749 
1.213000 -1.080458 
1.214000 -1.083134 
1.215000 -1.085778 
1.216000 -1.088389 
1.217000 -1.090968 
1.218000 -1.093514 
1.219000 -1.096027 
1.220000 -1.098507 
1.221000 -1.100955 
1.222000 -1.103369 
1.223000 -1.105751 
1.224000 -1.108100 
1.225000 -1.110416 
1.226000 -1.112699 
1.227000 -1.114948 
1.228000 -1.117165 
1.229000 -1.119348 
1.230000 -1.121499 
1.231000 -1.123615 
1.232000 -1.125699 
1.233000 -1.127749 
1.234000 -1.129766 
1.235000 -1.131749 
1.236000 -1.133699 
1.237000 -1.135616 
1.238000 -1.137498 
1.239000 -1.139347 
1.240000 -1.141163 
1.241000 -1.142944 
1.242000 -1.144692 
1.243000 -1.146407 
1.244000 -1.148087 
1.245000 -1.149733 
1.246000 -1.151346 
1.247000 -1.152924 
1.248000 -1.154469 
1.249000 -1.155979 
1.250000 -1.157455 
1.251000 -1.158898 
1.252000 -1.160305 
1.253000 -1.161679 
1.254000 -1.163019 
1.255000 -1.164324 
1.256000 -1.165594 
1.257000 -1.166831 
1.258000 -1.168033 
1.259000 -1.169200 
1.260000 -1.170333 
1.261000 -1.171431 
1.262000 -1.172495 
1.263000 -1.173524 
1.264000 -1.174518 
1.265000 -1.175478 
1.266000 -1.176402 
1.267000 -1.177292 
1.268000 -1.178147 
1.269000 -1.178967 
1.270000 -1.179752 
1.271000 -1.180503 
1.272000 -1.181218 
1.273000 -1.181898 
1.274000 -1.182543 
1.275000 -1.183152 
1.276000 -1.183727 
1.277000 -1.184266 
1.278000 -1.184770 
1.279000 -1.185239 
1.280000 -1.185672 
1.281000 -1.186070 
1.282000 -1.186432 
1.283000 -1.186759 
1.284000 -1.187051 
1.285000 -1.187306 
1.286000 -1.187527 
1.287000 -1.187711 
1.288000 -1.187860 
1.289000 -1.187973 
1.290000 -1.188050 
1.291000 -1.188092 
1.292000 -1.188098 
1.293000 -1.188067 
1.294000 -1.188001 
1.295000 -1.187899 
1.296000 -1.187761 
1.297000 -1.187587 
1.298000 -1.187377 
1.299000 -1.187130 
1.300000 -1.186848 
1.301000 -1.186529 
1.302000 -1.186174 
1.303000 -1.185783 
1.304000 -1.185355 
1.305000 -1.184891 
1.306000 -1.184391 
1.307000 -1.183854 
1.308000 -1.183281 
1.309000 -1.182671 
1.310000 -1.182024 
1.311000 -1.181342 
1.312000 -1.180622 
1.313000 -1.179866 
1.314000 -1.179073 
1.315000 -1.178243 
1.316000 -1.177377 
1.317000 -1.176474 
1.318000 -1.175534 
1.319000 -1.174557 
1.320000 -1.173543 
1.321000 -1.172493 
1.322000 -1.171405 
1.323000 -1.170280 
1.324000 -1.169118 
1.325000 -1.167920 
1.326000 -1.166684 
1.327000 -1.165411 
1.328000 -1.164100 
1.329000 -1.162753 
1.330000 -1.161368 
1.331000 -1.159946 
1.332000 -1.158487 
1.333000 -1.156990 
1.334000 -1.155456 
1.335000 -1.153885 
1.336000 -1.152276 
1.337000 -1.150630 
1.338000 -1.148946 
1.339000 -1.147225 
1.340000 -1.145466 
1.341000 -1.143669 
1.342000 -1.141835 
1.343000 -1.139963 
1.344000 -1.138054 
1.345000 -1.136107 
1.346000 -1.134122 
1.347000 -1.132100 
1.348000 -1.130039 
1.349000 -1.127941 
1.350000 -1.125805 
1.351000 -1.123631 
1.352000 -1.121419 
1.353000 -1.119170 
1.354000 -1.116882 
1.355000 -1.114557 
1.356000 -1.112193 
1.357000 -1.109792 
1.358000 -1.107352 
1.359000 -1.104874 
1.360000 -1.102359 
1.361000 -1.099805 
1.362000 -1.097213 
1.363000 -1.094583 
1.364000 -1.091915 
1.365000 -1.089209 
1.366000 -1.086464 
1.367000 -1.083682 
1.368000 -1.080861 
1.369000 -1.078002 
1.370000 -1.075104 
1.371000 -1.072168 
1.372000 -1.069194 
1.373000 -1.066182 
1.374000 -1.063132 
1.375000 -1.060043 
1.376000 -1.056915 
1.377000 -1.053750 
1.378000 -1.050546 
1.379000 -1.047304 
1.380000 -1.044023 
1.381000 -1.040704 
1.382000 -1.037346 
1.383000 -1.033950 
1.384000 -1.030516 
1.385000 -1.027043 
1.386000 -1.023532 
1.387000 -1.019983 
1.388000 -1.016395 
1.389000 -1.012768 
1.390000 -1.009103 
1.391000 -1.005400 
1.392000 -1.001658 
1.393000 -0.997878 
1.394000 -0.994060 
1.395000 -0.990203 
1.396000 -0.986307 
1.397000 -0.982373 
1.398000 -0.978401 
1.399000 -0.974390 
1.400000 -0.970341 
1.401000 -0.966253 
1.402000 -0.962128 
1.403000 -0.957963 
1.404000 -0.953761 
1.405000 -0.949520 
1.406000 -0.945240 
1.407000 -0.940923 
1.408000 -0.936567 
1.409000 -0.932172 
1.410000 -0.927740 
1.411000 -0.923269 
1.412000 -0.918760 
1.413000 -0.914213 
1.414000 -0.909627 
1.415000 -0.905004 
1.416000 -0.900342 
1.417000 -0.895642 
1.418000 -0.890904 
1.419000 -0.886128 
1.420000 -0.881314 
1.421000 -0.876462 
1.422000 -0.871572 
1.423000 -0.866644 
1.424000 -0.861678 
1.425000 -0.856674 
1.426000 -0.851632 
1.427000 -0.846553 
1.428000 -0.841436 
1.429000 -0.836281 
1.430000 -0.831088 
1.431000 -0.825858 
1.432000 -0.820590 
1.433000 -0.815285 
1.434000 -0.809943 
1.435000 -0.804562 
1.436000 -0.799145 
1.437000 -0.793690 
1.438000 -0.788198 
1.439000 -0.782669 
1.440000 -0.777102 
1.441000 -0.771499 
1.442000 -0.765858 
1.443000 -0.760181 
1.444000 -0.754467 
1.445000 -0.748715 
1.446000 -0.742927 
1.447000 -0.737103 
1.448000 -0.731242 
1.449000 -0.725344 
1.450000 -0.719410 
1.451000 -0.713439 
1.452000 -0.707432 
1.453000 -0.701389 
1.454000 -0.695310 
1.455000 -0.689195 
1.456000 -0.683044 
1.457000 -0.676857 
1.458000 -0.670634 
1.459000 -0.664376 
1.460000 -0.658082 
1.461000 -0.651752 
1.462000 -0.645387 
1.463000 -0.638987 
1.464000 -0.632552 
1.465000 -0.626081 
1.466000 -0.619576 
1.467000 -0.613036 
1.468000 -0.606461 
1.469000 -0.599852 
1.470000 -0.593208 
1.471000 -0.586530 
1.472000 -0.579817 
1.473000 -0.573071 
1.474000 -0.566290 
1.475000 -0.559476 
1.476000 -0.552627 
1.477000 -0.545746 
1.478000 -0.538831 
1.479000 -0.531882 
1.480000 -0.524900 
1.481000 -0.517886 
1.482000 -0.510838 
1.483000 -0.503758 
1.484000 -0.496645 
1.485000 -0.489500 
1.486000 -0.482323 
1.487000 -0.475114 
1.488000 -0.467872 
1.489000 -0.460599 
1.490000 -0.453295 
1.491000 -0.445958 
1.492000 -0.438591 
1.493000 -0.431193 
1.494000 -0.423764 
1.495000 -0.416304 
1.496000 -0.408814 
1.497000 -0.401293 
1.498000 -0.393742 
1.499000 -0.386162 
