# time Tc_folded Tref_folded value value_err offset model full_model val_compare val_compare_err residuals residuals_err jitter jitter_flag offset_flag subset_flag 
2455480.529186 2.347407 0.000000 -10482.960657 0.485677 -10476.278814 -2.544432 -10480.478253 -5.026836 0.485677 -2.482404 0.485677 1.542117   1   2  -1 
2455480.529186 2.347407 0.000000 -10482.960657 0.485677 -10476.278814 -2.544432 -10480.478253 -5.026836 0.485677 -2.482404 0.485677 1.542117   1   2  -1 
2455480.532970 2.351191 0.000265 -10481.678693 0.440084 -10476.278814 -2.546482 -10480.478235 -3.746940 0.440084 -1.200458 0.440084 1.542117   1   2  -1 
2455480.532970 2.351191 0.000265 -10481.678693 0.440084 -10476.278814 -2.546482 -10480.478235 -3.746940 0.440084 -1.200458 0.440084 1.542117   1   2  -1 
2455480.536778 2.354999 0.000531 -10480.431449 0.465046 -10476.278814 -2.548534 -10480.478211 -2.501772 0.465046 0.046762 0.465046 1.542117   1   2  -1 
2455480.536778 2.354999 0.000531 -10480.431449 0.465046 -10476.278814 -2.548534 -10480.478211 -2.501772 0.465046 0.046762 0.465046 1.542117   1   2  -1 
2455482.554786 4.373007 0.141756 -10476.128743 0.353905 -10476.278814 -1.702744 -10478.812374 0.980887 0.353905 2.683631 0.353905 1.542117   1   2  -1 
2455482.554786 4.373007 0.141756 -10476.128743 0.353905 -10476.278814 -1.702744 -10478.812374 0.980887 0.353905 2.683631 0.353905 1.542117   1   2  -1 
2455484.542056 6.360277 0.280830 -10475.755433 0.514319 -10476.278814 0.665737 -10475.879159 0.789463 0.514319 0.123726 0.514319 1.542117   1   2  -1 
2455484.542056 6.360277 0.280830 -10475.755433 0.514319 -10476.278814 0.665737 -10475.879159 0.789463 0.514319 0.123726 0.514319 1.542117   1   2  -1 
2455484.545828 6.364049 0.281094 -10473.332240 0.532707 -10476.278814 0.669076 -10475.875405 3.212241 0.532707 2.543165 0.532707 1.542117   1   2  -1 
2455484.545828 6.364049 0.281094 -10473.332240 0.532707 -10476.278814 0.669076 -10475.875405 3.212241 0.532707 2.543165 0.532707 1.542117   1   2  -1 
2455484.549671 6.367892 0.281363 -10474.438386 0.508347 -10476.278814 0.672472 -10475.871590 2.105676 0.508347 1.433204 0.508347 1.542117   1   2  -1 
2455484.549671 6.367892 0.281363 -10474.438386 0.508347 -10476.278814 0.672472 -10475.871590 2.105676 0.508347 1.433204 0.508347 1.542117   1   2  -1 
2455485.527184 -6.943913 0.349772 -10473.605978 0.432034 -10476.278814 1.350424 -10475.230861 2.975306 0.432034 1.624883 0.432034 1.542117   1   2  -1 
2455485.527184 -6.943913 0.349772 -10473.605978 0.432034 -10476.278814 1.350424 -10475.230861 2.975306 0.432034 1.624883 0.432034 1.542117   1   2  -1 
2455485.532971 -6.938126 0.350177 -10471.997247 0.445706 -10476.278814 1.353400 -10475.228974 4.585126 0.445706 3.231727 0.445706 1.542117   1   2  -1 
2455485.532971 -6.938126 0.350177 -10471.997247 0.445706 -10476.278814 1.353400 -10475.228974 4.585126 0.445706 3.231727 0.445706 1.542117   1   2  -1 
2455487.543214 -4.927883 0.490858 -10473.844627 0.404437 -10476.278814 1.810028 -10475.500660 3.466061 0.404437 1.656033 0.404437 1.542117   1   2  -1 
2455487.543214 -4.927883 0.490858 -10473.844627 0.404437 -10476.278814 1.810028 -10475.500660 3.466061 0.404437 1.656033 0.404437 1.542117   1   2  -1 
2455487.548897 -4.922200 0.491256 -10473.904015 0.401767 -10476.278814 1.809945 -10475.502901 3.408832 0.401767 1.598886 0.401767 1.542117   1   2  -1 
2455487.548897 -4.922200 0.491256 -10473.904015 0.401767 -10476.278814 1.809945 -10475.502901 3.408832 0.401767 1.598886 0.401767 1.542117   1   2  -1 
2455493.544252 1.073155 0.910825 -10479.814585 0.396600 -10476.278814 -1.477585 -10479.766041 -1.526129 0.396600 -0.048544 0.396600 1.542117   1   2  -1 
2455493.544252 1.073155 0.910825 -10479.814585 0.396600 -10476.278814 -1.477585 -10479.766041 -1.526129 0.396600 -0.048544 0.396600 1.542117   1   2  -1 
2455493.550478 1.079381 0.911261 -10480.900282 0.405220 -10476.278814 -1.483695 -10479.774789 -2.609188 0.405220 -1.125493 0.405220 1.542117   1   2  -1 
2455493.550478 1.079381 0.911261 -10480.900282 0.405220 -10476.278814 -1.483695 -10479.774789 -2.609188 0.405220 -1.125493 0.405220 1.542117   1   2  -1 
2455495.535877 3.064780 0.050203 -10480.826331 0.401246 -10476.278814 -2.708682 -10481.797562 -1.737451 0.401246 0.971231 0.401246 1.542117   1   2  -1 
2455495.535877 3.064780 0.050203 -10480.826331 0.401246 -10476.278814 -2.708682 -10481.797562 -1.737451 0.401246 0.971231 0.401246 1.542117   1   2  -1 
2455495.541664 3.070567 0.050608 -10480.647538 0.425418 -10476.278814 -2.707924 -10481.799007 -1.556456 0.425418 1.151469 0.425418 1.542117   1   2  -1 
2455495.541664 3.070567 0.050608 -10480.647538 0.425418 -10476.278814 -2.707924 -10481.799007 -1.556456 0.425418 1.151469 0.425418 1.542117   1   2  -1 
2455498.517820 6.046723 0.258887 -10479.650410 0.663846 -10476.278814 0.368071 -10480.169790 0.887450 0.663846 0.519380 0.663846 1.542117   1   2  -1 
2455498.517820 6.046723 0.258887 -10479.650410 0.663846 -10476.278814 0.368071 -10480.169790 0.887450 0.663846 0.519380 0.663846 1.542117   1   2  -1 
2455498.523445 6.052348 0.259280 -10478.978096 0.600098 -10476.278814 0.373759 -10480.167247 1.562910 0.600098 1.189151 0.600098 1.542117   1   2  -1 
2455498.523445 6.052348 0.259280 -10478.978096 0.600098 -10476.278814 0.373759 -10480.167247 1.562910 0.600098 1.189151 0.600098 1.542117   1   2  -1 
2455500.544007 -6.216409 0.400684 -10479.588979 0.341836 -10476.278814 1.641273 -10479.740691 1.792985 0.341836 0.151712 0.341836 1.542117   1   2  -1 
2455500.544007 -6.216409 0.400684 -10479.588979 0.341836 -10476.278814 1.641273 -10479.740691 1.792985 0.341836 0.151712 0.341836 1.542117   1   2  -1 
2455500.549389 -6.211027 0.401061 -10479.646223 0.372174 -10476.278814 1.642839 -10479.740327 1.736943 0.372174 0.094104 0.372174 1.542117   1   2  -1 
2455500.549389 -6.211027 0.401061 -10479.646223 0.372174 -10476.278814 1.642839 -10479.740327 1.736943 0.372174 0.094104 0.372174 1.542117   1   2  -1 
2455501.547102 -5.213314 0.470883 -10479.228913 0.302659 -10476.278814 1.805533 -10479.721370 2.297990 0.302659 0.492457 0.302659 1.542117   1   2  -1 
2455501.547102 -5.213314 0.470883 -10479.228913 0.302659 -10476.278814 1.805533 -10479.721370 2.297990 0.302659 0.492457 0.302659 1.542117   1   2  -1 
2455501.552738 -5.207678 0.471277 -10480.110772 0.289222 -10476.278814 1.805789 -10479.721595 1.416612 0.289222 -0.389177 0.289222 1.542117   1   2  -1 
2455501.552738 -5.207678 0.471277 -10480.110772 0.289222 -10476.278814 1.805789 -10479.721595 1.416612 0.289222 -0.389177 0.289222 1.542117   1   2  -1 
2455505.514789 -1.245627 0.748551 -10479.788974 0.344263 -10476.278814 0.527494 -10481.253297 1.991817 0.344263 1.464323 0.344263 1.542117   1   2  -1 
2455505.514789 -1.245627 0.748551 -10479.788974 0.344263 -10476.278814 0.527494 -10481.253297 1.991817 0.344263 1.464323 0.344263 1.542117   1   2  -1 
2455505.520425 -1.239991 0.748945 -10479.398339 0.340728 -10476.278814 0.523691 -10481.256463 2.381815 0.340728 1.858124 0.340728 1.542117   1   2  -1 
2455505.520425 -1.239991 0.748945 -10479.398339 0.340728 -10476.278814 0.523691 -10481.256463 2.381815 0.340728 1.858124 0.340728 1.542117   1   2  -1 
2455507.517142 0.756726 0.888680 -10482.165859 0.264981 -10476.278814 -1.166711 -10482.280163 -1.052407 0.264981 0.114304 0.264981 1.542117   1   2  -1 
2455507.517142 0.756726 0.888680 -10482.165859 0.264981 -10476.278814 -1.166711 -10482.280163 -1.052407 0.264981 0.114304 0.264981 1.542117   1   2  -1 
2455507.522824 0.762408 0.889078 -10483.868821 0.270208 -10476.278814 -1.172274 -10482.282885 -2.758209 0.270208 -1.585936 0.270208 1.542117   1   2  -1 
2455507.522824 0.762408 0.889078 -10483.868821 0.270208 -10476.278814 -1.172274 -10482.282885 -2.758209 0.270208 -1.585936 0.270208 1.542117   1   2  -1 
2455509.518050 2.757634 0.028709 -10482.136940 0.380261 -10476.278814 -2.698283 -10482.808188 -2.027034 0.380261 0.671248 0.380261 1.542117   1   2  -1 
2455509.518050 2.757634 0.028709 -10482.136940 0.380261 -10476.278814 -2.698283 -10482.808188 -2.027034 0.380261 0.671248 0.380261 1.542117   1   2  -1 
2455509.523524 2.763108 0.029092 -10481.842165 0.354765 -10476.278814 -2.699309 -10482.806706 -1.734768 0.354765 0.964541 0.354765 1.542117   1   2  -1 
2455509.523524 2.763108 0.029092 -10481.842165 0.354765 -10476.278814 -2.699309 -10482.806706 -1.734768 0.354765 0.964541 0.354765 1.542117   1   2  -1 
2455511.516449 4.756033 0.168561 -10481.051242 0.398498 -10476.278814 -1.205428 -10480.403986 -1.852684 0.398498 -0.647256 0.398498 1.542117   1   2  -1 
2455511.516449 4.756033 0.168561 -10481.051242 0.398498 -10476.278814 -1.205428 -10480.403986 -1.852684 0.398498 -0.647256 0.398498 1.542117   1   2  -1 
2455511.521935 4.761519 0.168945 -10481.318563 0.396662 -10476.278814 -1.198135 -10480.393950 -2.122748 0.396662 -0.924613 0.396662 1.542117   1   2  -1 
2455511.521935 4.761519 0.168945 -10481.318563 0.396662 -10476.278814 -1.198135 -10480.393950 -2.122748 0.396662 -0.924613 0.396662 1.542117   1   2  -1 
2455513.504562 6.744146 0.307694 -10476.804338 0.418335 -10476.278814 0.976403 -10477.112866 1.284932 0.418335 0.308528 0.418335 1.542117   1   2  -1 
2455513.504562 6.744146 0.307694 -10476.804338 0.418335 -10476.278814 0.976403 -10477.112866 1.284932 0.418335 0.308528 0.418335 1.542117   1   2  -1 
2455513.510244 6.749828 0.308092 -10476.668251 0.441085 -10476.278814 0.980566 -10477.105377 1.417692 0.441085 0.437126 0.441085 1.542117   1   2  -1 
2455513.510244 6.749828 0.308092 -10476.668251 0.441085 -10476.278814 0.980566 -10477.105377 1.417692 0.441085 0.437126 0.441085 1.542117   1   2  -1 
2455514.505835 -6.543899 0.377766 -10478.206203 0.335906 -10476.278814 1.530399 -10475.976514 -0.699290 0.335906 -2.229689 0.335906 1.542117   1   2  -1 
2455514.505835 -6.543899 0.377766 -10478.206203 0.335906 -10476.278814 1.530399 -10475.976514 -0.699290 0.335906 -2.229689 0.335906 1.542117   1   2  -1 
2455514.511356 -6.538378 0.378152 -10477.524806 0.341716 -10476.278814 1.532530 -10475.971181 -0.021095 0.341716 -1.553625 0.341716 1.542117   1   2  -1 
2455514.511356 -6.538378 0.378152 -10477.524806 0.341716 -10476.278814 1.532530 -10475.971181 -0.021095 0.341716 -1.553625 0.341716 1.542117   1   2  -1 
2455519.503938 -1.545796 0.727545 -10474.517329 0.516685 -10476.278814 0.721641 -10473.774869 -0.020819 0.516685 -0.742460 0.516685 1.542117   1   2  -1 
2455519.503938 -1.545796 0.727545 -10474.517329 0.516685 -10476.278814 0.721641 -10473.774869 -0.020819 0.516685 -0.742460 0.516685 1.542117   1   2  -1 
2455519.508811 -1.540923 0.727886 -10473.971305 0.498073 -10476.278814 0.718620 -10473.777450 0.524766 0.498073 -0.193855 0.498073 1.542117   1   2  -1 
2455519.508811 -1.540923 0.727886 -10473.971305 0.498073 -10476.278814 0.718620 -10473.777450 0.524766 0.498073 -0.193855 0.498073 1.542117   1   2  -1 
2455523.508036 2.458302 0.007761 -10476.567096 0.414917 -10476.278814 -2.600008 -10478.667976 -0.499128 0.414917 2.100880 0.414917 1.542117   1   2  -1 
2455523.508036 2.458302 0.007761 -10476.567096 0.414917 -10476.278814 -2.600008 -10478.667976 -0.499128 0.414917 2.100880 0.414917 1.542117   1   2  -1 
2455523.513036 2.463302 0.008111 -10476.426565 0.432885 -10476.278814 -2.602287 -10478.671156 -0.357696 0.432885 2.244591 0.432885 1.542117   1   2  -1 
2455523.513036 2.463302 0.008111 -10476.426565 0.432885 -10476.278814 -2.602287 -10478.671156 -0.357696 0.432885 2.244591 0.432885 1.542117   1   2  -1 
2455524.521481 3.471747 0.078684 -10476.409103 0.333974 -10476.278814 -2.566792 -10478.753710 -0.222184 0.333974 2.344607 0.333974 1.542117   1   2  -1 
2455524.521481 3.471747 0.078684 -10476.409103 0.333974 -10476.278814 -2.566792 -10478.753710 -0.222184 0.333974 2.344607 0.333974 1.542117   1   2  -1 
2455524.526446 3.476712 0.079031 -10475.818731 0.339194 -10476.278814 -2.563963 -10478.751477 0.368783 0.339194 2.932746 0.339194 1.542117   1   2  -1 
2455524.526446 3.476712 0.079031 -10475.818731 0.339194 -10476.278814 -2.563963 -10478.751477 0.368783 0.339194 2.932746 0.339194 1.542117   1   2  -1 
2455653.900831 4.247232 0.132954 -10479.122782 0.372304 -10476.278814 -1.856289 -10477.997898 -2.981174 0.372304 -1.124884 0.372304 1.542117   1   2  -1 
2455653.900831 4.247232 0.132954 -10479.122782 0.372304 -10476.278814 -1.856289 -10477.997898 -2.981174 0.372304 -1.124884 0.372304 1.542117   1   2  -1 
2455653.906410 4.252811 0.133345 -10477.502514 0.368097 -10476.278814 -1.849631 -10477.992889 -1.359255 0.368097 0.490375 0.368097 1.542117   1   2  -1 
2455653.906410 4.252811 0.133345 -10477.502514 0.368097 -10476.278814 -1.849631 -10477.992889 -1.359255 0.368097 0.490375 0.368097 1.542117   1   2  -1 
2455654.900357 5.246758 0.202903 -10477.529507 0.407058 -10476.278814 -0.558846 -10477.050366 -1.037988 0.407058 -0.479141 0.407058 1.542117   1   2  -1 
2455654.900357 5.246758 0.202903 -10477.529507 0.407058 -10476.278814 -0.558846 -10477.050366 -1.037988 0.407058 -0.479141 0.407058 1.542117   1   2  -1 
2455654.905936 5.252337 0.203294 -10476.951630 0.365708 -10476.278814 -0.551695 -10477.045374 -0.457951 0.365708 0.093744 0.365708 1.542117   1   2  -1 
2455654.905936 5.252337 0.203294 -10476.951630 0.365708 -10476.278814 -0.551695 -10477.045374 -0.457951 0.365708 0.093744 0.365708 1.542117   1   2  -1 
2455657.909222 -6.033695 0.413471 -10477.608535 0.302855 -10476.278814 1.690002 -10476.011676 0.093142 0.302855 -1.596859 0.302855 1.542117   1   2  -1 
2455657.909222 -6.033695 0.413471 -10477.608535 0.302855 -10476.278814 1.690002 -10476.011676 0.093142 0.302855 -1.596859 0.302855 1.542117   1   2  -1 
2455657.914813 -6.028104 0.413862 -10478.050098 0.315866 -10476.278814 1.691351 -10476.012590 -0.346157 0.315866 -2.037508 0.315866 1.542117   1   2  -1 
2455657.914813 -6.028104 0.413862 -10478.050098 0.315866 -10476.278814 1.691351 -10476.012590 -0.346157 0.315866 -2.037508 0.315866 1.542117   1   2  -1 
2455659.907949 -4.034968 0.553346 -10477.046490 0.384743 -10476.278814 1.719882 -10476.824677 1.498069 0.384743 -0.221813 0.384743 1.542117   1   2  -1 
2455659.907949 -4.034968 0.553346 -10477.046490 0.384743 -10476.278814 1.719882 -10476.824677 1.498069 0.384743 -0.221813 0.384743 1.542117   1   2  -1 
2455659.913540 -4.029377 0.553738 -10478.198534 0.401510 -10476.278814 1.718849 -10476.828257 0.348572 0.401510 -1.370277 0.401510 1.542117   1   2  -1 
2455659.913540 -4.029377 0.553738 -10478.198534 0.401510 -10476.278814 1.718849 -10476.828257 0.348572 0.401510 -1.370277 0.401510 1.542117   1   2  -1 
2455660.901884 -3.041033 0.622904 -10478.330760 0.251174 -10476.278814 1.449994 -10477.581179 0.700413 0.251174 -0.749581 0.251174 1.542117   1   2  -1 
2455660.901884 -3.041033 0.622904 -10478.330760 0.251174 -10476.278814 1.449994 -10477.581179 0.700413 0.251174 -0.749581 0.251174 1.542117   1   2  -1 
2455662.902485 -1.040432 0.762911 -10478.461597 0.474458 -10476.278814 0.385280 -10479.846428 1.770111 0.474458 1.384831 0.474458 1.542117   1   2  -1 
2455662.902485 -1.040432 0.762911 -10478.461597 0.474458 -10476.278814 0.385280 -10479.846428 1.770111 0.474458 1.384831 0.474458 1.542117   1   2  -1 
2455662.908180 -1.034737 0.763310 -10479.019990 0.454621 -10476.278814 0.381222 -10479.854028 1.215260 0.454621 0.834038 0.454621 1.542117   1   2  -1 
2455662.908180 -1.034737 0.763310 -10479.019990 0.454621 -10476.278814 0.381222 -10479.854028 1.215260 0.454621 0.834038 0.454621 1.542117   1   2  -1 
2455663.839263 -0.103654 0.828469 -10481.021871 0.868606 -10476.278814 -0.361022 -10481.124098 -0.258795 0.868606 0.102227 0.868606 1.542117   1   2  -1 
2455663.839263 -0.103654 0.828469 -10481.021871 0.868606 -10476.278814 -0.361022 -10481.124098 -0.258795 0.868606 0.102227 0.868606 1.542117   1   2  -1 
2455672.897729 -5.334507 0.462402 -10477.289791 0.326960 -10476.278814 1.798344 -10479.168685 3.677238 0.326960 1.878894 0.326960 1.542117   1   2  -1 
2455672.897729 -5.334507 0.462402 -10477.289791 0.326960 -10476.278814 1.798344 -10479.168685 3.677238 0.326960 1.878894 0.326960 1.542117   1   2  -1 
2455672.902775 -5.329461 0.462755 -10477.128218 0.300639 -10476.278814 1.798708 -10479.168324 3.838814 0.300639 2.040106 0.300639 1.542117   1   2  -1 
2455672.902775 -5.329461 0.462755 -10477.128218 0.300639 -10476.278814 1.798708 -10479.168324 3.838814 0.300639 2.040106 0.300639 1.542117   1   2  -1 
2455675.905453 -2.326783 0.672889 -10479.983143 0.211350 -10476.278814 1.150837 -10478.280792 -0.551514 0.211350 -1.702351 0.211350 1.542117   1   2  -1 
2455675.905453 -2.326783 0.672889 -10479.983143 0.211350 -10476.278814 1.150837 -10478.280792 -0.551514 0.211350 -1.702351 0.211350 1.542117   1   2  -1 
2455679.879903 1.647667 0.951031 -10481.249420 0.252289 -10476.278814 -2.023236 -10480.535239 -2.737417 0.252289 -0.714181 0.252289 1.542117   1   2  -1 
2455679.879903 1.647667 0.951031 -10481.249420 0.252289 -10476.278814 -2.023236 -10480.535239 -2.737417 0.252289 -0.714181 0.252289 1.542117   1   2  -1 
2455679.885123 1.652887 0.951396 -10482.070814 0.256851 -10476.278814 -2.027899 -10480.537991 -3.560723 0.256851 -1.532823 0.256851 1.542117   1   2  -1 
2455679.885123 1.652887 0.951396 -10482.070814 0.256851 -10476.278814 -2.027899 -10480.537991 -3.560723 0.256851 -1.532823 0.256851 1.542117   1   2  -1 
2455712.893679 6.082807 0.261412 -10477.596372 0.280177 -10476.278814 0.404343 -10477.380711 0.188682 0.280177 -0.215661 0.280177 1.542117   1   2  -1 
2455712.893679 6.082807 0.261412 -10477.596372 0.280177 -10476.278814 0.404343 -10477.380711 0.188682 0.280177 -0.215661 0.280177 1.542117   1   2  -1 
2455715.864679 -5.235512 0.469330 -10473.715742 0.681733 -10476.278814 1.804457 -10474.355080 2.443795 0.681733 0.639338 0.681733 1.542117   1   2  -1 
2455715.864679 -5.235512 0.469330 -10473.715742 0.681733 -10476.278814 1.804457 -10474.355080 2.443795 0.681733 0.639338 0.681733 1.542117   1   2  -1 
2455715.867376 -5.232815 0.469518 -10473.898980 0.709421 -10476.278814 1.804593 -10474.353794 2.259407 0.709421 0.454814 0.709421 1.542117   1   2  -1 
2455715.867376 -5.232815 0.469518 -10473.898980 0.709421 -10476.278814 1.804593 -10474.353794 2.259407 0.709421 0.454814 0.709421 1.542117   1   2  -1 
2455715.869992 -5.230199 0.469701 -10473.445162 0.718389 -10476.278814 1.804724 -10474.352549 2.712111 0.718389 0.907387 0.718389 1.542117   1   2  -1 
2455715.869992 -5.230199 0.469701 -10473.445162 0.718389 -10476.278814 1.804724 -10474.352549 2.712111 0.718389 0.907387 0.718389 1.542117   1   2  -1 
2455715.872747 -5.227444 0.469894 -10473.903696 0.742414 -10476.278814 1.804860 -10474.351240 2.252404 0.742414 0.447544 0.742414 1.542117   1   2  -1 
2455715.872747 -5.227444 0.469894 -10473.903696 0.742414 -10476.278814 1.804860 -10474.351240 2.252404 0.742414 0.447544 0.742414 1.542117   1   2  -1 
2455727.859452 6.759261 0.308752 -10475.357665 0.528199 -10476.278814 0.987450 -10476.463695 2.093479 0.528199 1.106030 0.528199 1.542117   1   2  -1 
2455727.859452 6.759261 0.308752 -10475.357665 0.528199 -10476.278814 0.987450 -10476.463695 2.093479 0.528199 1.106030 0.528199 1.542117   1   2  -1 
2455727.863145 6.762954 0.309010 -10476.960737 0.516663 -10476.278814 0.990135 -10476.462888 0.492286 0.516663 -0.497849 0.516663 1.542117   1   2  -1 
2455727.863145 6.762954 0.309010 -10476.960737 0.516663 -10476.278814 0.990135 -10476.462888 0.492286 0.516663 -0.497849 0.516663 1.542117   1   2  -1 
2455727.866953 6.766762 0.309277 -10477.060026 0.559742 -10476.278814 0.992899 -10476.462064 0.394937 0.559742 -0.597962 0.559742 1.542117   1   2  -1 
2455727.866953 6.766762 0.309277 -10477.060026 0.559742 -10476.278814 0.992899 -10476.462064 0.394937 0.559742 -0.597962 0.559742 1.542117   1   2  -1 
2455735.809170 0.419661 0.865092 -10480.718295 0.263016 -10476.278814 -0.840848 -10479.812978 -1.746165 0.263016 -0.905317 0.263016 1.542117   1   2  -1 
2455735.809170 0.419661 0.865092 -10480.718295 0.263016 -10476.278814 -0.840848 -10479.812978 -1.746165 0.263016 -0.905317 0.263016 1.542117   1   2  -1 
2455754.777241 5.098414 0.192522 -10475.455016 0.545675 -10476.278814 -0.751326 -10476.857989 0.651647 0.545675 1.402973 0.545675 1.542117   1   2  -1 
2455754.777241 5.098414 0.192522 -10475.455016 0.545675 -10476.278814 -0.751326 -10476.857989 0.651647 0.545675 1.402973 0.545675 1.542117   1   2  -1 
2455755.755721 6.076894 0.260998 -10477.021535 0.384396 -10476.278814 0.398435 -10475.952469 -0.670631 0.384396 -1.069066 0.384396 1.542117   1   2  -1 
2455755.755721 6.076894 0.260998 -10477.021535 0.384396 -10476.278814 0.398435 -10475.952469 -0.670631 0.384396 -1.069066 0.384396 1.542117   1   2  -1 
2455769.736300 5.768154 0.239392 -10478.718338 0.338766 -10476.278814 0.070824 -10479.796140 1.148625 0.338766 1.077802 0.338766 1.542117   1   2  -1 
2455769.736300 5.768154 0.239392 -10478.718338 0.338766 -10476.278814 0.070824 -10479.796140 1.148625 0.338766 1.077802 0.338766 1.542117   1   2  -1 
2455769.742075 5.773929 0.239796 -10479.209949 0.385157 -10476.278814 0.077288 -10479.790534 0.657872 0.385157 0.580585 0.385157 1.542117   1   2  -1 
2455769.742075 5.773929 0.239796 -10479.209949 0.385157 -10476.278814 0.077288 -10479.790534 0.657872 0.385157 0.580585 0.385157 1.542117   1   2  -1 
2455776.628483 -1.628981 0.721723 -10477.854877 0.356174 -10476.278814 0.772544 -10476.496922 -0.585411 0.356174 -1.357955 0.356174 1.542117   1   2  -1 
2455776.628483 -1.628981 0.721723 -10477.854877 0.356174 -10476.278814 0.772544 -10476.496922 -0.585411 0.356174 -1.357955 0.356174 1.542117   1   2  -1 
2455782.624998 4.367534 0.141373 -10477.234320 0.380536 -10476.278814 -1.709563 -10478.246034 -0.697849 0.380536 1.011714 0.380536 1.542117   1   2  -1 
2455782.624998 4.367534 0.141373 -10477.234320 0.380536 -10476.278814 -1.709563 -10478.246034 -0.697849 0.380536 1.011714 0.380536 1.542117   1   2  -1 
2455784.737667 6.480203 0.289223 -10473.119634 0.272683 -10476.278814 0.769093 -10474.935314 2.584773 0.272683 1.815680 0.272683 1.542117   1   2  -1 
2455784.737667 6.480203 0.289223 -10473.119634 0.272683 -10476.278814 0.769093 -10474.935314 2.584773 0.272683 1.815680 0.272683 1.542117   1   2  -1 
2455801.526698 -5.309403 0.464158 -10477.714254 0.636570 -10476.278814 1.800099 -10476.604120 0.689965 0.636570 -1.110134 0.636570 1.542117   1   2  -1 
2455801.526698 -5.309403 0.464158 -10477.714254 0.636570 -10476.278814 1.800099 -10476.604120 0.689965 0.636570 -1.110134 0.636570 1.542117   1   2  -1 
2455801.531628 -5.304473 0.464504 -10478.348482 0.588581 -10476.278814 1.800427 -10476.604813 0.056758 0.588581 -1.743669 0.588581 1.542117   1   2  -1 
2455801.531628 -5.304473 0.464504 -10478.348482 0.588581 -10476.278814 1.800427 -10476.604813 0.056758 0.588581 -1.743669 0.588581 1.542117   1   2  -1 
2455804.632333 -2.203768 0.681498 -10479.889141 0.560283 -10476.278814 1.090395 -10478.025257 -0.773489 0.560283 -1.863884 0.560283 1.542117   1   2  -1 
2455804.632333 -2.203768 0.681498 -10479.889141 0.560283 -10476.278814 1.090395 -10478.025257 -0.773489 0.560283 -1.863884 0.560283 1.542117   1   2  -1 
2455804.637669 -2.198432 0.681872 -10479.356651 0.516075 -10476.278814 1.087713 -10478.027997 -0.240941 0.516075 -1.328654 0.516075 1.542117   1   2  -1 
2455804.637669 -2.198432 0.681872 -10479.356651 0.516075 -10476.278814 1.087713 -10478.027997 -0.240941 0.516075 -1.328654 0.516075 1.542117   1   2  -1 
2455807.626267 0.790166 0.891021 -10477.952953 0.482855 -10476.278814 -1.199470 -10479.643236 0.490813 0.482855 1.690283 0.482855 1.542117   1   2  -1 
2455807.626267 0.790166 0.891021 -10477.952953 0.482855 -10476.278814 -1.199470 -10479.643236 0.490813 0.482855 1.690283 0.482855 1.542117   1   2  -1 
2455807.631162 0.795061 0.891363 -10477.762393 0.443292 -10476.278814 -1.204269 -10479.646083 0.679421 0.443292 1.883690 0.443292 1.542117   1   2  -1 
2455807.631162 0.795061 0.891363 -10477.762393 0.443292 -10476.278814 -1.204269 -10479.646083 0.679421 0.443292 1.883690 0.443292 1.542117   1   2  -1 
2455810.581550 3.745449 0.097838 -10481.002505 0.377097 -10476.278814 -2.373884 -10479.364700 -4.011689 0.377097 -1.637805 0.377097 1.542117   1   2  -1 
2455810.581550 3.745449 0.097838 -10481.002505 0.377097 -10476.278814 -2.373884 -10479.364700 -4.011689 0.377097 -1.637805 0.377097 1.542117   1   2  -1 
2455810.586723 3.750622 0.098200 -10480.282556 0.398696 -10476.278814 -2.369547 -10479.358217 -3.293886 0.398696 -0.924339 0.398696 1.542117   1   2  -1 
2455810.586723 3.750622 0.098200 -10480.282556 0.398696 -10476.278814 -2.369547 -10479.358217 -3.293886 0.398696 -0.924339 0.398696 1.542117   1   2  -1 
2455816.587002 -4.538417 0.518114 -10476.284284 0.479893 -10476.278814 1.789416 -10476.491645 1.996777 0.479893 0.207361 0.479893 1.542117   1   2  -1 
2455816.587002 -4.538417 0.518114 -10476.284284 0.479893 -10476.278814 1.789416 -10476.491645 1.996777 0.479893 0.207361 0.479893 1.542117   1   2  -1 
2455816.590578 -4.534841 0.518364 -10475.380232 0.444942 -10476.278814 1.789089 -10476.490443 2.899300 0.444942 1.110211 0.444942 1.542117   1   2  -1 
2455816.590578 -4.534841 0.518364 -10475.380232 0.444942 -10476.278814 1.789089 -10476.490443 2.899300 0.444942 1.110211 0.444942 1.542117   1   2  -1 
2455816.594154 -4.531265 0.518614 -10476.257023 0.438232 -10476.278814 1.788760 -10476.489235 2.020972 0.438232 0.232212 0.438232 1.542117   1   2  -1 
2455816.594154 -4.531265 0.518614 -10476.257023 0.438232 -10476.278814 1.788760 -10476.489235 2.020972 0.438232 0.232212 0.438232 1.542117   1   2  -1 
2455834.622073 -0.792665 0.780250 -10480.909706 0.288686 -10476.278814 0.203246 -10479.188738 -1.517722 0.288686 -1.720968 0.288686 1.542117   1   2  -1 
2455834.622073 -0.792665 0.780250 -10480.909706 0.288686 -10476.278814 0.203246 -10479.188738 -1.517722 0.288686 -1.720968 0.288686 1.542117   1   2  -1 
2455834.627593 -0.787145 0.780637 -10481.704100 0.288262 -10476.278814 0.199063 -10479.191306 -2.313731 0.288262 -2.512794 0.288262 1.542117   1   2  -1 
2455834.627593 -0.787145 0.780637 -10481.704100 0.288262 -10476.278814 0.199063 -10479.191306 -2.313731 0.288262 -2.512794 0.288262 1.542117   1   2  -1 
2455836.585712 1.170974 0.917670 -10482.497452 0.340261 -10476.278814 -1.573359 -10480.202556 -3.868255 0.340261 -2.294896 0.340261 1.542117   1   2  -1 
2455836.585712 1.170974 0.917670 -10482.497452 0.340261 -10476.278814 -1.573359 -10480.202556 -3.868255 0.340261 -2.294896 0.340261 1.542117   1   2  -1 
2455836.591440 1.176702 0.918071 -10483.216344 0.339568 -10476.278814 -1.578949 -10480.205569 -4.589724 0.339568 -3.010775 0.339568 1.542117   1   2  -1 
2455836.591440 1.176702 0.918071 -10483.216344 0.339568 -10476.278814 -1.578949 -10480.205569 -4.589724 0.339568 -3.010775 0.339568 1.542117   1   2  -1 
2455839.585007 4.170269 0.127568 -10480.984122 0.455066 -10476.278814 -1.946513 -10479.521074 -3.409560 0.455066 -1.463048 0.455066 1.542117   1   2  -1 
2455839.585007 4.170269 0.127568 -10480.984122 0.455066 -10476.278814 -1.946513 -10479.521074 -3.409560 0.455066 -1.463048 0.455066 1.542117   1   2  -1 
2455839.590794 4.176056 0.127973 -10480.862232 0.459884 -10476.278814 -1.939839 -10479.513434 -3.288638 0.459884 -1.348798 0.459884 1.542117   1   2  -1 
2455839.590794 4.176056 0.127973 -10480.862232 0.459884 -10476.278814 -1.939839 -10479.513434 -3.288638 0.459884 -1.348798 0.459884 1.542117   1   2  -1 
2455842.549547 7.134809 0.335034 -10475.984718 0.533150 -10476.278814 1.234276 -10476.149215 1.398774 0.533150 0.164497 0.533150 1.542117   1   2  -1 
2455842.549547 7.134809 0.335034 -10475.984718 0.533150 -10476.278814 1.234276 -10476.149215 1.398774 0.533150 0.164497 0.533150 1.542117   1   2  -1 
2455842.555033 7.140295 0.335418 -10475.769563 0.436601 -10476.278814 1.237499 -10476.145517 1.613453 0.436601 0.375954 0.436601 1.542117   1   2  -1 
2455842.555033 7.140295 0.335418 -10475.769563 0.436601 -10476.278814 1.237499 -10476.145517 1.613453 0.436601 0.375954 0.436601 1.542117   1   2  -1 
2455845.575633 -4.128423 0.546806 -10472.970844 0.533869 -10476.278814 1.736313 -10475.062968 3.828437 0.533869 2.092124 0.533869 1.542117   1   2  -1 
2455845.575633 -4.128423 0.546806 -10472.970844 0.533869 -10476.278814 1.736313 -10475.062968 3.828437 0.533869 2.092124 0.533869 1.542117   1   2  -1 
2455845.581258 -4.122798 0.547200 -10473.156417 0.461200 -10476.278814 1.735369 -10475.062764 3.641716 0.461200 1.906347 0.461200 1.542117   1   2  -1 
2455845.581258 -4.122798 0.547200 -10473.156417 0.461200 -10476.278814 1.735369 -10475.062764 3.641716 0.461200 1.906347 0.461200 1.542117   1   2  -1 
2455870.498785 6.505411 0.290987 -10481.818484 0.365314 -10476.278814 0.790084 -10479.874553 -1.153847 0.365314 -1.943931 0.365314 1.542117   1   2  -1 
2455870.498785 6.505411 0.290987 -10481.818484 0.365314 -10476.278814 0.790084 -10479.874553 -1.153847 0.365314 -1.943931 0.365314 1.542117   1   2  -1 
2455870.504422 6.511048 0.291381 -10481.151885 0.359240 -10476.278814 0.794743 -10479.868988 -0.488154 0.359240 -1.282897 0.359240 1.542117   1   2  -1 
2455870.504422 6.511048 0.291381 -10481.151885 0.359240 -10476.278814 0.794743 -10479.868988 -0.488154 0.359240 -1.282897 0.359240 1.542117   1   2  -1 
2455874.532217 -3.750476 0.573256 -10477.728868 0.513797 -10476.278814 1.660246 -10477.428180 1.359558 0.513797 -0.300688 0.513797 1.542117   1   2  -1 
2455874.532217 -3.750476 0.573256 -10477.728868 0.513797 -10476.278814 1.660246 -10477.428180 1.359558 0.513797 -0.300688 0.513797 1.542117   1   2  -1 
2455874.537437 -3.745256 0.573621 -10475.674380 0.695338 -10476.278814 1.659018 -10477.428127 3.412765 0.695338 1.753747 0.695338 1.542117   1   2  -1 
2455874.537437 -3.745256 0.573621 -10475.674380 0.695338 -10476.278814 1.659018 -10477.428127 3.412765 0.695338 1.753747 0.695338 1.542117   1   2  -1 
2455878.549549 0.266856 0.854398 -10474.975638 0.680478 -10476.278814 -0.696866 -10477.495456 1.822951 0.680478 2.519818 0.680478 1.542117   1   2  -1 
2455878.549549 0.266856 0.854398 -10474.975638 0.680478 -10476.278814 -0.696866 -10477.495456 1.822951 0.680478 2.519818 0.680478 1.542117   1   2  -1 
2455878.554965 0.272272 0.854777 -10473.200640 0.660711 -10476.278814 -0.701920 -10477.495259 3.592698 0.660711 4.294619 0.660711 1.542117   1   2  -1 
2455878.554965 0.272272 0.854777 -10473.200640 0.660711 -10476.278814 -0.701920 -10477.495259 3.592698 0.660711 4.294619 0.660711 1.542117   1   2  -1 
2456020.892743 -0.283133 0.815909 -10474.892081 0.400252 -10476.278814 -0.206074 -10476.377787 1.279632 0.400252 1.485706 0.400252 1.542117   1   2  -1 
2456020.892743 -0.283133 0.815909 -10474.892081 0.400252 -10476.278814 -0.206074 -10476.377787 1.279632 0.400252 1.485706 0.400252 1.542117   1   2  -1 
2456020.898160 -0.277716 0.816288 -10474.995167 0.390725 -10476.278814 -0.210671 -10476.382916 1.177078 0.390725 1.387749 0.390725 1.542117   1   2  -1 
2456020.898160 -0.277716 0.816288 -10474.995167 0.390725 -10476.278814 -0.210671 -10476.382916 1.177078 0.390725 1.387749 0.390725 1.542117   1   2  -1 
2456022.889397 1.713521 0.955639 -10478.871489 0.497344 -10476.278814 -2.081474 -10478.531013 -2.421950 0.497344 -0.340476 0.497344 1.542117   1   2  -1 
2456022.889397 1.713521 0.955639 -10478.871489 0.497344 -10476.278814 -2.081474 -10478.531013 -2.421950 0.497344 -0.340476 0.497344 1.542117   1   2  -1 
2456022.894884 1.719008 0.956023 -10479.815426 0.556527 -10476.278814 -2.086265 -10478.537313 -3.364378 0.556527 -1.278113 0.556527 1.542117   1   2  -1 
2456022.894884 1.719008 0.956023 -10479.815426 0.556527 -10476.278814 -2.086265 -10478.537313 -3.364378 0.556527 -1.278113 0.556527 1.542117   1   2  -1 
2456024.891353 3.715477 0.095741 -10480.979281 0.428656 -10476.278814 -2.398532 -10479.568280 -3.809533 0.428656 -1.411001 0.428656 1.542117   1   2  -1 
2456024.891353 3.715477 0.095741 -10480.979281 0.428656 -10476.278814 -2.398532 -10479.568280 -3.809533 0.428656 -1.411001 0.428656 1.542117   1   2  -1 
2456024.897048 3.721172 0.096139 -10480.604419 0.407038 -10476.278814 -2.393912 -10479.565497 -3.432833 0.407038 -1.038922 0.407038 1.542117   1   2  -1 
2456024.897048 3.721172 0.096139 -10480.604419 0.407038 -10476.278814 -2.393912 -10479.565497 -3.432833 0.407038 -1.038922 0.407038 1.542117   1   2  -1 
2456028.922257 -6.542937 0.377833 -10477.908590 0.345283 -10476.278814 1.530771 -10475.969554 -0.408266 0.345283 -1.939036 0.345283 1.542117   1   2  -1 
2456028.922257 -6.542937 0.377833 -10477.908590 0.345283 -10476.278814 1.530771 -10475.969554 -0.408266 0.345283 -1.939036 0.345283 1.542117   1   2  -1 
2456029.892891 -5.572303 0.445760 -10478.166891 0.543499 -10476.278814 1.774653 -10476.047997 -0.344241 0.543499 -2.118894 0.543499 1.542117   1   2  -1 
2456029.892891 -5.572303 0.445760 -10478.166891 0.543499 -10476.278814 1.774653 -10476.047997 -0.344241 0.543499 -2.118894 0.543499 1.542117   1   2  -1 
2456029.898354 -5.566840 0.446142 -10478.569496 0.519266 -10476.278814 1.775344 -10476.049625 -0.744527 0.519266 -2.519871 0.519266 1.542117   1   2  -1 
2456029.898354 -5.566840 0.446142 -10478.569496 0.519266 -10476.278814 1.775344 -10476.049625 -0.744527 0.519266 -2.519871 0.519266 1.542117   1   2  -1 
2456031.852968 -3.612226 0.582931 -10477.024746 0.408809 -10476.278814 1.626112 -10477.112321 1.713687 0.408809 0.087575 0.408809 1.542117   1   2  -1 
2456031.852968 -3.612226 0.582931 -10477.024746 0.408809 -10476.278814 1.626112 -10477.112321 1.713687 0.408809 0.087575 0.408809 1.542117   1   2  -1 
2456052.857065 3.102552 0.052847 -10480.793021 0.406318 -10476.278814 -2.703084 -10479.287297 -4.208808 0.406318 -1.505724 0.406318 1.542117   1   2  -1 
2456052.857065 3.102552 0.052847 -10480.793021 0.406318 -10476.278814 -2.703084 -10479.287297 -4.208808 0.406318 -1.505724 0.406318 1.542117   1   2  -1 
2456052.862482 3.107969 0.053226 -10480.156970 0.393840 -10476.278814 -2.702154 -10479.286437 -3.572688 0.393840 -0.870533 0.393840 1.542117   1   2  -1 
2456052.862482 3.107969 0.053226 -10480.156970 0.393840 -10476.278814 -2.702154 -10479.286437 -3.572688 0.393840 -0.870533 0.393840 1.542117   1   2  -1 
2456053.851639 4.097126 0.122449 -10480.816786 0.437473 -10476.278814 -2.029176 -10478.596624 -4.249339 0.437473 -2.220162 0.437473 1.542117   1   2  -1 
2456053.851639 4.097126 0.122449 -10480.816786 0.437473 -10476.278814 -2.029176 -10478.596624 -4.249339 0.437473 -2.220162 0.437473 1.542117   1   2  -1 
2456053.857114 4.102601 0.122833 -10476.986852 0.414343 -10476.278814 -2.023101 -10478.590304 -0.419649 0.414343 1.603452 0.414343 1.542117   1   2  -1 
2456053.857114 4.102601 0.122833 -10476.986852 0.414343 -10476.278814 -2.023101 -10478.590304 -0.419649 0.414343 1.603452 0.414343 1.542117   1   2  -1 
2456054.839916 5.085403 0.191611 -10479.578072 0.266506 -10476.278814 -0.768394 -10477.269449 -3.077017 0.266506 -2.308623 0.266506 1.542117   1   2  -1 
2456054.839916 5.085403 0.191611 -10479.578072 0.266506 -10476.278814 -0.768394 -10477.269449 -3.077017 0.266506 -2.308623 0.266506 1.542117   1   2  -1 
2456055.886865 6.132352 0.264879 -10478.308216 0.254853 -10476.278814 0.453297 -10475.963038 -1.891880 0.254853 -2.345178 0.254853 1.542117   1   2  -1 
2456055.886865 6.132352 0.264879 -10478.308216 0.254853 -10476.278814 0.453297 -10475.963038 -1.891880 0.254853 -2.345178 0.254853 1.542117   1   2  -1 
2456056.818146 7.063633 0.330053 -10476.145121 0.446651 -10476.278814 1.191488 -10475.227209 0.273576 0.446651 -0.917912 0.446651 1.542117   1   2  -1 
2456056.818146 7.063633 0.330053 -10476.145121 0.446651 -10476.278814 1.191488 -10475.227209 0.273576 0.446651 -0.917912 0.446651 1.542117   1   2  -1 
2456056.823714 7.069201 0.330442 -10476.399813 0.406993 -10476.278814 1.194901 -10475.224262 0.019350 0.406993 -1.175551 0.406993 1.542117   1   2  -1 
2456056.823714 7.069201 0.330442 -10476.399813 0.406993 -10476.278814 1.194901 -10475.224262 0.019350 0.406993 -1.175551 0.406993 1.542117   1   2  -1 
2456078.843392 0.510243 0.871431 -10475.070920 0.323779 -10476.278814 -0.927446 -10477.144647 1.146282 0.323779 2.073727 0.323779 1.542117   1   2  -1 
2456078.843392 0.510243 0.871431 -10475.070920 0.323779 -10476.278814 -0.927446 -10477.144647 1.146282 0.323779 2.073727 0.323779 1.542117   1   2  -1 
2456078.849075 0.515926 0.871829 -10475.406297 0.316487 -10476.278814 -0.932906 -10477.148644 0.809441 0.316487 1.742347 0.316487 1.542117   1   2  -1 
2456078.849075 0.515926 0.871829 -10475.406297 0.316487 -10476.278814 -0.932906 -10477.148644 0.809441 0.316487 1.742347 0.316487 1.542117   1   2  -1 
2456081.832748 3.499599 0.080633 -10477.091748 0.398009 -10476.278814 -2.550590 -10478.116735 -1.525603 0.398009 1.024987 0.398009 1.542117   1   2  -1 
2456081.832748 3.499599 0.080633 -10477.091748 0.398009 -10476.278814 -2.550590 -10478.116735 -1.525603 0.398009 1.024987 0.398009 1.542117   1   2  -1 
2456081.838651 3.505502 0.081046 -10477.350415 0.323723 -10476.278814 -2.547053 -10478.112283 -1.785185 0.323723 0.761868 0.323723 1.542117   1   2  -1 
2456081.838651 3.505502 0.081046 -10477.350415 0.323723 -10476.278814 -2.547053 -10478.112283 -1.785185 0.323723 0.761868 0.323723 1.542117   1   2  -1 
2456085.820521 -6.801947 0.359707 -10474.269371 0.439249 -10476.278814 1.420206 -10473.931479 1.082314 0.439249 -0.337892 0.439249 1.542117   1   2  -1 
2456085.820521 -6.801947 0.359707 -10474.269371 0.439249 -10476.278814 1.420206 -10473.931479 1.082314 0.439249 -0.337892 0.439249 1.542117   1   2  -1 
2456085.826250 -6.796218 0.360108 -10473.694203 0.458936 -10476.278814 1.422883 -10473.928044 1.656724 0.458936 0.233841 0.458936 1.542117   1   2  -1 
2456085.826250 -6.796218 0.360108 -10473.694203 0.458936 -10476.278814 1.422883 -10473.928044 1.656724 0.458936 0.233841 0.458936 1.542117   1   2  -1 
2456088.742747 -3.879721 0.564211 -10472.336592 0.274700 -10476.278814 1.689120 -10472.973335 2.325863 0.274700 0.636743 0.274700 1.542117   1   2  -1 
2456088.742747 -3.879721 0.564211 -10472.336592 0.274700 -10476.278814 1.689120 -10472.973335 2.325863 0.274700 0.636743 0.274700 1.542117   1   2  -1 
2456092.900369 0.277901 0.855171 -10477.981567 0.314413 -10476.278814 -0.707177 -10475.501317 -3.187427 0.314413 -2.480250 0.314413 1.542117   1   2  -1 
2456092.900369 0.277901 0.855171 -10477.981567 0.314413 -10476.278814 -0.707177 -10475.501317 -3.187427 0.314413 -2.480250 0.314413 1.542117   1   2  -1 
2456115.815540 -5.385564 0.458829 -10474.774807 0.388096 -10476.278814 1.794342 -10472.434253 -0.546213 0.388096 -2.340554 0.388096 1.542117   1   2  -1 
2456115.815540 -5.385564 0.458829 -10474.774807 0.388096 -10476.278814 1.794342 -10472.434253 -0.546213 0.388096 -2.340554 0.388096 1.542117   1   2  -1 
2456118.809984 -2.391120 0.668387 -10471.978956 0.256427 -10476.278814 1.181397 -10473.196799 2.399239 0.256427 1.217843 0.256427 1.542117   1   2  -1 
2456118.809984 -2.391120 0.668387 -10471.978956 0.256427 -10476.278814 1.181397 -10473.196799 2.399239 0.256427 1.217843 0.256427 1.542117   1   2  -1 
2456121.820367 0.619263 0.879060 -10475.055286 0.705930 -10476.278814 -1.032709 -10475.199351 -0.888643 0.705930 0.144065 0.705930 1.542117   1   2  -1 
2456121.820367 0.619263 0.879060 -10475.055286 0.705930 -10476.278814 -1.032709 -10475.199351 -0.888643 0.705930 0.144065 0.705930 1.542117   1   2  -1 
2456149.686124 -0.093617 0.829171 -10478.886301 0.422505 -10476.278814 -0.369844 -10476.821738 -2.434407 0.422505 -2.064563 0.422505 1.542117   1   2  -1 
2456149.686124 -0.093617 0.829171 -10478.886301 0.422505 -10476.278814 -0.369844 -10476.821738 -2.434407 0.422505 -2.064563 0.422505 1.542117   1   2  -1 
2456154.723489 4.943748 0.181698 -10473.222066 0.432559 -10476.278814 -0.955605 -10474.109038 -0.068634 0.432559 0.886972 0.432559 1.542117   1   2  -1 
2456154.723489 4.943748 0.181698 -10473.222066 0.432559 -10476.278814 -0.955605 -10474.109038 -0.068634 0.432559 0.886972 0.432559 1.542117   1   2  -1 
2456154.728442 4.948701 0.182045 -10472.383548 0.640869 -10476.278814 -0.949027 -10474.103376 0.770801 0.640869 1.719828 0.640869 1.542117   1   2  -1 
2456154.728442 4.948701 0.182045 -10472.383548 0.640869 -10476.278814 -0.949027 -10474.103376 0.770801 0.640869 1.719828 0.640869 1.542117   1   2  -1 
2456166.527551 2.458492 0.007774 -10482.638275 0.322758 -10476.278814 -2.600094 -10480.052178 -5.186191 0.322758 -2.586097 0.322758 1.542117   1   2  -1 
2456166.527551 2.458492 0.007774 -10482.638275 0.322758 -10476.278814 -2.600094 -10480.052178 -5.186191 0.322758 -2.586097 0.322758 1.542117   1   2  -1 
2456168.609469 4.540410 0.153471 -10483.235121 0.485702 -10476.278814 -1.489368 -10479.877509 -4.846981 0.485702 -3.357612 0.485702 1.542117   1   2  -1 
2456168.609469 4.540410 0.153471 -10483.235121 0.485702 -10476.278814 -1.489368 -10479.877509 -4.846981 0.485702 -3.357612 0.485702 1.542117   1   2  -1 
2456168.615105 4.546046 0.153866 -10482.078140 0.428978 -10476.278814 -1.482048 -10479.870960 -3.689228 0.428978 -2.207180 0.428978 1.542117   1   2  -1 
2456168.615105 4.546046 0.153866 -10482.078140 0.428978 -10476.278814 -1.482048 -10479.870960 -3.689228 0.428978 -2.207180 0.428978 1.542117   1   2  -1 
2456171.510563 -6.847815 0.356497 -10477.310953 0.261955 -10476.278814 1.398390 -10476.510357 0.597794 0.261955 -0.800596 0.261955 1.542117   1   2  -1 
2456171.510563 -6.847815 0.356497 -10477.310953 0.261955 -10476.278814 1.398390 -10476.510357 0.597794 0.261955 -0.800596 0.261955 1.542117   1   2  -1 
2456173.694840 -4.663538 0.509358 -10472.314153 0.435027 -10476.278814 1.799294 -10476.062503 5.547644 0.435027 3.748350 0.435027 1.542117   1   2  -1 
2456173.694840 -4.663538 0.509358 -10472.314153 0.435027 -10476.278814 1.799294 -10476.062503 5.547644 0.435027 3.748350 0.435027 1.542117   1   2  -1 
2456181.612869 3.254491 0.063480 -10475.571527 0.304713 -10476.278814 -2.664889 -10478.137985 -0.098431 0.304713 2.566458 0.304713 1.542117   1   2  -1 
2456181.612869 3.254491 0.063480 -10475.571527 0.304713 -10476.278814 -2.664889 -10478.137985 -0.098431 0.304713 2.566458 0.304713 1.542117   1   2  -1 
2456186.623747 -6.023949 0.414153 -10470.871523 0.269145 -10476.278814 1.692349 -10472.729927 3.550752 0.269145 1.858404 0.269145 1.542117   1   2  -1 
2456186.623747 -6.023949 0.414153 -10470.871523 0.269145 -10476.278814 1.692349 -10472.729927 3.550752 0.269145 1.858404 0.269145 1.542117   1   2  -1 
2456189.666838 -2.980858 0.627116 -10471.752751 0.854916 -10476.278814 1.428175 -10472.700515 2.375939 0.854916 0.947764 0.854916 1.542117   1   2  -1 
2456189.666838 -2.980858 0.627116 -10471.752751 0.854916 -10476.278814 1.428175 -10472.700515 2.375939 0.854916 0.947764 0.854916 1.542117   1   2  -1 
2456190.592865 -2.054831 0.691921 -10474.982002 0.436640 -10476.278814 1.013664 -10473.278585 -0.689753 0.436640 -1.703417 0.436640 1.542117   1   2  -1 
2456190.592865 -2.054831 0.691921 -10474.982002 0.436640 -10476.278814 1.013664 -10473.278585 -0.689753 0.436640 -1.703417 0.436640 1.542117   1   2  -1 
2456190.598548 -2.049148 0.692319 -10475.915820 0.410184 -10476.278814 1.010659 -10473.283029 -1.622132 0.410184 -2.632791 0.410184 1.542117   1   2  -1 
2456190.598548 -2.049148 0.692319 -10475.915820 0.410184 -10476.278814 1.010659 -10473.283029 -1.622132 0.410184 -2.632791 0.410184 1.542117   1   2  -1 
2456195.586272 2.938576 0.041371 -10476.324229 0.455921 -10476.278814 -2.716287 -10476.418641 -2.621875 0.455921 0.094412 0.455921 1.542117   1   2  -1 
2456195.586272 2.938576 0.041371 -10476.324229 0.455921 -10476.278814 -2.716287 -10476.418641 -2.621875 0.455921 0.094412 0.455921 1.542117   1   2  -1 
2456195.591793 2.944097 0.041758 -10476.833989 0.456503 -10476.278814 -2.716307 -10476.418495 -3.131801 0.456503 -0.415494 0.456503 1.542117   1   2  -1 
2456195.591793 2.944097 0.041758 -10476.833989 0.456503 -10476.278814 -2.716307 -10476.418495 -3.131801 0.456503 -0.415494 0.456503 1.542117   1   2  -1 
2456198.564091 5.916395 0.249766 -10469.851121 0.593173 -10476.278814 0.232756 -10474.712255 5.093889 0.593173 4.861134 0.593173 1.542117   1   2  -1 
2456198.564091 5.916395 0.249766 -10469.851121 0.593173 -10476.278814 0.232756 -10474.712255 5.093889 0.593173 4.861134 0.593173 1.542117   1   2  -1 
2456198.569866 5.922170 0.250170 -10469.520142 0.625422 -10476.278814 0.238893 -10474.708637 5.427388 0.625422 5.188495 0.625422 1.542117   1   2  -1 
2456198.569866 5.922170 0.250170 -10469.520142 0.625422 -10476.278814 0.238893 -10474.708637 5.427388 0.625422 5.188495 0.625422 1.542117   1   2  -1 
2456204.547188 -2.389826 0.668477 -10474.005151 0.390830 -10476.278814 1.180789 -10475.502999 2.678638 0.390830 1.497848 0.390830 1.542117   1   2  -1 
2456204.547188 -2.389826 0.668477 -10474.005151 0.390830 -10476.278814 1.180789 -10475.502999 2.678638 0.390830 1.497848 0.390830 1.542117   1   2  -1 
2456205.523197 -1.413817 0.736781 -10476.331744 0.223735 -10476.278814 0.638304 -10476.177050 0.483610 0.223735 -0.154694 0.223735 1.542117   1   2  -1 
2456205.523197 -1.413817 0.736781 -10476.331744 0.223735 -10476.278814 0.638304 -10476.177050 0.483610 0.223735 -0.154694 0.223735 1.542117   1   2  -1 
2456208.615737 1.678723 0.953204 -10479.274458 0.471028 -10476.278814 -2.050864 -10477.605752 -3.719570 0.471028 -1.668706 0.471028 1.542117   1   2  -1 
2456208.615737 1.678723 0.953204 -10479.274458 0.471028 -10476.278814 -2.050864 -10477.605752 -3.719570 0.471028 -1.668706 0.471028 1.542117   1   2  -1 
2456209.540800 2.603786 0.017942 -10475.726000 0.526879 -10476.278814 -2.657782 -10477.957276 -0.426507 0.526879 2.231276 0.526879 1.542117   1   2  -1 
2456209.540800 2.603786 0.017942 -10475.726000 0.526879 -10476.278814 -2.657782 -10477.957276 -0.426507 0.526879 2.231276 0.526879 1.542117   1   2  -1 
2456210.532155 3.595141 0.087319 -10475.727704 0.432092 -10476.278814 -2.488968 -10477.569645 -0.647027 0.432092 1.841941 0.432092 1.542117   1   2  -1 
2456210.532155 3.595141 0.087319 -10475.727704 0.432092 -10476.278814 -2.488968 -10477.569645 -0.647027 0.432092 1.841941 0.432092 1.542117   1   2  -1 
2456212.523498 5.586484 0.226678 -10470.032065 0.239792 -10476.278814 -0.138676 -10474.347765 4.177024 0.239792 4.315700 0.239792 1.542117   1   2  -1 
2456212.523498 5.586484 0.226678 -10470.032065 0.239792 -10476.278814 -0.138676 -10474.347765 4.177024 0.239792 4.315700 0.239792 1.542117   1   2  -1 
2456217.523649 -3.702684 0.576600 -10469.768240 0.370476 -10476.278814 1.648824 -10470.532634 2.413219 0.370476 0.764394 0.370476 1.542117   1   2  -1 
2456217.523649 -3.702684 0.576600 -10469.768240 0.370476 -10476.278814 1.648824 -10470.532634 2.413219 0.370476 0.764394 0.370476 1.542117   1   2  -1 
2456217.529482 -3.696851 0.577009 -10468.041405 0.361734 -10476.278814 1.647403 -10470.533078 4.139076 0.361734 2.491673 0.361734 1.542117   1   2  -1 
2456217.529482 -3.696851 0.577009 -10468.041405 0.361734 -10476.278814 1.647403 -10470.533078 4.139076 0.361734 2.491673 0.361734 1.542117   1   2  -1 
2456218.587951 -2.638382 0.651083 -10468.491163 0.391645 -10476.278814 1.292161 -10470.727259 3.528257 0.391645 2.236096 0.391645 1.542117   1   2  -1 
2456218.587951 -2.638382 0.651083 -10468.491163 0.391645 -10476.278814 1.292161 -10470.727259 3.528257 0.391645 2.236096 0.391645 1.542117   1   2  -1 
2456219.500319 -1.726014 0.714932 -10469.245686 0.247828 -10476.278814 0.830340 -10471.097743 2.682397 0.247828 1.852057 0.247828 1.542117   1   2  -1 
2456219.500319 -1.726014 0.714932 -10469.245686 0.247828 -10476.278814 0.830340 -10471.097743 2.682397 0.247828 1.852057 0.247828 1.542117   1   2  -1 
2456220.491327 -0.735006 0.784286 -10472.137625 0.391613 -10476.278814 0.159271 -10471.745944 -0.232410 0.391613 -0.391681 0.391613 1.542117   1   2  -1 
2456220.491327 -0.735006 0.784286 -10472.137625 0.391613 -10476.278814 0.159271 -10471.745944 -0.232410 0.391613 -0.391681 0.391613 1.542117   1   2  -1 
2456220.514069 -0.712264 0.785877 -10472.572915 0.320320 -10476.278814 0.141760 -10471.763814 -0.667342 0.320320 -0.809101 0.320320 1.542117   1   2  -1 
2456220.514069 -0.712264 0.785877 -10472.572915 0.320320 -10476.278814 0.141760 -10471.763814 -0.667342 0.320320 -0.809101 0.320320 1.542117   1   2  -1 
2456409.867093 2.879622 0.037246 -10475.673600 0.617333 -10476.278814 -2.714086 -10475.184927 -3.202758 0.617333 -0.488673 0.617333 1.542117   1   2  -1 
2456409.867093 2.879622 0.037246 -10475.673600 0.617333 -10476.278814 -2.714086 -10475.184927 -3.202758 0.617333 -0.488673 0.617333 1.542117   1   2  -1 
2456409.872719 2.885248 0.037639 -10476.137178 0.595203 -10476.278814 -2.714451 -10475.186513 -3.665116 0.595203 -0.950665 0.595203 1.542117   1   2  -1 
2456409.872719 2.885248 0.037639 -10476.137178 0.595203 -10476.278814 -2.714451 -10475.186513 -3.665116 0.595203 -0.950665 0.595203 1.542117   1   2  -1 
2456410.795661 3.808190 0.102229 -10473.625918 3.271074 -10476.278814 -2.319676 -10475.520944 -0.424650 3.271074 1.895026 3.271074 1.542117   1   2  -1 
2456410.795661 3.808190 0.102229 -10473.625918 3.271074 -10476.278814 -2.319676 -10475.520944 -0.424650 3.271074 1.895026 3.271074 1.542117   1   2  -1 
2456410.804261 3.816790 0.102831 -10469.468381 2.427430 -10476.278814 -2.311977 -10475.524150 3.743792 2.427430 6.055769 2.427430 1.542117   1   2  -1 
2456410.804261 3.816790 0.102831 -10469.468381 2.427430 -10476.278814 -2.311977 -10475.524150 3.743792 2.427430 6.055769 2.427430 1.542117   1   2  -1 
2456416.824768 -4.452022 0.524160 -10472.302186 0.550392 -10476.278814 1.780842 -10471.861966 1.340622 0.550392 -0.440220 0.550392 1.542117   1   2  -1 
2456416.824768 -4.452022 0.524160 -10472.302186 0.550392 -10476.278814 1.780842 -10471.861966 1.340622 0.550392 -0.440220 0.550392 1.542117   1   2  -1 
2456416.828565 -4.448225 0.524426 -10470.986675 0.545862 -10476.278814 1.780433 -10471.861761 2.655519 0.545862 0.875086 0.545862 1.542117   1   2  -1 
2456416.828565 -4.448225 0.524426 -10470.986675 0.545862 -10476.278814 1.780433 -10471.861761 2.655519 0.545862 0.875086 0.545862 1.542117   1   2  -1 
2456416.832443 -4.444347 0.524697 -10471.882453 0.566830 -10476.278814 1.780012 -10471.861565 1.759124 0.566830 -0.020888 0.566830 1.542117   1   2  -1 
2456416.832443 -4.444347 0.524697 -10471.882453 0.566830 -10476.278814 1.780012 -10471.861565 1.759124 0.566830 -0.020888 0.566830 1.542117   1   2  -1 
2456432.884915 -2.681193 0.648087 -10474.962361 0.393986 -10476.278814 1.310266 -10475.223521 1.571426 0.393986 0.261160 0.393986 1.542117   1   2  -1 
2456432.884915 -2.681193 0.648087 -10474.962361 0.393986 -10476.278814 1.310266 -10475.223521 1.571426 0.393986 0.261160 0.393986 1.542117   1   2  -1 
2456432.890124 -2.675984 0.648451 -10475.372110 0.450803 -10476.278814 1.308080 -10475.224915 1.160885 0.450803 -0.147195 0.450803 1.542117   1   2  -1 
2456432.890124 -2.675984 0.648451 -10475.372110 0.450803 -10476.278814 1.308080 -10475.224915 1.160885 0.450803 -0.147195 0.450803 1.542117   1   2  -1 
2456433.905268 -1.660840 0.719493 -10472.852948 0.738644 -10476.278814 0.791707 -10475.561024 3.499784 0.738644 2.708076 0.738644 1.542117   1   2  -1 
2456433.905268 -1.660840 0.719493 -10472.852948 0.738644 -10476.278814 0.791707 -10475.561024 3.499784 0.738644 2.708076 0.738644 1.542117   1   2  -1 
2456433.910395 -1.655713 0.719852 -10474.512391 0.801539 -10476.278814 0.788636 -10475.563180 1.839424 0.801539 1.050789 0.801539 1.542117   1   2  -1 
2456433.910395 -1.655713 0.719852 -10474.512391 0.801539 -10476.278814 0.788636 -10475.563180 1.839424 0.801539 1.050789 0.801539 1.542117   1   2  -1 
2456434.892458 -0.673650 0.788579 -10475.434897 0.484791 -10476.278814 0.111811 -10476.088885 0.765799 0.484791 0.653988 0.484791 1.542117   1   2  -1 
2456434.892458 -0.673650 0.788579 -10475.434897 0.484791 -10476.278814 0.111811 -10476.088885 0.765799 0.484791 0.653988 0.484791 1.542117   1   2  -1 
2456434.898129 -0.667979 0.788976 -10474.106533 0.468854 -10476.278814 0.107390 -10476.092586 2.093443 0.468854 1.986053 0.468854 1.542117   1   2  -1 
2456434.898129 -0.667979 0.788976 -10474.106533 0.468854 -10476.278814 0.107390 -10476.092586 2.093443 0.468854 1.986053 0.468854 1.542117   1   2  -1 
2456437.889188 2.323080 0.998298 -10477.501611 0.400790 -10476.278814 -2.531005 -10478.305053 -1.727564 0.400790 0.803442 0.400790 1.542117   1   2  -1 
2456437.889188 2.323080 0.998298 -10477.501611 0.400790 -10476.278814 -2.531005 -10478.305053 -1.727564 0.400790 0.803442 0.400790 1.542117   1   2  -1 
2456437.894720 2.328612 0.998685 -10477.202903 0.367888 -10476.278814 -2.534096 -10478.307043 -1.429956 0.367888 1.104140 0.367888 1.542117   1   2  -1 
2456437.894720 2.328612 0.998685 -10477.202903 0.367888 -10476.278814 -2.534096 -10478.307043 -1.429956 0.367888 1.104140 0.367888 1.542117   1   2  -1 
2456438.860772 3.294664 0.066291 -10477.416873 0.320407 -10476.278814 -2.650584 -10478.236543 -1.830914 0.320407 0.819670 0.320407 1.542117   1   2  -1 
2456438.860772 3.294664 0.066291 -10477.416873 0.320407 -10476.278814 -2.650584 -10478.236543 -1.830914 0.320407 0.819670 0.320407 1.542117   1   2  -1 
2456441.860316 6.294208 0.276206 -10477.889690 0.423142 -10476.278814 0.606319 -10474.629132 -2.654239 0.423142 -3.260558 0.423142 1.542117   1   2  -1 
2456441.860316 6.294208 0.276206 -10477.889690 0.423142 -10476.278814 0.606319 -10474.629132 -2.654239 0.423142 -3.260558 0.423142 1.542117   1   2  -1 
2456454.832361 4.976935 0.184021 -10475.281861 0.354619 -10476.278814 -0.911562 -10475.016956 -1.176467 0.354619 -0.264905 0.354619 1.542117   1   2  -1 
2456454.832361 4.976935 0.184021 -10475.281861 0.354619 -10476.278814 -0.911562 -10475.016956 -1.176467 0.354619 -0.264905 0.354619 1.542117   1   2  -1 
2456454.837894 4.982468 0.184408 -10474.118452 0.355826 -10476.278814 -0.904228 -10475.010724 -0.011956 0.355826 0.892272 0.355826 1.542117   1   2  -1 
2456454.837894 4.982468 0.184408 -10474.118452 0.355826 -10476.278814 -0.904228 -10475.010724 -0.011956 0.355826 0.892272 0.355826 1.542117   1   2  -1 
2456467.823190 3.678445 0.093149 -10478.702475 0.627828 -10476.278814 -2.427836 -10477.746041 -3.384270 0.627828 -0.956434 0.627828 1.542117   1   2  -1 
2456467.823190 3.678445 0.093149 -10478.702475 0.627828 -10476.278814 -2.427836 -10477.746041 -3.384270 0.627828 -0.956434 0.627828 1.542117   1   2  -1 
2456467.826929 3.682184 0.093411 -10477.017285 0.556688 -10476.278814 -2.424936 -10477.742059 -1.700162 0.556688 0.724774 0.556688 1.542117   1   2  -1 
2456467.826929 3.682184 0.093411 -10477.017285 0.556688 -10476.278814 -2.424936 -10477.742059 -1.700162 0.556688 0.724774 0.556688 1.542117   1   2  -1 
2456467.830702 3.685957 0.093675 -10477.517838 0.592918 -10476.278814 -2.421996 -10477.738025 -2.201809 0.592918 0.220187 0.592918 1.542117   1   2  -1 
2456467.830702 3.685957 0.093675 -10477.517838 0.592918 -10476.278814 -2.421996 -10477.738025 -2.201809 0.592918 0.220187 0.592918 1.542117   1   2  -1 
2456473.860840 -4.573223 0.515678 -10476.447652 0.525661 -10476.278814 1.792467 -10474.708518 0.053333 0.525661 -1.739134 0.525661 1.542117   1   2  -1 
2456473.860840 -4.573223 0.515678 -10476.447652 0.525661 -10476.278814 1.792467 -10474.708518 0.053333 0.525661 -1.739134 0.525661 1.542117   1   2  -1 
2456473.864821 -4.569242 0.515957 -10476.577531 0.508451 -10476.278814 1.792130 -10474.706752 -0.078649 0.508451 -1.870779 0.508451 1.542117   1   2  -1 
2456473.864821 -4.569242 0.515957 -10476.577531 0.508451 -10476.278814 1.792130 -10474.706752 -0.078649 0.508451 -1.870779 0.508451 1.542117   1   2  -1 
2456473.868595 -4.565468 0.516221 -10477.152422 0.549460 -10476.278814 1.791807 -10474.705073 -0.655541 0.549460 -2.447349 0.549460 1.542117   1   2  -1 
2456473.868595 -4.565468 0.516221 -10477.152422 0.549460 -10476.278814 1.791807 -10474.705073 -0.655541 0.549460 -2.447349 0.549460 1.542117   1   2  -1 
2456480.776552 2.342489 0.999656 -10477.791088 0.498216 -10476.278814 -2.541752 -10477.233279 -3.099562 0.498216 -0.557809 0.498216 1.542117   1   2  -1 
2456480.776552 2.342489 0.999656 -10477.791088 0.498216 -10476.278814 -2.541752 -10477.233279 -3.099562 0.498216 -0.557809 0.498216 1.542117   1   2  -1 
2456480.782281 2.348218 0.000057 -10479.026503 0.462663 -10476.278814 -2.544872 -10477.232998 -4.338378 0.462663 -1.793505 0.462663 1.542117   1   2  -1 
2456480.782281 2.348218 0.000057 -10479.026503 0.462663 -10476.278814 -2.544872 -10477.232998 -4.338378 0.462663 -1.793505 0.462663 1.542117   1   2  -1 
2456481.631506 3.197443 0.059488 -10479.243238 0.620379 -10476.278814 -2.682181 -10476.838494 -5.086925 0.620379 -2.404744 0.620379 1.542117   1   2  -1 
2456481.631506 3.197443 0.059488 -10479.243238 0.620379 -10476.278814 -2.682181 -10476.838494 -5.086925 0.620379 -2.404744 0.620379 1.542117   1   2  -1 
2456481.637189 3.203126 0.059885 -10479.719427 0.629706 -10476.278814 -2.680618 -10476.833420 -5.566625 0.629706 -2.886007 0.629706 1.542117   1   2  -1 
2456481.637189 3.203126 0.059885 -10479.719427 0.629706 -10476.278814 -2.680618 -10476.833420 -5.566625 0.629706 -2.886007 0.629706 1.542117   1   2  -1 
2456501.599929 -5.412771 0.456925 -10471.824389 0.315832 -10476.278814 1.791970 -10473.049030 3.016611 0.315832 1.224641 0.315832 1.542117   1   2  -1 
2456501.599929 -5.412771 0.456925 -10471.824389 0.315832 -10476.278814 1.791970 -10473.049030 3.016611 0.315832 1.224641 0.315832 1.542117   1   2  -1 
2456523.744316 2.442298 0.006641 -10476.503679 0.283739 -10476.278814 -2.592577 -10476.728728 -2.367528 0.283739 0.225049 0.283739 1.542117   1   2  -1 
2456523.744316 2.442298 0.006641 -10476.503679 0.283739 -10476.278814 -2.592577 -10476.728728 -2.367528 0.283739 0.225049 0.283739 1.542117   1   2  -1 
2456524.691276 3.389258 0.072911 -10475.914483 0.351566 -10476.278814 -2.609995 -10476.644828 -1.879650 0.351566 0.730345 0.351566 1.542117   1   2  -1 
2456524.691276 3.389258 0.072911 -10475.914483 0.351566 -10476.278814 -2.609995 -10476.644828 -1.879650 0.351566 0.730345 0.351566 1.542117   1   2  -1 
2456524.696693 3.394675 0.073290 -10476.491657 0.358347 -10476.278814 -2.607380 -10476.641129 -2.457907 0.358347 0.149472 0.358347 1.542117   1   2  -1 
2456524.696693 3.394675 0.073290 -10476.491657 0.358347 -10476.278814 -2.607380 -10476.641129 -2.457907 0.358347 0.149472 0.358347 1.542117   1   2  -1 
2456525.743740 4.441722 0.146565 -10476.578898 0.318867 -10476.278814 -1.616208 -10475.431166 -2.763939 0.318867 -1.147732 0.318867 1.542117   1   2  -1 
2456525.743740 4.441722 0.146565 -10476.578898 0.318867 -10476.278814 -1.616208 -10475.431166 -2.763939 0.318867 -1.147732 0.318867 1.542117   1   2  -1 
2456569.534062 5.364089 0.211114 -10476.206904 0.538465 -10476.278814 -0.410047 -10474.786641 -1.830310 0.538465 -1.420263 0.538465 1.542117   1   2  -1 
2456569.534062 5.364089 0.211114 -10476.206904 0.538465 -10476.278814 -0.410047 -10474.786641 -1.830310 0.538465 -1.420263 0.538465 1.542117   1   2  -1 
2456585.564665 7.105374 0.332974 -10473.765867 0.427831 -10476.278814 1.216801 -10474.171581 1.622515 0.427831 0.405714 0.427831 1.542117   1   2  -1 
2456585.564665 7.105374 0.332974 -10473.765867 0.427831 -10476.278814 1.216801 -10474.171581 1.622515 0.427831 0.405714 0.427831 1.542117   1   2  -1 
2456585.568473 7.109182 0.333240 -10475.180778 0.414412 -10476.278814 1.219080 -10474.167833 0.206134 0.414412 -1.012945 0.414412 1.542117   1   2  -1 
2456585.568473 7.109182 0.333240 -10475.180778 0.414412 -10476.278814 1.219080 -10474.167833 0.206134 0.414412 -1.012945 0.414412 1.542117   1   2  -1 
2456585.572350 7.113059 0.333511 -10474.743998 0.423051 -10476.278814 1.221394 -10474.164020 0.641416 0.423051 -0.579978 0.423051 1.542117   1   2  -1 
2456585.572350 7.113059 0.333511 -10474.743998 0.423051 -10476.278814 1.221394 -10474.164020 0.641416 0.423051 -0.579978 0.423051 1.542117   1   2  -1 
2456586.547688 -6.200922 0.401768 -10474.360620 0.464286 -10476.278814 1.645757 -10473.350880 0.636017 0.464286 -1.009740 0.464286 1.542117   1   2  -1 
2456586.547688 -6.200922 0.401768 -10474.360620 0.464286 -10476.278814 1.645757 -10473.350880 0.636017 0.464286 -1.009740 0.464286 1.542117   1   2  -1 
2456586.551530 -6.197080 0.402037 -10474.580572 0.496503 -10476.278814 1.646859 -10473.348331 0.414618 0.496503 -1.232241 0.496503 1.542117   1   2  -1 
2456586.551530 -6.197080 0.402037 -10474.580572 0.496503 -10476.278814 1.646859 -10473.348331 0.414618 0.496503 -1.232241 0.496503 1.542117   1   2  -1 
2456586.555442 -6.193168 0.402311 -10475.256026 0.515154 -10476.278814 1.647977 -10473.345741 -0.262308 0.515154 -1.910285 0.515154 1.542117   1   2  -1 
2456586.555442 -6.193168 0.402311 -10475.256026 0.515154 -10476.278814 1.647977 -10473.345741 -0.262308 0.515154 -1.910285 0.515154 1.542117   1   2  -1 
2456590.510961 -2.237649 0.679127 -10473.364197 0.683759 -10476.278814 1.107306 -10472.822179 0.565288 0.683759 -0.542018 0.683759 1.542117   1   2  -1 
2456590.510961 -2.237649 0.679127 -10473.364197 0.683759 -10476.278814 1.107306 -10472.822179 0.565288 0.683759 -0.542018 0.683759 1.542117   1   2  -1 
2456590.514943 -2.233667 0.679406 -10471.788641 0.761395 -10476.278814 1.105329 -10472.821974 2.138662 0.761395 1.033333 0.761395 1.542117   1   2  -1 
2456590.514943 -2.233667 0.679406 -10471.788641 0.761395 -10476.278814 1.105329 -10472.821974 2.138662 0.761395 1.033333 0.761395 1.542117   1   2  -1 
2456590.518611 -2.229999 0.679662 -10472.177822 0.643858 -10476.278814 1.103505 -10472.821784 1.747467 0.643858 0.643962 0.643858 1.542117   1   2  -1 
2456590.518611 -2.229999 0.679662 -10472.177822 0.643858 -10476.278814 1.103505 -10472.821784 1.747467 0.643858 0.643962 0.643858 1.542117   1   2  -1 
2456765.917789 1.697359 0.954508 -10478.736988 0.356105 -10476.278814 -2.067305 -10477.762365 -3.041928 0.356105 -0.974623 0.356105 1.542117   1   2  -1 
2456765.917789 1.697359 0.954508 -10478.736988 0.356105 -10476.278814 -2.067305 -10477.762365 -3.041928 0.356105 -0.974623 0.356105 1.542117   1   2  -1 
2456765.923021 1.702591 0.954874 -10479.356033 0.359343 -10476.278814 -2.071901 -10477.766375 -3.661558 0.359343 -1.589658 0.359343 1.542117   1   2  -1 
2456765.923021 1.702591 0.954874 -10479.356033 0.359343 -10476.278814 -2.071901 -10477.766375 -3.661558 0.359343 -1.589658 0.359343 1.542117   1   2  -1 
2456789.854143 -2.944924 0.629630 -10471.510093 0.391560 -10476.278814 1.414849 -10471.220496 1.125252 0.391560 -0.289597 0.391560 1.542117   1   2  -1 
2456789.854143 -2.944924 0.629630 -10471.510093 0.391560 -10476.278814 1.414849 -10471.220496 1.125252 0.391560 -0.289597 0.391560 1.542117   1   2  -1 
2456789.859722 -2.939345 0.630021 -10471.639643 0.405092 -10476.278814 1.412761 -10471.220502 0.993620 0.405092 -0.419141 0.405092 1.542117   1   2  -1 
2456789.859722 -2.939345 0.630021 -10471.639643 0.405092 -10476.278814 1.412761 -10471.220502 0.993620 0.405092 -0.419141 0.405092 1.542117   1   2  -1 
2456806.890179 -0.198206 0.821852 -10477.728101 0.424327 -10476.278814 -0.278724 -10476.081694 -1.925131 0.424327 -1.646407 0.424327 1.542117   1   2  -1 
2456806.890179 -0.198206 0.821852 -10477.728101 0.424327 -10476.278814 -0.278724 -10476.081694 -1.925131 0.424327 -1.646407 0.424327 1.542117   1   2  -1 
2456829.893363 -5.773659 0.431669 -10474.769093 0.272363 -10476.278814 1.744219 -10473.429164 0.404289 0.272363 -1.339929 0.272363 1.542117   1   2  -1 
2456829.893363 -5.773659 0.431669 -10474.769093 0.272363 -10476.278814 1.744219 -10473.429164 0.404289 0.272363 -1.339929 0.272363 1.542117   1   2  -1 
2456857.748704 -6.496954 0.381051 -10473.725387 0.458440 -10476.278814 1.548227 -10472.798038 0.620878 0.458440 -0.927349 0.458440 1.542117   1   2  -1 
2456857.748704 -6.496954 0.381051 -10473.725387 0.458440 -10476.278814 1.548227 -10472.798038 0.620878 0.458440 -0.927349 0.458440 1.542117   1   2  -1 
2456857.754433 -6.491225 0.381452 -10473.163228 0.448012 -10476.278814 1.550357 -10472.795748 1.182877 0.448012 -0.367480 0.448012 1.542117   1   2  -1 
2456857.754433 -6.491225 0.381452 -10473.163228 0.448012 -10476.278814 1.550357 -10472.795748 1.182877 0.448012 -0.367480 0.448012 1.542117   1   2  -1 
2456866.784629 2.538971 0.013406 -10479.134302 0.372433 -10476.278814 -2.634270 -10478.737910 -3.030662 0.372433 -0.396392 0.372433 1.542117   1   2  -1 
2456866.784629 2.538971 0.013406 -10479.134302 0.372433 -10476.278814 -2.634270 -10478.737910 -3.030662 0.372433 -0.396392 0.372433 1.542117   1   2  -1 
2456896.727940 3.903645 0.108909 -10476.588857 0.526898 -10476.278814 -2.230755 -10475.535487 -3.284124 0.526898 -1.053370 0.526898 1.542117   1   2  -1 
2456896.727940 3.903645 0.108909 -10476.588857 0.526898 -10476.278814 -2.230755 -10475.535487 -3.284124 0.526898 -1.053370 0.526898 1.542117   1   2  -1 
2456896.733287 3.908992 0.109283 -10476.057196 0.651138 -10476.278814 -2.225554 -10475.528500 -2.754250 0.651138 -0.528696 0.651138 1.542117   1   2  -1 
2456896.733287 3.908992 0.109283 -10476.057196 0.651138 -10476.278814 -2.225554 -10475.528500 -2.754250 0.651138 -0.528696 0.651138 1.542117   1   2  -1 
2457146.919889 -3.112136 0.617928 -10475.918297 0.272209 -10476.278814 1.474976 -10473.032020 -1.411302 0.272209 -2.886277 0.272209 1.542117   1   2  -1 
2457146.919889 -3.112136 0.617928 -10475.918297 0.272209 -10476.278814 1.474976 -10473.032020 -1.411302 0.272209 -2.886277 0.272209 1.542117   1   2  -1 
2457176.844500 -1.766162 0.712123 -10464.313000 0.241278 -10462.039090 0.853759 -10463.328396 -0.130845 0.241278 -0.984604 0.241278 1.542117   1   3  -1 
2457176.844500 -1.766162 0.712123 -10464.313000 0.241278 -10462.039090 0.853759 -10463.328396 -0.130845 0.241278 -0.984604 0.241278 1.542117   1   3  -1 
2457180.950532 2.339870 0.999473 -10468.297390 0.305748 -10462.039090 -2.540318 -10466.297574 -4.540135 0.305748 -1.999816 0.305748 1.542117   1   3  -1 
2457180.950532 2.339870 0.999473 -10468.297390 0.305748 -10462.039090 -2.540318 -10466.297574 -4.540135 0.305748 -1.999816 0.305748 1.542117   1   3  -1 
2457180.956053 2.345391 0.999859 -10469.641714 0.321155 -10462.039090 -2.543336 -10466.300910 -5.884139 0.321155 -3.340804 0.321155 1.542117   1   3  -1 
2457180.956053 2.345391 0.999859 -10469.641714 0.321155 -10462.039090 -2.543336 -10466.300910 -5.884139 0.321155 -3.340804 0.321155 1.542117   1   3  -1 
2457257.708144 -6.638428 0.371150 -10458.156667 0.478548 -10462.039090 1.492458 -10456.957051 0.292843 0.478548 -1.199616 0.478548 1.542117   1   3  -1 
2457257.708144 -6.638428 0.371150 -10458.156667 0.478548 -10462.039090 1.492458 -10456.957051 0.292843 0.478548 -1.199616 0.478548 1.542117   1   3  -1 
2457257.713815 -6.632757 0.371547 -10458.308869 0.515819 -10462.039090 1.494812 -10456.955382 0.141325 0.515819 -1.353487 0.515819 1.542117   1   3  -1 
2457257.713815 -6.632757 0.371547 -10458.308869 0.515819 -10462.039090 1.494812 -10456.955382 0.141325 0.515819 -1.353487 0.515819 1.542117   1   3  -1 
2457307.523708 0.309181 0.857360 -10460.965808 0.284606 -10462.039090 -0.736462 -10462.153562 0.451293 0.284606 1.187754 0.284606 1.542117   1   3  -1 
2457307.523708 0.309181 0.857360 -10460.965808 0.284606 -10462.039090 -0.736462 -10462.153562 0.451293 0.284606 1.187754 0.284606 1.542117   1   3  -1 
2457307.529113 0.314586 0.857738 -10461.174528 0.295801 -10462.039090 -0.741534 -10462.157158 0.241096 0.295801 0.982630 0.295801 1.542117   1   3  -1 
2457307.529113 0.314586 0.857738 -10461.174528 0.295801 -10462.039090 -0.741534 -10462.157158 0.241096 0.295801 0.982630 0.295801 1.542117   1   3  -1 
2457675.588735 -3.148069 0.615414 -10454.424591 0.266631 -10462.039090 1.487271 -10459.108080 6.170760 0.266631 4.683489 0.266631 1.542117   1   3  -1 
2457675.588735 -3.148069 0.615414 -10454.424591 0.266631 -10462.039090 1.487271 -10459.108080 6.170760 0.266631 4.683489 0.266631 1.542117   1   3  -1 
2457879.840329 1.053068 0.909419 -10463.101417 0.420408 -10462.039090 -1.457864 -10464.358827 -0.200454 0.420408 1.257410 0.420408 1.542117   1   3  -1 
2457879.840329 1.053068 0.909419 -10463.101417 0.420408 -10462.039090 -1.457864 -10464.358827 -0.200454 0.420408 1.257410 0.420408 1.542117   1   3  -1 
2457943.770578 -6.463274 0.383408 -10457.458256 0.227044 -10462.039090 1.560609 -10458.563432 2.665785 0.227044 1.105176 0.227044 1.542117   1   3  -1 
2457943.770578 -6.463274 0.383408 -10457.458256 0.227044 -10462.039090 1.560609 -10458.563432 2.665785 0.227044 1.105176 0.227044 1.542117   1   3  -1 
2457968.637355 4.114184 0.123643 -10461.424457 0.383012 -10462.039090 -2.010186 -10462.473372 -0.961271 0.383012 1.048915 0.383012 1.542117   1   3  -1 
2457968.637355 4.114184 0.123643 -10461.424457 0.383012 -10462.039090 -2.010186 -10462.473372 -0.961271 0.383012 1.048915 0.383012 1.542117   1   3  -1 
2460042.883932 6.409601 0.284282 -10467.619651 0.097183 -10467.684847 0.708947 -10467.557165 0.646461 0.097183 -0.062486 0.097183 1.053749   0   1  -1 
2460042.889532 6.415201 0.284674 -10467.826807 0.098837 -10467.684847 0.713791 -10467.555359 0.442343 0.098837 -0.271448 0.098837 1.053749   0   1  -1 
2460043.870973 -6.892676 0.353357 -10467.810891 0.115769 -10467.684847 1.376382 -10467.318881 0.884372 0.115769 -0.492010 0.115769 1.053749   0   1  -1 
2460043.876677 -6.886972 0.353757 -10467.827764 0.107743 -10467.684847 1.379218 -10467.317965 0.869419 0.107743 -0.509799 0.107743 1.053749   0   1  -1 
2460044.793251 -5.970398 0.417901 -10466.216747 0.119007 -10467.684847 1.704800 -10467.241680 2.729733 0.119007 1.024933 0.119007 1.053749   0   1  -1 
2460044.798982 -5.964667 0.418302 -10466.355629 0.118254 -10467.684847 1.706089 -10467.241667 2.592126 0.118254 0.886038 0.118254 1.053749   0   1  -1 
2460045.773704 -4.989945 0.486515 -10468.947680 0.263543 -10467.684847 1.810501 -10467.332465 0.195286 0.263543 -1.615215 0.263543 1.053749   0   1  -1 
2460045.779649 -4.984000 0.486931 -10468.728031 0.178179 -10467.684847 1.810491 -10467.333612 0.416071 0.178179 -1.394419 0.178179 1.053749   0   1  -1 
2460046.786658 -3.976991 0.557404 -10466.718679 0.108298 -10467.684847 1.708898 -10467.635490 2.625708 0.108298 0.916811 0.108298 1.053749   0   1  -1 
2460046.792204 -3.971445 0.557792 -10467.571100 0.100449 -10467.684847 1.707815 -10467.637736 1.774452 0.100449 0.066636 0.100449 1.053749   0   1  -1 
2460047.789500 -2.974149 0.627585 -10468.079684 0.107918 -10467.684847 1.425704 -10468.136458 1.482478 0.107918 0.056774 0.107918 1.053749   0   1  -1 
2460047.795047 -2.968602 0.627973 -10468.412170 0.104000 -10467.684847 1.423655 -10468.139718 1.151203 0.104000 -0.272452 0.104000 1.053749   0   1  -1 
2460048.783364 -1.980285 0.697138 -10468.577566 0.129590 -10467.684847 0.973789 -10468.789409 1.185632 0.129590 0.211843 0.129590 1.053749   0   1  -1 
2460048.789012 -1.974637 0.697533 -10468.027070 0.120793 -10467.684847 0.970728 -10468.793465 1.737122 0.120793 0.766395 0.120793 1.053749   0   1  -1 
2460049.801102 -0.962547 0.768362 -10468.921797 0.111941 -10467.684847 0.329273 -10469.565707 0.973183 0.111941 0.643910 0.111941 1.053749   0   1  -1 
2460049.806533 -0.957116 0.768742 -10469.044553 0.118675 -10467.684847 0.325326 -10469.570051 0.850824 0.118675 0.525498 0.118675 1.053749   0   1  -1 
2460050.776767 0.013118 0.836641 -10470.880979 0.110463 -10467.684847 -0.464649 -10470.366192 -0.979436 0.110463 -0.514787 0.110463 1.053749   0   1  -1 
2460050.782471 0.018822 0.837040 -10470.587932 0.106168 -10467.684847 -0.469766 -10470.370942 -0.686756 0.106168 -0.216990 0.106168 1.053749   0   1  -1 
2460068.823617 3.770650 0.099602 -10467.442048 0.125458 -10467.684847 -2.352529 -10468.553509 -1.241069 0.125458 1.111461 0.125458 1.053749   0   1  -1 
2460068.829253 3.776286 0.099996 -10468.177705 0.157911 -10467.684847 -2.347676 -10468.550313 -1.975068 0.157911 0.372608 0.157911 1.053749   0   1  -1 
2460073.775251 -5.567035 0.446129 -10468.691416 0.136518 -10467.684847 1.775319 -10467.768548 0.852451 0.136518 -0.922868 0.136518 1.053749   0   1  -1 
2460073.780774 -5.561512 0.446515 -10468.532442 0.124641 -10467.684847 1.776010 -10467.769119 1.012687 0.124641 -0.763323 0.124641 1.053749   0   1  -1 
2460076.728213 -2.614073 0.652784 -10468.677012 0.126723 -10467.684847 1.281740 -10468.126684 0.731412 0.126723 -0.550328 0.126723 1.053749   0   1  -1 
2460076.733797 -2.608489 0.653175 -10468.420636 0.121235 -10467.684847 1.279331 -10468.128043 0.986738 0.121235 -0.292593 0.121235 1.053749   0   1  -1 
2460077.755001 -1.587285 0.724641 -10469.796842 0.156253 -10467.684847 0.747185 -10468.440433 -0.609224 0.156253 -1.356409 0.156253 1.053749   0   1  -1 
2460077.760768 -1.581518 0.725045 -10469.832216 0.150546 -10467.684847 0.743653 -10468.442589 -0.645973 0.150546 -1.389627 0.150546 1.053749   0   1  -1 
2460078.818364 -0.523922 0.799058 -10470.121344 0.118065 -10467.684847 -0.006866 -10468.938564 -1.189646 0.118065 -1.182780 0.118065 1.053749   0   1  -1 
2460078.823976 -0.518310 0.799450 -10470.631326 0.115757 -10467.684847 -0.011393 -10468.941832 -1.700887 0.115757 -1.689494 0.115757 1.053749   0   1  -1 
2460079.846559 0.504273 0.871013 -10469.784428 0.112864 -10467.684847 -0.921713 -10469.681119 -1.025022 0.112864 -0.103309 0.112864 1.053749   0   1  -1 
2460079.852048 0.509762 0.871397 -10469.613740 0.114319 -10467.684847 -0.926984 -10469.685884 -0.854841 0.114319 0.072144 0.114319 1.053749   0   1  -1 
2460080.730235 1.387949 0.932855 -10469.772583 0.121764 -10467.684847 -1.782830 -10470.527792 -1.027621 0.121764 0.755209 0.121764 1.053749   0   1  -1 
2460080.735864 1.393578 0.933249 -10469.610615 0.112383 -10467.684847 -1.788183 -10470.533456 -0.865342 0.112383 0.922841 0.112383 1.053749   0   1  -1 
2460082.755256 3.412970 0.074571 -10469.121371 0.143393 -10467.684847 -2.598314 -10471.413041 -0.306644 0.143393 2.291670 0.143393 1.053749   0   1  -1 
2460082.760842 3.418556 0.074962 -10468.518798 0.129661 -10467.684847 -2.595475 -10471.409188 0.294914 0.129661 2.890390 0.129661 1.053749   0   1  -1 
2460085.681985 6.339699 0.279390 -10469.405639 0.182782 -10467.684847 0.647420 -10465.920692 -2.837527 0.182782 -3.484947 0.182782 1.053749   0   1  -1 
2460085.687655 6.345369 0.279787 -10468.302871 0.192173 -10467.684847 0.652484 -10465.910105 -1.740282 0.192173 -2.392766 0.192173 1.053749   0   1  -1 
2460086.748603 -6.883001 0.354034 -10463.771857 0.096592 -10467.684847 1.381185 -10464.430366 2.039694 0.096592 0.658509 0.096592 1.053749   0   1  -1 
2460086.754324 -6.877280 0.354435 -10464.310069 0.104158 -10467.684847 1.384011 -10464.425479 1.499420 0.104158 0.115410 0.104158 1.053749   0   1  -1 
2460199.601214 5.944382 0.251725 -10467.857782 0.194625 -10467.684847 0.262377 -10468.924345 1.328941 0.194625 1.066563 0.194625 1.053749   0   1  -1 
2460199.607025 5.950193 0.252131 -10469.302924 0.190719 -10467.684847 0.268489 -10468.914469 -0.119965 0.190719 -0.388455 0.190719 1.053749   0   1  -1 
2460201.515076 -6.431075 0.385661 -10466.554990 0.136306 -10467.684847 1.572133 -10466.711803 1.728946 0.136306 0.156813 0.136306 1.053749   0   1  -1 
2460201.520627 -6.425524 0.386050 -10466.389365 0.147106 -10467.684847 1.574088 -10466.708373 1.893096 0.147106 0.319008 0.147106 1.053749   0   1  -1 
2460202.533617 -5.412534 0.456941 -10465.659465 0.116368 -10467.684847 1.791991 -10466.300988 2.433514 0.116368 0.641523 0.116368 1.053749   0   1  -1 
2460202.539273 -5.406878 0.457337 -10465.508485 0.110234 -10467.684847 1.792498 -10466.299756 2.583768 0.110234 0.791271 0.110234 1.053749   0   1  -1 
2460203.571018 -4.375133 0.529541 -10465.844882 0.168626 -10467.684847 1.772024 -10466.214737 2.141879 0.168626 0.369855 0.168626 1.053749   0   1  -1 
2460203.577196 -4.368955 0.529973 -10465.648256 0.180164 -10467.684847 1.771267 -10466.214961 2.337972 0.180164 0.566705 0.180164 1.053749   0   1  -1 
2460204.530857 -3.415294 0.596713 -10467.427115 0.098515 -10467.684847 1.571746 -10466.342502 0.487132 0.098515 -1.084613 0.098515 1.053749   0   1  -1 
2460204.536387 -3.409764 0.597100 -10466.800940 0.104273 -10467.684847 1.570122 -10466.343785 1.112967 0.104273 -0.457155 0.104273 1.053749   0   1  -1 
2460205.516019 -2.430132 0.665657 -10468.149301 0.122140 -10467.684847 1.199576 -10466.676142 -0.273583 0.122140 -1.473159 0.122140 1.053749   0   1  -1 
2460205.521490 -2.424661 0.666040 -10467.759986 0.108265 -10467.684847 1.197042 -10466.678593 0.115649 0.108265 -1.081393 0.108265 1.053749   0   1  -1 
2460206.534104 -1.412047 0.736905 -10467.984215 0.123507 -10467.684847 0.637164 -10467.236047 -0.111004 0.123507 -0.748168 0.123507 1.053749   0   1  -1 
2460206.539634 -1.406517 0.737292 -10467.395836 0.112931 -10467.684847 0.633601 -10467.239584 0.477349 0.112931 -0.156252 0.112931 1.053749   0   1  -1 
2460208.612713 0.666562 0.882371 -10467.863703 0.119086 -10467.684847 -1.078678 -10468.642232 -0.300149 0.119086 0.778529 0.119086 1.053749   0   1  -1 
2460208.618030 0.671879 0.882743 -10468.124237 0.122661 -10467.684847 -1.083856 -10468.645411 -0.562682 0.122661 0.521174 0.122661 1.053749   0   1  -1 
2460209.504007 1.557856 0.944745 -10468.350357 0.247406 -10467.684847 -1.941833 -10469.078338 -1.213852 0.247406 0.727981 0.247406 1.053749   0   1  -1 
2460209.509978 1.563827 0.945163 -10468.742438 0.220522 -10467.684847 -1.947309 -10469.080427 -1.609320 0.220522 0.337989 0.220522 1.053749   0   1  -1 
2460210.587394 2.641243 0.020563 -10468.232795 0.137683 -10467.684847 -2.669669 -10469.157736 -1.744728 0.137683 0.924941 0.137683 1.053749   0   1  -1 
2460210.593026 2.646875 0.020957 -10467.916827 0.147704 -10467.684847 -2.671346 -10469.156166 -1.432007 0.147704 1.239339 0.147704 1.053749   0   1  -1 
2460211.516295 3.570144 0.085570 -10469.090653 0.190231 -10467.684847 -2.505981 -10468.557507 -3.039128 0.190231 -0.533146 0.190231 1.053749   0   1  -1 
2460211.522268 3.576117 0.085988 -10468.782398 0.153085 -10467.684847 -2.501973 -10468.551553 -2.732817 0.153085 -0.230845 0.153085 1.053749   0   1  -1 
