# time Tc_folded Tref_folded value value_err offset model full_model val_compare val_compare_err residuals residuals_err jitter jitter_flag offset_flag subset_flag 
2455480.529186 -12.036987 0.000000 -10482.960657 0.485677 -10476.278814 0.831207 -10480.478253 -1.651197 0.485677 -2.482404 0.485677 1.542117   1   2  -1 
2455480.529186 -12.036987 0.000000 -10482.960657 0.485677 -10476.278814 0.831207 -10480.478253 -1.651197 0.485677 -2.482404 0.485677 1.542117   1   2  -1 
2455480.532970 -12.033203 0.000113 -10481.678693 0.440084 -10476.278814 0.832133 -10480.478235 -0.368325 0.440084 -1.200458 0.440084 1.542117   1   2  -1 
2455480.532970 -12.033203 0.000113 -10481.678693 0.440084 -10476.278814 0.832133 -10480.478235 -0.368325 0.440084 -1.200458 0.440084 1.542117   1   2  -1 
2455480.536778 -12.029395 0.000227 -10480.431449 0.465046 -10476.278814 0.833064 -10480.478211 0.879826 0.465046 0.046762 0.465046 1.542117   1   2  -1 
2455480.536778 -12.029395 0.000227 -10480.431449 0.465046 -10476.278814 0.833064 -10480.478211 0.879826 0.465046 0.046762 0.465046 1.542117   1   2  -1 
2455482.554786 -10.011387 0.060557 -10476.128743 0.353905 -10476.278814 1.247093 -10478.812374 3.930724 0.353905 2.683631 0.353905 1.542117   1   2  -1 
2455482.554786 -10.011387 0.060557 -10476.128743 0.353905 -10476.278814 1.247093 -10478.812374 3.930724 0.353905 2.683631 0.353905 1.542117   1   2  -1 
2455484.542056 -8.024117 0.119968 -10475.755433 0.514319 -10476.278814 1.431344 -10475.879159 1.555070 0.514319 0.123726 0.514319 1.542117   1   2  -1 
2455484.542056 -8.024117 0.119968 -10475.755433 0.514319 -10476.278814 1.431344 -10475.879159 1.555070 0.514319 0.123726 0.514319 1.542117   1   2  -1 
2455484.545828 -8.020345 0.120080 -10473.332240 0.532707 -10476.278814 1.431441 -10475.875405 3.974606 0.532707 2.543165 0.532707 1.542117   1   2  -1 
2455484.545828 -8.020345 0.120080 -10473.332240 0.532707 -10476.278814 1.431441 -10475.875405 3.974606 0.532707 2.543165 0.532707 1.542117   1   2  -1 
2455484.549671 -8.016502 0.120195 -10474.438386 0.508347 -10476.278814 1.431539 -10475.871590 2.864743 0.508347 1.433204 0.508347 1.542117   1   2  -1 
2455484.549671 -8.016502 0.120195 -10474.438386 0.508347 -10476.278814 1.431539 -10475.871590 2.864743 0.508347 1.433204 0.508347 1.542117   1   2  -1 
2455485.527184 -7.038989 0.149419 -10473.605978 0.432034 -10476.278814 1.423604 -10475.230861 3.048487 0.432034 1.624883 0.432034 1.542117   1   2  -1 
2455485.527184 -7.038989 0.149419 -10473.605978 0.432034 -10476.278814 1.423604 -10475.230861 3.048487 0.432034 1.624883 0.432034 1.542117   1   2  -1 
2455485.532971 -7.033202 0.149592 -10471.997247 0.445706 -10476.278814 1.423366 -10475.228974 4.655092 0.445706 3.231727 0.445706 1.542117   1   2  -1 
2455485.532971 -7.033202 0.149592 -10471.997247 0.445706 -10476.278814 1.423366 -10475.228974 4.655092 0.445706 3.231727 0.445706 1.542117   1   2  -1 
2455487.543214 -5.022959 0.209689 -10473.844627 0.404437 -10476.278814 1.218669 -10475.500660 2.874702 0.404437 1.656033 0.404437 1.542117   1   2  -1 
2455487.543214 -5.022959 0.209689 -10473.844627 0.404437 -10476.278814 1.218669 -10475.500660 2.874702 0.404437 1.656033 0.404437 1.542117   1   2  -1 
2455487.548897 -5.017276 0.209859 -10473.904015 0.401767 -10476.278814 1.217785 -10475.502901 2.816671 0.401767 1.598886 0.401767 1.542117   1   2  -1 
2455487.548897 -5.017276 0.209859 -10473.904015 0.401767 -10476.278814 1.217785 -10475.502901 2.816671 0.401767 1.598886 0.401767 1.542117   1   2  -1 
2455493.544252 0.978079 0.389095 -10479.814585 0.396600 -10476.278814 -0.100483 -10479.766041 -0.149027 0.396600 -0.048544 0.396600 1.542117   1   2  -1 
2455493.544252 0.978079 0.389095 -10479.814585 0.396600 -10476.278814 -0.100483 -10479.766041 -0.149027 0.396600 -0.048544 0.396600 1.542117   1   2  -1 
2455493.550478 0.984305 0.389281 -10480.900282 0.405220 -10476.278814 -0.101875 -10479.774789 -1.227368 0.405220 -1.125493 0.405220 1.542117   1   2  -1 
2455493.550478 0.984305 0.389281 -10480.900282 0.405220 -10476.278814 -0.101875 -10479.774789 -1.227368 0.405220 -1.125493 0.405220 1.542117   1   2  -1 
2455495.535877 2.969704 0.448636 -10480.826331 0.401246 -10476.278814 -0.512657 -10481.797562 0.458574 0.401246 0.971231 0.401246 1.542117   1   2  -1 
2455495.535877 2.969704 0.448636 -10480.826331 0.401246 -10476.278814 -0.512657 -10481.797562 0.458574 0.401246 0.971231 0.401246 1.542117   1   2  -1 
2455495.541664 2.975491 0.448809 -10480.647538 0.425418 -10476.278814 -0.513743 -10481.799007 0.637726 0.425418 1.151469 0.425418 1.542117   1   2  -1 
2455495.541664 2.975491 0.448809 -10480.647538 0.425418 -10476.278814 -0.513743 -10481.799007 0.637726 0.425418 1.151469 0.425418 1.542117   1   2  -1 
2455498.517820 5.951647 0.537783 -10479.650410 0.663846 -10476.278814 -0.966389 -10480.169790 -0.447009 0.663846 0.519380 0.663846 1.542117   1   2  -1 
2455498.517820 5.951647 0.537783 -10479.650410 0.663846 -10476.278814 -0.966389 -10480.169790 -0.447009 0.663846 0.519380 0.663846 1.542117   1   2  -1 
2455498.523445 5.957272 0.537951 -10478.978096 0.600098 -10476.278814 -0.967028 -10480.167247 0.222123 0.600098 1.189151 0.600098 1.542117   1   2  -1 
2455498.523445 5.957272 0.537951 -10478.978096 0.600098 -10476.278814 -0.967028 -10480.167247 0.222123 0.600098 1.189151 0.600098 1.542117   1   2  -1 
2455500.544007 7.977834 0.598358 -10479.588979 0.341836 -10476.278814 -1.138433 -10479.740691 -0.986721 0.341836 0.151712 0.341836 1.542117   1   2  -1 
2455500.544007 7.977834 0.598358 -10479.588979 0.341836 -10476.278814 -1.138433 -10479.740691 -0.986721 0.341836 0.151712 0.341836 1.542117   1   2  -1 
2455500.549389 7.983216 0.598519 -10479.646223 0.372174 -10476.278814 -1.138730 -10479.740327 -1.044626 0.372174 0.094104 0.372174 1.542117   1   2  -1 
2455500.549389 7.983216 0.598519 -10479.646223 0.372174 -10476.278814 -1.138730 -10479.740327 -1.044626 0.372174 0.094104 0.372174 1.542117   1   2  -1 
2455501.547102 8.980929 0.628346 -10479.228913 0.302659 -10476.278814 -1.178555 -10479.721370 -0.686098 0.302659 0.492457 0.302659 1.542117   1   2  -1 
2455501.547102 8.980929 0.628346 -10479.228913 0.302659 -10476.278814 -1.178555 -10479.721370 -0.686098 0.302659 0.492457 0.302659 1.542117   1   2  -1 
2455501.552738 8.986565 0.628514 -10480.110772 0.289222 -10476.278814 -1.178692 -10479.721595 -1.567869 0.289222 -0.389177 0.289222 1.542117   1   2  -1 
2455501.552738 8.986565 0.628514 -10480.110772 0.289222 -10476.278814 -1.178692 -10479.721595 -1.567869 0.289222 -0.389177 0.289222 1.542117   1   2  -1 
2455505.514789 12.948616 0.746963 -10479.788974 0.344263 -10476.278814 -1.019596 -10481.253297 0.444727 0.344263 1.464323 0.344263 1.542117   1   2  -1 
2455505.514789 12.948616 0.746963 -10479.788974 0.344263 -10476.278814 -1.019596 -10481.253297 0.444727 0.344263 1.464323 0.344263 1.542117   1   2  -1 
2455505.520425 12.954252 0.747131 -10479.398339 0.340728 -10476.278814 -1.018993 -10481.256463 0.839130 0.340728 1.858124 0.340728 1.542117   1   2  -1 
2455505.520425 12.954252 0.747131 -10479.398339 0.340728 -10476.278814 -1.018993 -10481.256463 0.839130 0.340728 1.858124 0.340728 1.542117   1   2  -1 
2455507.517142 14.950969 0.806825 -10482.165859 0.264981 -10476.278814 -0.737277 -10482.280163 -0.622974 0.264981 0.114304 0.264981 1.542117   1   2  -1 
2455507.517142 14.950969 0.806825 -10482.165859 0.264981 -10476.278814 -0.737277 -10482.280163 -0.622974 0.264981 0.114304 0.264981 1.542117   1   2  -1 
2455507.522824 14.956651 0.806994 -10483.868821 0.270208 -10476.278814 -0.736285 -10482.282885 -2.322220 0.270208 -1.585936 0.270208 1.542117   1   2  -1 
2455507.522824 14.956651 0.806994 -10483.868821 0.270208 -10476.278814 -0.736285 -10482.282885 -2.322220 0.270208 -1.585936 0.270208 1.542117   1   2  -1 
2455509.518050 -16.497717 0.866643 -10482.136940 0.380261 -10476.278814 -0.326118 -10482.808188 0.345131 0.380261 0.671248 0.380261 1.542117   1   2  -1 
2455509.518050 -16.497717 0.866643 -10482.136940 0.380261 -10476.278814 -0.326118 -10482.808188 0.345131 0.380261 0.671248 0.380261 1.542117   1   2  -1 
2455509.523524 -16.492243 0.866807 -10481.842165 0.354765 -10476.278814 -0.324837 -10482.806706 0.639703 0.354765 0.964541 0.354765 1.542117   1   2  -1 
2455509.523524 -16.492243 0.866807 -10481.842165 0.354765 -10476.278814 -0.324837 -10482.806706 0.639703 0.354765 0.964541 0.354765 1.542117   1   2  -1 
2455511.516449 -14.499318 0.926387 -10481.051242 0.398498 -10476.278814 0.181347 -10480.403986 -0.465909 0.398498 -0.647256 0.398498 1.542117   1   2  -1 
2455511.516449 -14.499318 0.926387 -10481.051242 0.398498 -10476.278814 0.181347 -10480.403986 -0.465909 0.398498 -0.647256 0.398498 1.542117   1   2  -1 
2455511.521935 -14.493832 0.926551 -10481.318563 0.396662 -10476.278814 0.182818 -10480.393950 -0.741795 0.396662 -0.924613 0.396662 1.542117   1   2  -1 
2455511.521935 -14.493832 0.926551 -10481.318563 0.396662 -10476.278814 0.182818 -10480.393950 -0.741795 0.396662 -0.924613 0.396662 1.542117   1   2  -1 
2455513.504562 -12.511205 0.985823 -10476.804338 0.418335 -10476.278814 0.712220 -10477.112866 1.020748 0.418335 0.308528 0.418335 1.542117   1   2  -1 
2455513.504562 -12.511205 0.985823 -10476.804338 0.418335 -10476.278814 0.712220 -10477.112866 1.020748 0.418335 0.308528 0.418335 1.542117   1   2  -1 
2455513.510244 -12.505523 0.985993 -10476.668251 0.441085 -10476.278814 0.713676 -10477.105377 1.150802 0.441085 0.437126 0.441085 1.542117   1   2  -1 
2455513.510244 -12.505523 0.985993 -10476.668251 0.441085 -10476.278814 0.713676 -10477.105377 1.150802 0.441085 0.437126 0.441085 1.542117   1   2  -1 
2455514.505835 -11.509932 0.015757 -10478.206203 0.335906 -10476.278814 0.955884 -10475.976514 -1.273804 0.335906 -2.229689 0.335906 1.542117   1   2  -1 
2455514.505835 -11.509932 0.015757 -10478.206203 0.335906 -10476.278814 0.955884 -10475.976514 -1.273804 0.335906 -2.229689 0.335906 1.542117   1   2  -1 
2455514.511356 -11.504411 0.015922 -10477.524806 0.341716 -10476.278814 0.957140 -10475.971181 -0.596485 0.341716 -1.553625 0.341716 1.542117   1   2  -1 
2455514.511356 -11.504411 0.015922 -10477.524806 0.341716 -10476.278814 0.957140 -10475.971181 -0.596485 0.341716 -1.553625 0.341716 1.542117   1   2  -1 
2455519.503938 -6.511829 0.165179 -10474.517329 0.516685 -10476.278814 1.393011 -10473.774869 0.650551 0.516685 -0.742460 0.516685 1.542117   1   2  -1 
2455519.503938 -6.511829 0.165179 -10474.517329 0.516685 -10476.278814 1.393011 -10473.774869 0.650551 0.516685 -0.742460 0.516685 1.542117   1   2  -1 
2455519.508811 -6.506956 0.165324 -10473.971305 0.498073 -10476.278814 1.392646 -10473.777450 1.198791 0.498073 -0.193855 0.498073 1.542117   1   2  -1 
2455519.508811 -6.506956 0.165324 -10473.971305 0.498073 -10476.278814 1.392646 -10473.777450 1.198791 0.498073 -0.193855 0.498073 1.542117   1   2  -1 
2455523.508036 -2.507731 0.284884 -10476.567096 0.414917 -10476.278814 0.717712 -10478.667976 2.818592 0.414917 2.100880 0.414917 1.542117   1   2  -1 
2455523.508036 -2.507731 0.284884 -10476.567096 0.414917 -10476.278814 0.717712 -10478.667976 2.818592 0.414917 2.100880 0.414917 1.542117   1   2  -1 
2455523.513036 -2.502731 0.285034 -10476.426565 0.432885 -10476.278814 0.716564 -10478.671156 2.961155 0.432885 2.244591 0.432885 1.542117   1   2  -1 
2455523.513036 -2.502731 0.285034 -10476.426565 0.432885 -10476.278814 0.716564 -10478.671156 2.961155 0.432885 2.244591 0.432885 1.542117   1   2  -1 
2455524.521481 -1.494286 0.315182 -10476.409103 0.333974 -10476.278814 0.479643 -10478.753710 2.824251 0.333974 2.344607 0.333974 1.542117   1   2  -1 
2455524.521481 -1.494286 0.315182 -10476.409103 0.333974 -10476.278814 0.479643 -10478.753710 2.824251 0.333974 2.344607 0.333974 1.542117   1   2  -1 
2455524.526446 -1.489321 0.315330 -10475.818731 0.339194 -10476.278814 0.478459 -10478.751477 3.411205 0.339194 2.932746 0.339194 1.542117   1   2  -1 
2455524.526446 -1.489321 0.315330 -10475.818731 0.339194 -10476.278814 0.478459 -10478.751477 3.411205 0.339194 2.932746 0.339194 1.542117   1   2  -1 
2455653.900831 -5.913312 0.183072 -10479.122782 0.372304 -10476.278814 1.337544 -10477.997898 0.212660 0.372304 -1.124884 0.372304 1.542117   1   2  -1 
2455653.900831 -5.913312 0.183072 -10479.122782 0.372304 -10476.278814 1.337544 -10477.997898 0.212660 0.372304 -1.124884 0.372304 1.542117   1   2  -1 
2455653.906410 -5.907733 0.183239 -10477.502514 0.368097 -10476.278814 1.336929 -10477.992889 1.827305 0.368097 0.490375 0.368097 1.542117   1   2  -1 
2455653.906410 -5.907733 0.183239 -10477.502514 0.368097 -10476.278814 1.336929 -10477.992889 1.827305 0.368097 0.490375 0.368097 1.542117   1   2  -1 
2455654.900357 -4.913786 0.212953 -10477.529507 0.407058 -10476.278814 1.201434 -10477.050366 0.722293 0.407058 -0.479141 0.407058 1.542117   1   2  -1 
2455654.900357 -4.913786 0.212953 -10477.529507 0.407058 -10476.278814 1.201434 -10477.050366 0.722293 0.407058 -0.479141 0.407058 1.542117   1   2  -1 
2455654.905936 -4.908207 0.213120 -10476.951630 0.365708 -10476.278814 1.200539 -10477.045374 1.294283 0.365708 0.093744 0.365708 1.542117   1   2  -1 
2455654.905936 -4.908207 0.213120 -10476.951630 0.365708 -10476.278814 1.200539 -10477.045374 1.294283 0.365708 0.093744 0.365708 1.542117   1   2  -1 
2455657.909222 -1.904921 0.302905 -10477.608535 0.302855 -10476.278814 0.577139 -10476.011676 -1.019720 0.302855 -1.596859 0.302855 1.542117   1   2  -1 
2455657.909222 -1.904921 0.302905 -10477.608535 0.302855 -10476.278814 0.577139 -10476.011676 -1.019720 0.302855 -1.596859 0.302855 1.542117   1   2  -1 
2455657.914813 -1.899330 0.303073 -10478.050098 0.315866 -10476.278814 0.575819 -10476.012590 -1.461689 0.315866 -2.037508 0.315866 1.542117   1   2  -1 
2455657.914813 -1.899330 0.303073 -10478.050098 0.315866 -10476.278814 0.575819 -10476.012590 -1.461689 0.315866 -2.037508 0.315866 1.542117   1   2  -1 
2455659.907949 0.093806 0.362659 -10477.046490 0.384743 -10476.278814 0.102080 -10476.824677 -0.119732 0.384743 -0.221813 0.384743 1.542117   1   2  -1 
2455659.907949 0.093806 0.362659 -10477.046490 0.384743 -10476.278814 0.102080 -10476.824677 -0.119732 0.384743 -0.221813 0.384743 1.542117   1   2  -1 
2455659.913540 0.099397 0.362826 -10478.198534 0.401510 -10476.278814 0.100773 -10476.828257 -1.269503 0.401510 -1.370277 0.401510 1.542117   1   2  -1 
2455659.913540 0.099397 0.362826 -10478.198534 0.401510 -10476.278814 0.100773 -10476.828257 -1.269503 0.401510 -1.370277 0.401510 1.542117   1   2  -1 
2455660.901884 1.087741 0.392373 -10478.330760 0.251174 -10476.278814 -0.124925 -10477.581179 -0.874506 0.251174 -0.749581 0.251174 1.542117   1   2  -1 
2455660.901884 1.087741 0.392373 -10478.330760 0.251174 -10476.278814 -0.124925 -10477.581179 -0.874506 0.251174 -0.749581 0.251174 1.542117   1   2  -1 
2455662.902485 3.088342 0.452183 -10478.461597 0.474458 -10476.278814 -0.534777 -10479.846428 0.850054 0.474458 1.384831 0.474458 1.542117   1   2  -1 
2455662.902485 3.088342 0.452183 -10478.461597 0.474458 -10476.278814 -0.534777 -10479.846428 0.850054 0.474458 1.384831 0.474458 1.542117   1   2  -1 
2455662.908180 3.094037 0.452353 -10479.019990 0.454621 -10476.278814 -0.535831 -10479.854028 0.298207 0.454621 0.834038 0.454621 1.542117   1   2  -1 
2455662.908180 3.094037 0.452353 -10479.019990 0.454621 -10476.278814 -0.535831 -10479.854028 0.298207 0.454621 0.834038 0.454621 1.542117   1   2  -1 
2455663.839263 4.025120 0.480188 -10481.021871 0.868606 -10476.278814 -0.698289 -10481.124098 -0.596062 0.868606 0.102227 0.868606 1.542117   1   2  -1 
2455663.839263 4.025120 0.480188 -10481.021871 0.868606 -10476.278814 -0.698289 -10481.124098 -0.596062 0.868606 0.102227 0.868606 1.542117   1   2  -1 
2455672.897729 13.083586 0.750998 -10477.289791 0.326960 -10476.278814 -1.004866 -10479.168685 0.874028 0.326960 1.878894 0.326960 1.542117   1   2  -1 
2455672.897729 13.083586 0.750998 -10477.289791 0.326960 -10476.278814 -1.004866 -10479.168685 0.874028 0.326960 1.878894 0.326960 1.542117   1   2  -1 
2455672.902775 13.088632 0.751149 -10477.128218 0.300639 -10476.278814 -1.004303 -10479.168324 1.035803 0.300639 2.040106 0.300639 1.542117   1   2  -1 
2455672.902775 13.088632 0.751149 -10477.128218 0.300639 -10476.278814 -1.004303 -10479.168324 1.035803 0.300639 2.040106 0.300639 1.542117   1   2  -1 
2455675.905453 16.091310 0.840916 -10479.983143 0.211350 -10476.278814 -0.517454 -10478.280792 -2.219805 0.211350 -1.702351 0.211350 1.542117   1   2  -1 
2455675.905453 16.091310 0.840916 -10479.983143 0.211350 -10476.278814 -0.517454 -10478.280792 -2.219805 0.211350 -1.702351 0.211350 1.542117   1   2  -1 
2455679.879903 -13.383834 0.959735 -10481.249420 0.252289 -10476.278814 0.482285 -10480.535239 -0.231896 0.252289 -0.714181 0.252289 1.542117   1   2  -1 
2455679.879903 -13.383834 0.959735 -10481.249420 0.252289 -10476.278814 0.482285 -10480.535239 -0.231896 0.252289 -0.714181 0.252289 1.542117   1   2  -1 
2455679.885123 -13.378614 0.959891 -10482.070814 0.256851 -10476.278814 0.483687 -10480.537991 -1.049136 0.256851 -1.532823 0.256851 1.542117   1   2  -1 
2455679.885123 -13.378614 0.959891 -10482.070814 0.256851 -10476.278814 0.483687 -10480.537991 -1.049136 0.256851 -1.532823 0.256851 1.542117   1   2  -1 
2455712.893679 -13.819652 0.946706 -10477.596372 0.280177 -10476.278814 0.364729 -10477.380711 0.149068 0.280177 -0.215661 0.280177 1.542117   1   2  -1 
2455712.893679 -13.819652 0.946706 -10477.596372 0.280177 -10476.278814 0.364729 -10477.380711 0.149068 0.280177 -0.215661 0.280177 1.542117   1   2  -1 
2455715.864679 -10.848652 0.035526 -10473.715742 0.681733 -10476.278814 1.097572 -10474.355080 1.736910 0.681733 0.639338 0.681733 1.542117   1   2  -1 
2455715.864679 -10.848652 0.035526 -10473.715742 0.681733 -10476.278814 1.097572 -10474.355080 1.736910 0.681733 0.639338 0.681733 1.542117   1   2  -1 
2455715.867376 -10.845955 0.035607 -10473.898980 0.709421 -10476.278814 1.098111 -10474.353794 1.552925 0.709421 0.454814 0.709421 1.542117   1   2  -1 
2455715.867376 -10.845955 0.035607 -10473.898980 0.709421 -10476.278814 1.098111 -10474.353794 1.552925 0.709421 0.454814 0.709421 1.542117   1   2  -1 
2455715.869992 -10.843339 0.035685 -10473.445162 0.718389 -10476.278814 1.098633 -10474.352549 2.006020 0.718389 0.907387 0.718389 1.542117   1   2  -1 
2455715.869992 -10.843339 0.035685 -10473.445162 0.718389 -10476.278814 1.098633 -10474.352549 2.006020 0.718389 0.907387 0.718389 1.542117   1   2  -1 
2455715.872747 -10.840584 0.035767 -10473.903696 0.742414 -10476.278814 1.099183 -10474.351240 1.546727 0.742414 0.447544 0.742414 1.542117   1   2  -1 
2455715.872747 -10.840584 0.035767 -10473.903696 0.742414 -10476.278814 1.099183 -10474.351240 1.546727 0.742414 0.447544 0.742414 1.542117   1   2  -1 
2455727.859452 1.146121 0.394119 -10475.357665 0.528199 -10476.278814 -0.137867 -10476.463695 0.968163 0.528199 1.106030 0.528199 1.542117   1   2  -1 
2455727.859452 1.146121 0.394119 -10475.357665 0.528199 -10476.278814 -0.137867 -10476.463695 0.968163 0.528199 1.106030 0.528199 1.542117   1   2  -1 
2455727.863145 1.149814 0.394229 -10476.960737 0.516663 -10476.278814 -0.138684 -10476.462888 -0.636533 0.516663 -0.497849 0.516663 1.542117   1   2  -1 
2455727.863145 1.149814 0.394229 -10476.960737 0.516663 -10476.278814 -0.138684 -10476.462888 -0.636533 0.516663 -0.497849 0.516663 1.542117   1   2  -1 
2455727.866953 1.153622 0.394343 -10477.060026 0.559742 -10476.278814 -0.139526 -10476.462064 -0.737487 0.559742 -0.597962 0.559742 1.542117   1   2  -1 
2455727.866953 1.153622 0.394343 -10477.060026 0.559742 -10476.278814 -0.139526 -10476.462064 -0.737487 0.559742 -0.597962 0.559742 1.542117   1   2  -1 
2455735.809170 9.095839 0.631781 -10480.718295 0.263016 -10476.278814 -1.181166 -10479.812978 -2.086484 0.263016 -0.905317 0.263016 1.542117   1   2  -1 
2455735.809170 9.095839 0.631781 -10480.718295 0.263016 -10476.278814 -1.181166 -10479.812978 -2.086484 0.263016 -0.905317 0.263016 1.542117   1   2  -1 
2455754.777241 -5.385684 0.198846 -10475.455016 0.545675 -10476.278814 1.271945 -10476.857989 2.674918 0.545675 1.402973 0.545675 1.542117   1   2  -1 
2455754.777241 -5.385684 0.198846 -10475.455016 0.545675 -10476.278814 1.271945 -10476.857989 2.674918 0.545675 1.402973 0.545675 1.542117   1   2  -1 
2455755.755721 -4.407204 0.228098 -10477.021535 0.384396 -10476.278814 1.114835 -10475.952469 0.045768 0.384396 -1.069066 0.384396 1.542117   1   2  -1 
2455755.755721 -4.407204 0.228098 -10477.021535 0.384396 -10476.278814 1.114835 -10475.952469 0.045768 0.384396 -1.069066 0.384396 1.542117   1   2  -1 
2455769.736300 9.573375 0.646058 -10478.718338 0.338766 -10476.278814 -1.187567 -10479.796140 -0.109765 0.338766 1.077802 0.338766 1.542117   1   2  -1 
2455769.736300 9.573375 0.646058 -10478.718338 0.338766 -10476.278814 -1.187567 -10479.796140 -0.109765 0.338766 1.077802 0.338766 1.542117   1   2  -1 
2455769.742075 9.579150 0.646230 -10479.209949 0.385157 -10476.278814 -1.187600 -10479.790534 -0.607015 0.385157 0.580585 0.385157 1.542117   1   2  -1 
2455769.742075 9.579150 0.646230 -10479.209949 0.385157 -10476.278814 -1.187600 -10479.790534 -0.607015 0.385157 0.580585 0.385157 1.542117   1   2  -1 
2455776.628483 16.465558 0.852104 -10477.854877 0.356174 -10476.278814 -0.436746 -10476.496922 -1.794700 0.356174 -1.357955 0.356174 1.542117   1   2  -1 
2455776.628483 16.465558 0.852104 -10477.854877 0.356174 -10476.278814 -0.436746 -10476.496922 -1.794700 0.356174 -1.357955 0.356174 1.542117   1   2  -1 
2455782.624998 -10.987521 0.031375 -10477.234320 0.380536 -10476.278814 1.069375 -10478.246034 2.081090 0.380536 1.011714 0.380536 1.542117   1   2  -1 
2455782.624998 -10.987521 0.031375 -10477.234320 0.380536 -10476.278814 1.069375 -10478.246034 2.081090 0.380536 1.011714 0.380536 1.542117   1   2  -1 
2455784.737667 -8.874852 0.094534 -10473.119634 0.272683 -10476.278814 1.384450 -10474.935314 3.200130 0.272683 1.815680 0.272683 1.542117   1   2  -1 
2455784.737667 -8.874852 0.094534 -10473.119634 0.272683 -10476.278814 1.384450 -10474.935314 3.200130 0.272683 1.815680 0.272683 1.542117   1   2  -1 
2455801.526698 7.914179 0.596455 -10477.714254 0.636570 -10476.278814 -1.134853 -10476.604120 -2.244987 0.636570 -1.110134 0.636570 1.542117   1   2  -1 
2455801.526698 7.914179 0.596455 -10477.714254 0.636570 -10476.278814 -1.134853 -10476.604120 -2.244987 0.636570 -1.110134 0.636570 1.542117   1   2  -1 
2455801.531628 7.919109 0.596602 -10478.348482 0.588581 -10476.278814 -1.135135 -10476.604813 -2.878804 0.588581 -1.743669 0.588581 1.542117   1   2  -1 
2455801.531628 7.919109 0.596602 -10478.348482 0.588581 -10476.278814 -1.135135 -10476.604813 -2.878804 0.588581 -1.743669 0.588581 1.542117   1   2  -1 
2455804.632333 11.019814 0.689300 -10479.889141 0.560283 -10476.278814 -1.162141 -10478.025257 -3.026025 0.560283 -1.863884 0.560283 1.542117   1   2  -1 
2455804.632333 11.019814 0.689300 -10479.889141 0.560283 -10476.278814 -1.162141 -10478.025257 -3.026025 0.560283 -1.863884 0.560283 1.542117   1   2  -1 
2455804.637669 11.025150 0.689459 -10479.356651 0.516075 -10476.278814 -1.161920 -10478.027997 -2.490574 0.516075 -1.328654 0.516075 1.542117   1   2  -1 
2455804.637669 11.025150 0.689459 -10479.356651 0.516075 -10476.278814 -1.161920 -10478.027997 -2.490574 0.516075 -1.328654 0.516075 1.542117   1   2  -1 
2455807.626267 14.013748 0.778806 -10477.952953 0.482855 -10476.278814 -0.886362 -10479.643236 0.803921 0.482855 1.690283 0.482855 1.542117   1   2  -1 
2455807.626267 14.013748 0.778806 -10477.952953 0.482855 -10476.278814 -0.886362 -10479.643236 0.803921 0.482855 1.690283 0.482855 1.542117   1   2  -1 
2455807.631162 14.018643 0.778952 -10477.762393 0.443292 -10476.278814 -0.885660 -10479.646083 0.998030 0.443292 1.883690 0.443292 1.542117   1   2  -1 
2455807.631162 14.018643 0.778952 -10477.762393 0.443292 -10476.278814 -0.885660 -10479.646083 0.998030 0.443292 1.883690 0.443292 1.542117   1   2  -1 
2455810.581550 -16.480563 0.867156 -10481.002505 0.377097 -10476.278814 -0.322103 -10479.364700 -1.959909 0.377097 -1.637805 0.377097 1.542117   1   2  -1 
2455810.581550 -16.480563 0.867156 -10481.002505 0.377097 -10476.278814 -0.322103 -10479.364700 -1.959909 0.377097 -1.637805 0.377097 1.542117   1   2  -1 
2455810.586723 -16.475390 0.867311 -10480.282556 0.398696 -10476.278814 -0.320891 -10479.358217 -1.245231 0.398696 -0.924339 0.398696 1.542117   1   2  -1 
2455810.586723 -16.475390 0.867311 -10480.282556 0.398696 -10476.278814 -0.320891 -10479.358217 -1.245231 0.398696 -0.924339 0.398696 1.542117   1   2  -1 
2455816.587002 -10.475111 0.046693 -10476.284284 0.479893 -10476.278814 1.168822 -10476.491645 1.376183 0.479893 0.207361 0.479893 1.542117   1   2  -1 
2455816.587002 -10.475111 0.046693 -10476.284284 0.479893 -10476.278814 1.168822 -10476.491645 1.376183 0.479893 0.207361 0.479893 1.542117   1   2  -1 
2455816.590578 -10.471535 0.046800 -10475.380232 0.444942 -10476.278814 1.169470 -10476.490443 2.279680 0.444942 1.110211 0.444942 1.542117   1   2  -1 
2455816.590578 -10.471535 0.046800 -10475.380232 0.444942 -10476.278814 1.169470 -10476.490443 2.279680 0.444942 1.110211 0.444942 1.542117   1   2  -1 
2455816.594154 -10.467959 0.046907 -10476.257023 0.438232 -10476.278814 1.170117 -10476.489235 1.402329 0.438232 0.232212 0.438232 1.542117   1   2  -1 
2455816.594154 -10.467959 0.046907 -10476.257023 0.438232 -10476.278814 1.170117 -10476.489235 1.402329 0.438232 0.232212 0.438232 1.542117   1   2  -1 
2455834.622073 7.559960 0.585865 -10480.909706 0.288686 -10476.278814 -1.112723 -10479.188738 -2.833690 0.288686 -1.720968 0.288686 1.542117   1   2  -1 
2455834.622073 7.559960 0.585865 -10480.909706 0.288686 -10476.278814 -1.112723 -10479.188738 -2.833690 0.288686 -1.720968 0.288686 1.542117   1   2  -1 
2455834.627593 7.565480 0.586030 -10481.704100 0.288262 -10476.278814 -1.113096 -10479.191306 -3.625890 0.288262 -2.512794 0.288262 1.542117   1   2  -1 
2455834.627593 7.565480 0.586030 -10481.704100 0.288262 -10476.278814 -1.113096 -10479.191306 -3.625890 0.288262 -2.512794 0.288262 1.542117   1   2  -1 
2455836.585712 9.523599 0.644569 -10482.497452 0.340261 -10476.278814 -1.187237 -10480.202556 -3.482134 0.340261 -2.294896 0.340261 1.542117   1   2  -1 
2455836.585712 9.523599 0.644569 -10482.497452 0.340261 -10476.278814 -1.187237 -10480.202556 -3.482134 0.340261 -2.294896 0.340261 1.542117   1   2  -1 
2455836.591440 9.529327 0.644741 -10483.216344 0.339568 -10476.278814 -1.187279 -10480.205569 -4.198054 0.339568 -3.010775 0.339568 1.542117   1   2  -1 
2455836.591440 9.529327 0.644741 -10483.216344 0.339568 -10476.278814 -1.187279 -10480.205569 -4.198054 0.339568 -3.010775 0.339568 1.542117   1   2  -1 
2455839.585007 12.522894 0.734236 -10480.984122 0.455066 -10476.278814 -1.061959 -10479.521074 -2.525007 0.455066 -1.463048 0.455066 1.542117   1   2  -1 
2455839.585007 12.522894 0.734236 -10480.984122 0.455066 -10476.278814 -1.061959 -10479.521074 -2.525007 0.455066 -1.463048 0.455066 1.542117   1   2  -1 
2455839.590794 12.528681 0.734409 -10480.862232 0.459884 -10476.278814 -1.061425 -10479.513434 -2.410223 0.459884 -1.348798 0.459884 1.542117   1   2  -1 
2455839.590794 12.528681 0.734409 -10480.862232 0.459884 -10476.278814 -1.061425 -10479.513434 -2.410223 0.459884 -1.348798 0.459884 1.542117   1   2  -1 
2455842.549547 15.487434 0.822863 -10475.984718 0.533150 -10476.278814 -0.638935 -10476.149215 -0.474438 0.533150 0.164497 0.533150 1.542117   1   2  -1 
2455842.549547 15.487434 0.822863 -10475.984718 0.533150 -10476.278814 -0.638935 -10476.149215 -0.474438 0.533150 0.164497 0.533150 1.542117   1   2  -1 
2455842.555033 15.492920 0.823027 -10475.769563 0.436601 -10476.278814 -0.637882 -10476.145517 -0.261928 0.436601 0.375954 0.436601 1.542117   1   2  -1 
2455842.555033 15.492920 0.823027 -10475.769563 0.436601 -10476.278814 -0.637882 -10476.145517 -0.261928 0.436601 0.375954 0.436601 1.542117   1   2  -1 
2455845.575633 -14.936074 0.913330 -10472.970844 0.533869 -10476.278814 0.065072 -10475.062968 2.157195 0.533869 2.092124 0.533869 1.542117   1   2  -1 
2455845.575633 -14.936074 0.913330 -10472.970844 0.533869 -10476.278814 0.065072 -10475.062968 2.157195 0.533869 2.092124 0.533869 1.542117   1   2  -1 
2455845.581258 -14.930449 0.913498 -10473.156417 0.461200 -10476.278814 0.066556 -10475.062764 1.972904 0.461200 1.906347 0.461200 1.542117   1   2  -1 
2455845.581258 -14.930449 0.913498 -10473.156417 0.461200 -10476.278814 0.066556 -10475.062764 1.972904 0.461200 1.906347 0.461200 1.542117   1   2  -1 
2455870.498785 9.987078 0.658425 -10481.818484 0.365314 -10476.278814 -1.187240 -10479.874553 -3.131171 0.365314 -1.943931 0.365314 1.542117   1   2  -1 
2455870.498785 9.987078 0.658425 -10481.818484 0.365314 -10476.278814 -1.187240 -10479.874553 -3.131171 0.365314 -1.943931 0.365314 1.542117   1   2  -1 
2455870.504422 9.992715 0.658594 -10481.151885 0.359240 -10476.278814 -1.187198 -10479.868988 -2.470094 0.359240 -1.282897 0.359240 1.542117   1   2  -1 
2455870.504422 9.992715 0.658594 -10481.151885 0.359240 -10476.278814 -1.187198 -10479.868988 -2.470094 0.359240 -1.282897 0.359240 1.542117   1   2  -1 
2455874.532217 14.020510 0.779008 -10477.728868 0.513797 -10476.278814 -0.885392 -10477.428180 -1.186080 0.513797 -0.300688 0.513797 1.542117   1   2  -1 
2455874.532217 14.020510 0.779008 -10477.728868 0.513797 -10476.278814 -0.885392 -10477.428180 -1.186080 0.513797 -0.300688 0.513797 1.542117   1   2  -1 
2455874.537437 14.025730 0.779164 -10475.674380 0.695338 -10476.278814 -0.884642 -10477.428127 0.869105 0.695338 1.753747 0.695338 1.542117   1   2  -1 
2455874.537437 14.025730 0.779164 -10475.674380 0.695338 -10476.278814 -0.884642 -10477.428127 0.869105 0.695338 1.753747 0.695338 1.542117   1   2  -1 
2455878.549549 -15.411752 0.899109 -10474.975638 0.680478 -10476.278814 -0.058877 -10477.495456 2.460940 0.680478 2.519818 0.680478 1.542117   1   2  -1 
2455878.549549 -15.411752 0.899109 -10474.975638 0.680478 -10476.278814 -0.058877 -10477.495456 2.460940 0.680478 2.519818 0.680478 1.542117   1   2  -1 
2455878.554965 -15.406336 0.899271 -10473.200640 0.660711 -10476.278814 -0.057486 -10477.495259 4.237133 0.660711 4.294619 0.660711 1.542117   1   2  -1 
2455878.554965 -15.406336 0.899271 -10473.200640 0.660711 -10476.278814 -0.057486 -10477.495259 4.237133 0.660711 4.294619 0.660711 1.542117   1   2  -1 
2456020.892743 -6.866934 0.154562 -10474.892081 0.400252 -10476.278814 1.415579 -10476.377787 2.901285 0.400252 1.485706 0.400252 1.542117   1   2  -1 
2456020.892743 -6.866934 0.154562 -10474.892081 0.400252 -10476.278814 1.415579 -10476.377787 2.901285 0.400252 1.485706 0.400252 1.542117   1   2  -1 
2456020.898160 -6.861517 0.154724 -10474.995167 0.390725 -10476.278814 1.415295 -10476.382916 2.803044 0.390725 1.387749 0.390725 1.542117   1   2  -1 
2456020.898160 -6.861517 0.154724 -10474.995167 0.390725 -10476.278814 1.415295 -10476.382916 2.803044 0.390725 1.387749 0.390725 1.542117   1   2  -1 
2456022.889397 -4.870280 0.214254 -10478.871489 0.497344 -10476.278814 1.194418 -10478.531013 0.853942 0.497344 -0.340476 0.497344 1.542117   1   2  -1 
2456022.889397 -4.870280 0.214254 -10478.871489 0.497344 -10476.278814 1.194418 -10478.531013 0.853942 0.497344 -0.340476 0.497344 1.542117   1   2  -1 
2456022.894884 -4.864793 0.214418 -10479.815426 0.556527 -10476.278814 1.193527 -10478.537313 -0.084586 0.556527 -1.278113 0.556527 1.542117   1   2  -1 
2456022.894884 -4.864793 0.214418 -10479.815426 0.556527 -10476.278814 1.193527 -10478.537313 -0.084586 0.556527 -1.278113 0.556527 1.542117   1   2  -1 
2456024.891353 -2.868324 0.274104 -10480.979281 0.428656 -10476.278814 0.799504 -10479.568280 -0.611497 0.428656 -1.411001 0.428656 1.542117   1   2  -1 
2456024.891353 -2.868324 0.274104 -10480.979281 0.428656 -10476.278814 0.799504 -10479.568280 -0.611497 0.428656 -1.411001 0.428656 1.542117   1   2  -1 
2456024.897048 -2.862629 0.274274 -10480.604419 0.407038 -10476.278814 0.798229 -10479.565497 -0.240693 0.407038 -1.038922 0.407038 1.542117   1   2  -1 
2456024.897048 -2.862629 0.274274 -10480.604419 0.407038 -10476.278814 0.798229 -10479.565497 -0.240693 0.407038 -1.038922 0.407038 1.542117   1   2  -1 
2456028.922257 1.162580 0.394611 -10477.908590 0.345283 -10476.278814 -0.141506 -10475.969554 -2.080542 0.345283 -1.939036 0.345283 1.542117   1   2  -1 
2456028.922257 1.162580 0.394611 -10477.908590 0.345283 -10476.278814 -0.141506 -10475.969554 -2.080542 0.345283 -1.939036 0.345283 1.542117   1   2  -1 
2456029.892891 2.133214 0.423628 -10478.166891 0.543499 -10476.278814 -0.348398 -10476.047997 -2.467291 0.543499 -2.118894 0.543499 1.542117   1   2  -1 
2456029.892891 2.133214 0.423628 -10478.166891 0.543499 -10476.278814 -0.348398 -10476.047997 -2.467291 0.543499 -2.118894 0.543499 1.542117   1   2  -1 
2456029.898354 2.138677 0.423792 -10478.569496 0.519266 -10476.278814 -0.349515 -10476.049625 -2.869386 0.519266 -2.519871 0.519266 1.542117   1   2  -1 
2456029.898354 2.138677 0.423792 -10478.569496 0.519266 -10476.278814 -0.349515 -10476.049625 -2.869386 0.519266 -2.519871 0.519266 1.542117   1   2  -1 
2456031.852968 4.093291 0.482226 -10477.024746 0.408809 -10476.278814 -0.709385 -10477.112321 -0.621809 0.408809 0.087575 0.408809 1.542117   1   2  -1 
2456031.852968 4.093291 0.482226 -10477.024746 0.408809 -10476.278814 -0.709385 -10477.112321 -0.621809 0.408809 0.087575 0.408809 1.542117   1   2  -1 
2456052.857065 -8.352207 0.110159 -10480.793021 0.406318 -10476.278814 1.419146 -10479.287297 -0.086578 0.406318 -1.505724 0.406318 1.542117   1   2  -1 
2456052.857065 -8.352207 0.110159 -10480.793021 0.406318 -10476.278814 1.419146 -10479.287297 -0.086578 0.406318 -1.505724 0.406318 1.542117   1   2  -1 
2456052.862482 -8.346790 0.110321 -10480.156970 0.393840 -10476.278814 1.419407 -10479.286437 0.548874 0.393840 -0.870533 0.393840 1.542117   1   2  -1 
2456052.862482 -8.346790 0.110321 -10480.156970 0.393840 -10476.278814 1.419407 -10479.286437 0.548874 0.393840 -0.870533 0.393840 1.542117   1   2  -1 
2456053.851639 -7.357633 0.139893 -10480.816786 0.437473 -10476.278814 1.433305 -10478.596624 -0.786857 0.437473 -2.220162 0.437473 1.542117   1   2  -1 
2456053.851639 -7.357633 0.139893 -10480.816786 0.437473 -10476.278814 1.433305 -10478.596624 -0.786857 0.437473 -2.220162 0.437473 1.542117   1   2  -1 
2456053.857114 -7.352158 0.140056 -10476.986852 0.414343 -10476.278814 1.433196 -10478.590304 3.036648 0.414343 1.603452 0.414343 1.542117   1   2  -1 
2456053.857114 -7.352158 0.140056 -10476.986852 0.414343 -10476.278814 1.433196 -10478.590304 3.036648 0.414343 1.603452 0.414343 1.542117   1   2  -1 
2456054.839916 -6.369356 0.169438 -10479.578072 0.266506 -10476.278814 1.381743 -10477.269449 -0.926880 0.266506 -2.308623 0.266506 1.542117   1   2  -1 
2456054.839916 -6.369356 0.169438 -10479.578072 0.266506 -10476.278814 1.381743 -10477.269449 -0.926880 0.266506 -2.308623 0.266506 1.542117   1   2  -1 
2456055.886865 -5.322407 0.200737 -10478.308216 0.254853 -10476.278814 1.263108 -10475.963038 -1.082069 0.254853 -2.345178 0.254853 1.542117   1   2  -1 
2456055.886865 -5.322407 0.200737 -10478.308216 0.254853 -10476.278814 1.263108 -10475.963038 -1.082069 0.254853 -2.345178 0.254853 1.542117   1   2  -1 
2456056.818146 -4.391126 0.228579 -10476.145121 0.446651 -10476.278814 1.111919 -10475.227209 0.194007 0.446651 -0.917912 0.446651 1.542117   1   2  -1 
2456056.818146 -4.391126 0.228579 -10476.145121 0.446651 -10476.278814 1.111919 -10475.227209 0.194007 0.446651 -0.917912 0.446651 1.542117   1   2  -1 
2456056.823714 -4.385558 0.228745 -10476.399813 0.406993 -10476.278814 1.110907 -10475.224262 -0.064644 0.406993 -1.175551 0.406993 1.542117   1   2  -1 
2456056.823714 -4.385558 0.228745 -10476.399813 0.406993 -10476.278814 1.110907 -10475.224262 -0.064644 0.406993 -1.175551 0.406993 1.542117   1   2  -1 
2456078.843392 -15.815474 0.887039 -10475.070920 0.323779 -10476.278814 -0.161118 -10477.144647 1.912610 0.323779 2.073727 0.323779 1.542117   1   2  -1 
2456078.843392 -15.815474 0.887039 -10475.070920 0.323779 -10476.278814 -0.161118 -10477.144647 1.912610 0.323779 2.073727 0.323779 1.542117   1   2  -1 
2456078.849075 -15.809791 0.887209 -10475.406297 0.316487 -10476.278814 -0.159700 -10477.148644 1.582647 0.316487 1.742347 0.316487 1.542117   1   2  -1 
2456078.849075 -15.809791 0.887209 -10475.406297 0.316487 -10476.278814 -0.159700 -10477.148644 1.582647 0.316487 1.742347 0.316487 1.542117   1   2  -1 
2456081.832748 -12.826118 0.976408 -10477.091748 0.398009 -10476.278814 0.630518 -10478.116735 1.655505 0.398009 1.024987 0.398009 1.542117   1   2  -1 
2456081.832748 -12.826118 0.976408 -10477.091748 0.398009 -10476.278814 0.630518 -10478.116735 1.655505 0.398009 1.024987 0.398009 1.542117   1   2  -1 
2456081.838651 -12.820215 0.976585 -10477.350415 0.323723 -10476.278814 0.632066 -10478.112283 1.393933 0.323723 0.761868 0.323723 1.542117   1   2  -1 
2456081.838651 -12.820215 0.976585 -10477.350415 0.323723 -10476.278814 0.632066 -10478.112283 1.393933 0.323723 0.761868 0.323723 1.542117   1   2  -1 
2456085.820521 -8.838345 0.095626 -10474.269371 0.439249 -10476.278814 1.387476 -10473.931479 1.049584 0.439249 -0.337892 0.439249 1.542117   1   2  -1 
2456085.820521 -8.838345 0.095626 -10474.269371 0.439249 -10476.278814 1.387476 -10473.931479 1.049584 0.439249 -0.337892 0.439249 1.542117   1   2  -1 
2456085.826250 -8.832616 0.095797 -10473.694203 0.458936 -10476.278814 1.387943 -10473.928044 1.621784 0.458936 0.233841 0.458936 1.542117   1   2  -1 
2456085.826250 -8.832616 0.095797 -10473.694203 0.458936 -10476.278814 1.387943 -10473.928044 1.621784 0.458936 0.233841 0.458936 1.542117   1   2  -1 
2456088.742747 -5.916119 0.182988 -10472.336592 0.274700 -10476.278814 1.337853 -10472.973335 1.974596 0.274700 0.636743 0.274700 1.542117   1   2  -1 
2456088.742747 -5.916119 0.182988 -10472.336592 0.274700 -10476.278814 1.337853 -10472.973335 1.974596 0.274700 0.636743 0.274700 1.542117   1   2  -1 
2456092.900369 -1.758497 0.307283 -10477.981567 0.314413 -10476.278814 0.542487 -10475.501317 -1.937763 0.314413 -2.480250 0.314413 1.542117   1   2  -1 
2456092.900369 -1.758497 0.307283 -10477.981567 0.314413 -10476.278814 0.542487 -10475.501317 -1.937763 0.314413 -2.480250 0.314413 1.542117   1   2  -1 
2456115.815540 -12.292920 0.992349 -10474.774807 0.388096 -10476.278814 0.767673 -10472.434253 -1.572881 0.388096 -2.340554 0.388096 1.542117   1   2  -1 
2456115.815540 -12.292920 0.992349 -10474.774807 0.388096 -10476.278814 0.767673 -10472.434253 -1.572881 0.388096 -2.340554 0.388096 1.542117   1   2  -1 
2456118.809984 -9.298476 0.081870 -10471.978956 0.256427 -10476.278814 1.342859 -10473.196799 2.560702 0.256427 1.217843 0.256427 1.542117   1   2  -1 
2456118.809984 -9.298476 0.081870 -10471.978956 0.256427 -10476.278814 1.342859 -10473.196799 2.560702 0.256427 1.217843 0.256427 1.542117   1   2  -1 
2456121.820367 -6.288093 0.171867 -10475.055286 0.705930 -10476.278814 1.374764 -10475.199351 1.518829 0.705930 0.144065 0.705930 1.542117   1   2  -1 
2456121.820367 -6.288093 0.171867 -10475.055286 0.705930 -10476.278814 1.374764 -10475.199351 1.518829 0.705930 0.144065 0.705930 1.542117   1   2  -1 
2456149.686124 -11.871930 0.004935 -10478.886301 0.422505 -10476.278814 0.871211 -10476.821738 -1.193352 0.422505 -2.064563 0.422505 1.542117   1   2  -1 
2456149.686124 -11.871930 0.004935 -10478.886301 0.422505 -10476.278814 0.871211 -10476.821738 -1.193352 0.422505 -2.064563 0.422505 1.542117   1   2  -1 
2456154.723489 -6.834565 0.155530 -10473.222066 0.432559 -10476.278814 1.413854 -10474.109038 2.300826 0.432559 0.886972 0.432559 1.542117   1   2  -1 
2456154.723489 -6.834565 0.155530 -10473.222066 0.432559 -10476.278814 1.413854 -10474.109038 2.300826 0.432559 0.886972 0.432559 1.542117   1   2  -1 
2456154.728442 -6.829612 0.155678 -10472.383548 0.640869 -10476.278814 1.413585 -10474.103376 3.133413 0.640869 1.719828 0.640869 1.542117   1   2  -1 
2456154.728442 -6.829612 0.155678 -10472.383548 0.640869 -10476.278814 1.413585 -10474.103376 3.133413 0.640869 1.719828 0.640869 1.542117   1   2  -1 
2456166.527551 4.969497 0.508421 -10482.638275 0.322758 -10476.278814 -0.841734 -10480.052178 -3.427831 0.322758 -2.586097 0.322758 1.542117   1   2  -1 
2456166.527551 4.969497 0.508421 -10482.638275 0.322758 -10476.278814 -0.841734 -10480.052178 -3.427831 0.322758 -2.586097 0.322758 1.542117   1   2  -1 
2456168.609469 7.051415 0.570662 -10483.235121 0.485702 -10476.278814 -1.074475 -10479.877509 -4.432088 0.485702 -3.357612 0.485702 1.542117   1   2  -1 
2456168.609469 7.051415 0.570662 -10483.235121 0.485702 -10476.278814 -1.074475 -10479.877509 -4.432088 0.485702 -3.357612 0.485702 1.542117   1   2  -1 
2456168.615105 7.057051 0.570830 -10482.078140 0.428978 -10476.278814 -1.074941 -10479.870960 -3.282120 0.428978 -2.207180 0.428978 1.542117   1   2  -1 
2456168.615105 7.057051 0.570830 -10482.078140 0.428978 -10476.278814 -1.074941 -10479.870960 -3.282120 0.428978 -2.207180 0.428978 1.542117   1   2  -1 
2456171.510563 9.952509 0.657392 -10477.310953 0.261955 -10476.278814 -1.187478 -10476.510357 -1.988075 0.261955 -0.800596 0.261955 1.542117   1   2  -1 
2456171.510563 9.952509 0.657392 -10477.310953 0.261955 -10476.278814 -1.187478 -10476.510357 -1.988075 0.261955 -0.800596 0.261955 1.542117   1   2  -1 
2456173.694840 12.136786 0.722693 -10472.314153 0.435027 -10476.278814 -1.095012 -10476.062503 2.653339 0.435027 3.748350 0.435027 1.542117   1   2  -1 
2456173.694840 12.136786 0.722693 -10472.314153 0.435027 -10476.278814 -1.095012 -10476.062503 2.653339 0.435027 3.748350 0.435027 1.542117   1   2  -1 
2456181.612869 -13.394779 0.959408 -10475.571527 0.304713 -10476.278814 0.479345 -10478.137985 3.045803 0.304713 2.566458 0.304713 1.542117   1   2  -1 
2456181.612869 -13.394779 0.959408 -10475.571527 0.304713 -10476.278814 0.479345 -10478.137985 3.045803 0.304713 2.566458 0.304713 1.542117   1   2  -1 
2456186.623747 -8.383901 0.109212 -10470.871523 0.269145 -10476.278814 1.417574 -10472.729927 3.275977 0.269145 1.858404 0.269145 1.542117   1   2  -1 
2456186.623747 -8.383901 0.109212 -10470.871523 0.269145 -10476.278814 1.417574 -10472.729927 3.275977 0.269145 1.858404 0.269145 1.542117   1   2  -1 
2456189.666838 -5.340810 0.200187 -10471.752751 0.854916 -10476.278814 1.265699 -10472.700515 2.213463 0.854916 0.947764 0.854916 1.542117   1   2  -1 
2456189.666838 -5.340810 0.200187 -10471.752751 0.854916 -10476.278814 1.265699 -10472.700515 2.213463 0.854916 0.947764 0.854916 1.542117   1   2  -1 
2456190.592865 -4.414783 0.227871 -10474.982002 0.436640 -10476.278814 1.116205 -10473.278585 -0.587212 0.436640 -1.703417 0.436640 1.542117   1   2  -1 
2456190.592865 -4.414783 0.227871 -10474.982002 0.436640 -10476.278814 1.116205 -10473.278585 -0.587212 0.436640 -1.703417 0.436640 1.542117   1   2  -1 
2456190.598548 -4.409100 0.228041 -10475.915820 0.410184 -10476.278814 1.115178 -10473.283029 -1.517614 0.410184 -2.632791 0.410184 1.542117   1   2  -1 
2456190.598548 -4.409100 0.228041 -10475.915820 0.410184 -10476.278814 1.115178 -10473.283029 -1.517614 0.410184 -2.632791 0.410184 1.542117   1   2  -1 
2456195.586272 0.578624 0.377153 -10476.324229 0.455921 -10476.278814 -0.010095 -10476.418641 0.084317 0.455921 0.094412 0.455921 1.542117   1   2  -1 
2456195.586272 0.578624 0.377153 -10476.324229 0.455921 -10476.278814 -0.010095 -10476.418641 0.084317 0.455921 0.094412 0.455921 1.542117   1   2  -1 
2456195.591793 0.584145 0.377318 -10476.833989 0.456503 -10476.278814 -0.011358 -10476.418495 -0.426851 0.456503 -0.415494 0.456503 1.542117   1   2  -1 
2456195.591793 0.584145 0.377318 -10476.833989 0.456503 -10476.278814 -0.011358 -10476.418495 -0.426851 0.456503 -0.415494 0.456503 1.542117   1   2  -1 
2456198.564091 3.556443 0.466177 -10469.851121 0.593173 -10476.278814 -0.619010 -10474.712255 4.242124 0.593173 4.861134 0.593173 1.542117   1   2  -1 
2456198.564091 3.556443 0.466177 -10469.851121 0.593173 -10476.278814 -0.619010 -10474.712255 4.242124 0.593173 4.861134 0.593173 1.542117   1   2  -1 
2456198.569866 3.562218 0.466350 -10469.520142 0.625422 -10476.278814 -0.620018 -10474.708637 4.568477 0.625422 5.188495 0.625422 1.542117   1   2  -1 
2456198.569866 3.562218 0.466350 -10469.520142 0.625422 -10476.278814 -0.620018 -10474.708637 4.568477 0.625422 5.188495 0.625422 1.542117   1   2  -1 
2456204.547188 9.539540 0.645046 -10474.005151 0.390830 -10476.278814 -1.187351 -10475.502999 0.310497 0.390830 1.497848 0.390830 1.542117   1   2  -1 
2456204.547188 9.539540 0.645046 -10474.005151 0.390830 -10476.278814 -1.187351 -10475.502999 0.310497 0.390830 1.497848 0.390830 1.542117   1   2  -1 
2456205.523197 10.515549 0.674225 -10476.331744 0.223735 -10476.278814 -1.178770 -10476.177050 -1.333464 0.223735 -0.154694 0.223735 1.542117   1   2  -1 
2456205.523197 10.515549 0.674225 -10476.331744 0.223735 -10476.278814 -1.178770 -10476.177050 -1.333464 0.223735 -0.154694 0.223735 1.542117   1   2  -1 
2456208.615737 13.608089 0.766678 -10479.274458 0.471028 -10476.278814 -0.941686 -10477.605752 -2.610392 0.471028 -1.668706 0.471028 1.542117   1   2  -1 
2456208.615737 13.608089 0.766678 -10479.274458 0.471028 -10476.278814 -0.941686 -10477.605752 -2.610392 0.471028 -1.668706 0.471028 1.542117   1   2  -1 
2456209.540800 14.533152 0.794334 -10475.726000 0.526879 -10476.278814 -0.807369 -10477.957276 1.423906 0.526879 2.231276 0.526879 1.542117   1   2  -1 
2456209.540800 14.533152 0.794334 -10475.726000 0.526879 -10476.278814 -0.807369 -10477.957276 1.423906 0.526879 2.231276 0.526879 1.542117   1   2  -1 
2456210.532155 15.524507 0.823971 -10475.727704 0.432092 -10476.278814 -0.631800 -10477.569645 1.210141 0.432092 1.841941 0.432092 1.542117   1   2  -1 
2456210.532155 15.524507 0.823971 -10475.727704 0.432092 -10476.278814 -0.631800 -10477.569645 1.210141 0.432092 1.841941 0.432092 1.542117   1   2  -1 
2456212.523498 -15.933744 0.883504 -10470.032065 0.239792 -10476.278814 -0.190465 -10474.347765 4.125234 0.239792 4.315700 0.239792 1.542117   1   2  -1 
2456212.523498 -15.933744 0.883504 -10470.032065 0.239792 -10476.278814 -0.190465 -10474.347765 4.125234 0.239792 4.315700 0.239792 1.542117   1   2  -1 
2456217.523649 -10.933593 0.032987 -10469.768240 0.370476 -10476.278814 1.080430 -10470.532634 1.844825 0.370476 0.764394 0.370476 1.542117   1   2  -1 
2456217.523649 -10.933593 0.032987 -10469.768240 0.370476 -10476.278814 1.080430 -10470.532634 1.844825 0.370476 0.764394 0.370476 1.542117   1   2  -1 
2456217.529482 -10.927760 0.033161 -10468.041405 0.361734 -10476.278814 1.081618 -10470.533078 3.573291 0.361734 2.491673 0.361734 1.542117   1   2  -1 
2456217.529482 -10.927760 0.033161 -10468.041405 0.361734 -10476.278814 1.081618 -10470.533078 3.573291 0.361734 2.491673 0.361734 1.542117   1   2  -1 
2456218.587951 -9.869291 0.064805 -10468.491163 0.391645 -10476.278814 1.268645 -10470.727259 3.504741 0.391645 2.236096 0.391645 1.542117   1   2  -1 
2456218.587951 -9.869291 0.064805 -10468.491163 0.391645 -10476.278814 1.268645 -10470.727259 3.504741 0.391645 2.236096 0.391645 1.542117   1   2  -1 
2456219.500319 -8.956923 0.092081 -10469.245686 0.247828 -10476.278814 1.377321 -10471.097743 3.229377 0.247828 1.852057 0.247828 1.542117   1   2  -1 
2456219.500319 -8.956923 0.092081 -10469.245686 0.247828 -10476.278814 1.377321 -10471.097743 3.229377 0.247828 1.852057 0.247828 1.542117   1   2  -1 
2456220.491327 -7.965915 0.121708 -10472.137625 0.391613 -10476.278814 1.432731 -10471.745944 1.041050 0.391613 -0.391681 0.391613 1.542117   1   2  -1 
2456220.491327 -7.965915 0.121708 -10472.137625 0.391613 -10476.278814 1.432731 -10471.745944 1.041050 0.391613 -0.391681 0.391613 1.542117   1   2  -1 
2456220.514069 -7.943173 0.122388 -10472.572915 0.320320 -10476.278814 1.433210 -10471.763814 0.624109 0.320320 -0.809101 0.320320 1.542117   1   2  -1 
2456220.514069 -7.943173 0.122388 -10472.572915 0.320320 -10476.278814 1.433210 -10471.763814 0.624109 0.320320 -0.809101 0.320320 1.542117   1   2  -1 
2456409.867093 14.161881 0.783234 -10475.673600 0.617333 -10476.278814 -0.864762 -10475.184927 -1.353435 0.617333 -0.488673 0.617333 1.542117   1   2  -1 
2456409.867093 14.161881 0.783234 -10475.673600 0.617333 -10476.278814 -0.864762 -10475.184927 -1.353435 0.617333 -0.488673 0.617333 1.542117   1   2  -1 
2456409.872719 14.167507 0.783402 -10476.137178 0.595203 -10476.278814 -0.863927 -10475.186513 -1.814592 0.595203 -0.950665 0.595203 1.542117   1   2  -1 
2456409.872719 14.167507 0.783402 -10476.137178 0.595203 -10476.278814 -0.863927 -10475.186513 -1.814592 0.595203 -0.950665 0.595203 1.542117   1   2  -1 
2456410.795661 15.090449 0.810994 -10473.625918 3.271074 -10476.278814 -0.712601 -10475.520944 1.182425 3.271074 1.895026 3.271074 1.542117   1   2  -1 
2456410.795661 15.090449 0.810994 -10473.625918 3.271074 -10476.278814 -0.712601 -10475.520944 1.182425 3.271074 1.895026 3.271074 1.542117   1   2  -1 
2456410.804261 15.099049 0.811252 -10469.468381 2.427430 -10476.278814 -0.711058 -10475.524150 5.344711 2.427430 6.055769 2.427430 1.542117   1   2  -1 
2456410.804261 15.099049 0.811252 -10469.468381 2.427430 -10476.278814 -0.711058 -10475.524150 5.344711 2.427430 6.055769 2.427430 1.542117   1   2  -1 
2456416.824768 -12.330038 0.991239 -10472.302186 0.550392 -10476.278814 0.758321 -10471.861966 0.318101 0.550392 -0.440220 0.550392 1.542117   1   2  -1 
2456416.824768 -12.330038 0.991239 -10472.302186 0.550392 -10476.278814 0.758321 -10471.861966 0.318101 0.550392 -0.440220 0.550392 1.542117   1   2  -1 
2456416.828565 -12.326241 0.991353 -10470.986675 0.545862 -10476.278814 0.759279 -10471.861761 1.634365 0.545862 0.875086 0.545862 1.542117   1   2  -1 
2456416.828565 -12.326241 0.991353 -10470.986675 0.545862 -10476.278814 0.759279 -10471.861761 1.634365 0.545862 0.875086 0.545862 1.542117   1   2  -1 
2456416.832443 -12.322363 0.991468 -10471.882453 0.566830 -10476.278814 0.760257 -10471.861565 0.739369 0.566830 -0.020888 0.566830 1.542117   1   2  -1 
2456416.832443 -12.322363 0.991468 -10471.882453 0.566830 -10476.278814 0.760257 -10471.861565 0.739369 0.566830 -0.020888 0.566830 1.542117   1   2  -1 
2456432.884915 3.730109 0.471369 -10474.962361 0.393986 -10476.278814 -0.648990 -10475.223521 -0.387830 0.393986 0.261160 0.393986 1.542117   1   2  -1 
2456432.884915 3.730109 0.471369 -10474.962361 0.393986 -10476.278814 -0.648990 -10475.223521 -0.387830 0.393986 0.261160 0.393986 1.542117   1   2  -1 
2456432.890124 3.735318 0.471525 -10475.372110 0.450803 -10476.278814 -0.649878 -10475.224915 -0.797073 0.450803 -0.147195 0.450803 1.542117   1   2  -1 
2456432.890124 3.735318 0.471525 -10475.372110 0.450803 -10476.278814 -0.649878 -10475.224915 -0.797073 0.450803 -0.147195 0.450803 1.542117   1   2  -1 
2456433.905268 4.750462 0.501873 -10472.852948 0.738644 -10476.278814 -0.810468 -10475.561024 1.897608 0.738644 2.708076 0.738644 1.542117   1   2  -1 
2456433.905268 4.750462 0.501873 -10472.852948 0.738644 -10476.278814 -0.810468 -10475.561024 1.897608 0.738644 2.708076 0.738644 1.542117   1   2  -1 
2456433.910395 4.755589 0.502026 -10474.512391 0.801539 -10476.278814 -0.811214 -10475.563180 0.239574 0.801539 1.050789 0.801539 1.542117   1   2  -1 
2456433.910395 4.755589 0.502026 -10474.512391 0.801539 -10476.278814 -0.811214 -10475.563180 0.239574 0.801539 1.050789 0.801539 1.542117   1   2  -1 
2456434.892458 5.737652 0.531386 -10475.434897 0.484791 -10476.278814 -0.941437 -10476.088885 -0.287449 0.484791 0.653988 0.484791 1.542117   1   2  -1 
2456434.892458 5.737652 0.531386 -10475.434897 0.484791 -10476.278814 -0.941437 -10476.088885 -0.287449 0.484791 0.653988 0.484791 1.542117   1   2  -1 
2456434.898129 5.743323 0.531555 -10474.106533 0.468854 -10476.278814 -0.942115 -10476.092586 1.043938 0.468854 1.986053 0.468854 1.542117   1   2  -1 
2456434.898129 5.743323 0.531555 -10474.106533 0.468854 -10476.278814 -0.942115 -10476.092586 1.043938 0.468854 1.986053 0.468854 1.542117   1   2  -1 
2456437.889188 8.734382 0.620975 -10477.501611 0.400790 -10476.278814 -1.171561 -10478.305053 -0.368120 0.400790 0.803442 0.400790 1.542117   1   2  -1 
2456437.889188 8.734382 0.620975 -10477.501611 0.400790 -10476.278814 -1.171561 -10478.305053 -0.368120 0.400790 0.803442 0.400790 1.542117   1   2  -1 
2456437.894720 8.739914 0.621141 -10477.202903 0.367888 -10476.278814 -1.171739 -10478.307043 -0.067599 0.367888 1.104140 0.367888 1.542117   1   2  -1 
2456437.894720 8.739914 0.621141 -10477.202903 0.367888 -10476.278814 -1.171739 -10478.307043 -0.067599 0.367888 1.104140 0.367888 1.542117   1   2  -1 
2456438.860772 9.705966 0.650021 -10477.416873 0.320407 -10476.278814 -1.188060 -10478.236543 -0.368390 0.320407 0.819670 0.320407 1.542117   1   2  -1 
2456438.860772 9.705966 0.650021 -10477.416873 0.320407 -10476.278814 -1.188060 -10478.236543 -0.368390 0.320407 0.819670 0.320407 1.542117   1   2  -1 
2456441.860316 12.705510 0.739695 -10477.889690 0.423142 -10476.278814 -1.044549 -10474.629132 -4.305106 0.423142 -3.260558 0.423142 1.542117   1   2  -1 
2456441.860316 12.705510 0.739695 -10477.889690 0.423142 -10476.278814 -1.044549 -10474.629132 -4.305106 0.423142 -3.260558 0.423142 1.542117   1   2  -1 
2456454.832361 -7.772039 0.127504 -10475.281861 0.354619 -10476.278814 1.435668 -10475.016956 1.170763 0.354619 -0.264905 0.354619 1.542117   1   2  -1 
2456454.832361 -7.772039 0.127504 -10475.281861 0.354619 -10476.278814 1.435668 -10475.016956 1.170763 0.354619 -0.264905 0.354619 1.542117   1   2  -1 
2456454.837894 -7.766506 0.127669 -10474.118452 0.355826 -10476.278814 1.435714 -10475.010724 2.327986 0.355826 0.892272 0.355826 1.542117   1   2  -1 
2456454.837894 -7.766506 0.127669 -10474.118452 0.355826 -10476.278814 1.435714 -10475.010724 2.327986 0.355826 0.892272 0.355826 1.542117   1   2  -1 
2456467.823190 5.218790 0.515874 -10478.702475 0.627828 -10476.278814 -0.875805 -10477.746041 -1.832239 0.627828 -0.956434 0.627828 1.542117   1   2  -1 
2456467.823190 5.218790 0.515874 -10478.702475 0.627828 -10476.278814 -0.875805 -10477.746041 -1.832239 0.627828 -0.956434 0.627828 1.542117   1   2  -1 
2456467.826929 5.222529 0.515986 -10477.017285 0.556688 -10476.278814 -0.876304 -10477.742059 -0.151530 0.556688 0.724774 0.556688 1.542117   1   2  -1 
2456467.826929 5.222529 0.515986 -10477.017285 0.556688 -10476.278814 -0.876304 -10477.742059 -0.151530 0.556688 0.724774 0.556688 1.542117   1   2  -1 
2456467.830702 5.226302 0.516099 -10477.517838 0.592918 -10476.278814 -0.876806 -10477.738025 -0.656619 0.592918 0.220187 0.592918 1.542117   1   2  -1 
2456467.830702 5.226302 0.516099 -10477.517838 0.592918 -10476.278814 -0.876806 -10477.738025 -0.656619 0.592918 0.220187 0.592918 1.542117   1   2  -1 
2456473.860840 11.256440 0.696374 -10476.447652 0.525661 -10476.278814 -1.151425 -10474.708518 -2.890560 0.525661 -1.739134 0.525661 1.542117   1   2  -1 
2456473.860840 11.256440 0.696374 -10476.447652 0.525661 -10476.278814 -1.151425 -10474.708518 -2.890560 0.525661 -1.739134 0.525661 1.542117   1   2  -1 
2456473.864821 11.260421 0.696493 -10476.577531 0.508451 -10476.278814 -1.151229 -10474.706752 -3.022008 0.508451 -1.870779 0.508451 1.542117   1   2  -1 
2456473.864821 11.260421 0.696493 -10476.577531 0.508451 -10476.278814 -1.151229 -10474.706752 -3.022008 0.508451 -1.870779 0.508451 1.542117   1   2  -1 
2456473.868595 11.264195 0.696606 -10477.152422 0.549460 -10476.278814 -1.151043 -10474.705073 -3.598391 0.549460 -2.447349 0.549460 1.542117   1   2  -1 
2456473.868595 11.264195 0.696606 -10477.152422 0.549460 -10476.278814 -1.151043 -10474.705073 -3.598391 0.549460 -2.447349 0.549460 1.542117   1   2  -1 
2456480.776552 -15.277442 0.903124 -10477.791088 0.498216 -10476.278814 -0.024224 -10477.233279 -0.582033 0.498216 -0.557809 0.498216 1.542117   1   2  -1 
2456480.776552 -15.277442 0.903124 -10477.791088 0.498216 -10476.278814 -0.024224 -10477.233279 -0.582033 0.498216 -0.557809 0.498216 1.542117   1   2  -1 
2456480.782281 -15.271713 0.903295 -10479.026503 0.462663 -10476.278814 -0.022739 -10477.232998 -1.816245 0.462663 -1.793505 0.462663 1.542117   1   2  -1 
2456480.782281 -15.271713 0.903295 -10479.026503 0.462663 -10476.278814 -0.022739 -10477.232998 -1.816245 0.462663 -1.793505 0.462663 1.542117   1   2  -1 
2456481.631506 -14.422488 0.928684 -10479.243238 0.620379 -10476.278814 0.201975 -10476.838494 -2.202769 0.620379 -2.404744 0.620379 1.542117   1   2  -1 
2456481.631506 -14.422488 0.928684 -10479.243238 0.620379 -10476.278814 0.201975 -10476.838494 -2.202769 0.620379 -2.404744 0.620379 1.542117   1   2  -1 
2456481.637189 -14.416805 0.928854 -10479.719427 0.629706 -10476.278814 0.203502 -10476.833420 -2.682504 0.629706 -2.886007 0.629706 1.542117   1   2  -1 
2456481.637189 -14.416805 0.928854 -10479.719427 0.629706 -10476.278814 0.203502 -10476.833420 -2.682504 0.629706 -2.886007 0.629706 1.542117   1   2  -1 
2456501.599929 5.545935 0.525654 -10471.824389 0.315832 -10476.278814 -0.918027 -10473.049030 0.306614 0.315832 1.224641 0.315832 1.542117   1   2  -1 
2456501.599929 5.545935 0.525654 -10471.824389 0.315832 -10476.278814 -0.918027 -10473.049030 0.306614 0.315832 1.224641 0.315832 1.542117   1   2  -1 
2456523.744316 -5.759272 0.187677 -10476.503679 0.283739 -10476.278814 1.319932 -10476.728728 1.544982 0.283739 0.225049 0.283739 1.542117   1   2  -1 
2456523.744316 -5.759272 0.187677 -10476.503679 0.283739 -10476.278814 1.319932 -10476.728728 1.544982 0.283739 0.225049 0.283739 1.542117   1   2  -1 
2456524.691276 -4.812312 0.215987 -10475.914483 0.351566 -10476.278814 1.184942 -10476.644828 1.915286 0.351566 0.730345 0.351566 1.542117   1   2  -1 
2456524.691276 -4.812312 0.215987 -10475.914483 0.351566 -10476.278814 1.184942 -10476.644828 1.915286 0.351566 0.730345 0.351566 1.542117   1   2  -1 
2456524.696693 -4.806895 0.216149 -10476.491657 0.358347 -10476.278814 1.184049 -10476.641129 1.333521 0.358347 0.149472 0.358347 1.542117   1   2  -1 
2456524.696693 -4.806895 0.216149 -10476.491657 0.358347 -10476.278814 1.184049 -10476.641129 1.333521 0.358347 0.149472 0.358347 1.542117   1   2  -1 
2456525.743740 -3.759848 0.247451 -10476.578898 0.318867 -10476.278814 0.990339 -10475.431166 -0.157392 0.318867 -1.147732 0.318867 1.542117   1   2  -1 
2456525.743740 -3.759848 0.247451 -10476.578898 0.318867 -10476.278814 0.990339 -10475.431166 -0.157392 0.318867 -1.147732 0.318867 1.542117   1   2  -1 
2456569.534062 6.580880 0.556595 -10476.206904 0.538465 -10476.278814 -1.032415 -10474.786641 -2.452678 0.538465 -1.420263 0.538465 1.542117   1   2  -1 
2456569.534062 6.580880 0.556595 -10476.206904 0.538465 -10476.278814 -1.032415 -10474.786641 -2.452678 0.538465 -1.420263 0.538465 1.542117   1   2  -1 
2456585.564665 -10.838111 0.035841 -10473.765867 0.427831 -10476.278814 1.099676 -10474.171581 1.505390 0.427831 0.405714 0.427831 1.542117   1   2  -1 
2456585.564665 -10.838111 0.035841 -10473.765867 0.427831 -10476.278814 1.099676 -10474.171581 1.505390 0.427831 0.405714 0.427831 1.542117   1   2  -1 
2456585.568473 -10.834303 0.035955 -10475.180778 0.414412 -10476.278814 1.100435 -10474.167833 0.087489 0.414412 -1.012945 0.414412 1.542117   1   2  -1 
2456585.568473 -10.834303 0.035955 -10475.180778 0.414412 -10476.278814 1.100435 -10474.167833 0.087489 0.414412 -1.012945 0.414412 1.542117   1   2  -1 
2456585.572350 -10.830426 0.036071 -10474.743998 0.423051 -10476.278814 1.101206 -10474.164020 0.521229 0.423051 -0.579978 0.423051 1.542117   1   2  -1 
2456585.572350 -10.830426 0.036071 -10474.743998 0.423051 -10476.278814 1.101206 -10474.164020 0.521229 0.423051 -0.579978 0.423051 1.542117   1   2  -1 
2456586.547688 -9.855088 0.065229 -10474.360620 0.464286 -10476.278814 1.270733 -10473.350880 0.260994 0.464286 -1.009740 0.464286 1.542117   1   2  -1 
2456586.547688 -9.855088 0.065229 -10474.360620 0.464286 -10476.278814 1.270733 -10473.350880 0.260994 0.464286 -1.009740 0.464286 1.542117   1   2  -1 
2456586.551530 -9.851246 0.065344 -10474.580572 0.496503 -10476.278814 1.271296 -10473.348331 0.039055 0.496503 -1.232241 0.496503 1.542117   1   2  -1 
2456586.551530 -9.851246 0.065344 -10474.580572 0.496503 -10476.278814 1.271296 -10473.348331 0.039055 0.496503 -1.232241 0.496503 1.542117   1   2  -1 
2456586.555442 -9.847334 0.065461 -10475.256026 0.515154 -10476.278814 1.271869 -10473.345741 -0.638417 0.515154 -1.910285 0.515154 1.542117   1   2  -1 
2456586.555442 -9.847334 0.065461 -10475.256026 0.515154 -10476.278814 1.271869 -10473.345741 -0.638417 0.515154 -1.910285 0.515154 1.542117   1   2  -1 
2456590.510961 -5.891815 0.183714 -10473.364197 0.683759 -10476.278814 1.335165 -10472.822179 0.793147 0.683759 -0.542018 0.683759 1.542117   1   2  -1 
2456590.510961 -5.891815 0.183714 -10473.364197 0.683759 -10476.278814 1.335165 -10472.822179 0.793147 0.683759 -0.542018 0.683759 1.542117   1   2  -1 
2456590.514943 -5.887833 0.183833 -10471.788641 0.761395 -10476.278814 1.334722 -10472.821974 2.368055 0.761395 1.033333 0.761395 1.542117   1   2  -1 
2456590.514943 -5.887833 0.183833 -10471.788641 0.761395 -10476.278814 1.334722 -10472.821974 2.368055 0.761395 1.033333 0.761395 1.542117   1   2  -1 
2456590.518611 -5.884165 0.183943 -10472.177822 0.643858 -10476.278814 1.334312 -10472.821784 1.978275 0.643858 0.643962 0.643858 1.542117   1   2  -1 
2456590.518611 -5.884165 0.183943 -10472.177822 0.643858 -10476.278814 1.334312 -10472.821784 1.978275 0.643858 0.643962 0.643858 1.542117   1   2  -1 
2456765.917789 2.267043 0.427629 -10478.736988 0.356105 -10476.278814 -0.375614 -10477.762365 -1.350237 0.356105 -0.974623 0.356105 1.542117   1   2  -1 
2456765.917789 2.267043 0.427629 -10478.736988 0.356105 -10476.278814 -0.375614 -10477.762365 -1.350237 0.356105 -0.974623 0.356105 1.542117   1   2  -1 
2456765.923021 2.272275 0.427786 -10479.356033 0.359343 -10476.278814 -0.376671 -10477.766375 -1.966328 0.359343 -1.589658 0.359343 1.542117   1   2  -1 
2456765.923021 2.272275 0.427786 -10479.356033 0.359343 -10476.278814 -0.376671 -10477.766375 -1.966328 0.359343 -1.589658 0.359343 1.542117   1   2  -1 
2456789.854143 -7.246197 0.143224 -10471.510093 0.391560 -10476.278814 1.430683 -10471.220496 1.141086 0.391560 -0.289597 0.391560 1.542117   1   2  -1 
2456789.854143 -7.246197 0.143224 -10471.510093 0.391560 -10476.278814 1.430683 -10471.220496 1.141086 0.391560 -0.289597 0.391560 1.542117   1   2  -1 
2456789.859722 -7.240618 0.143391 -10471.639643 0.405092 -10476.278814 1.430530 -10471.220502 1.011389 0.405092 -0.419141 0.405092 1.542117   1   2  -1 
2456789.859722 -7.240618 0.143391 -10471.639643 0.405092 -10476.278814 1.430530 -10471.220502 1.011389 0.405092 -0.419141 0.405092 1.542117   1   2  -1 
2456806.890179 9.789839 0.652529 -10477.728101 0.424327 -10476.278814 -1.188081 -10476.081694 -2.834489 0.424327 -1.646407 0.424327 1.542117   1   2  -1 
2456806.890179 9.789839 0.652529 -10477.728101 0.424327 -10476.278814 -1.188081 -10476.081694 -2.834489 0.424327 -1.646407 0.424327 1.542117   1   2  -1 
2456829.893363 -0.656572 0.340226 -10474.769093 0.272363 -10476.278814 0.279484 -10473.429164 -1.060445 0.272363 -1.339929 0.272363 1.542117   1   2  -1 
2456829.893363 -0.656572 0.340226 -10474.769093 0.272363 -10476.278814 0.279484 -10473.429164 -1.060445 0.272363 -1.339929 0.272363 1.542117   1   2  -1 
2456857.748704 -6.250825 0.172982 -10473.725387 0.458440 -10476.278814 1.371431 -10472.798038 0.444081 0.458440 -0.927349 0.458440 1.542117   1   2  -1 
2456857.748704 -6.250825 0.172982 -10473.725387 0.458440 -10476.278814 1.371431 -10472.798038 0.444081 0.458440 -0.927349 0.458440 1.542117   1   2  -1 
2456857.754433 -6.245096 0.173153 -10473.163228 0.448012 -10476.278814 1.370911 -10472.795748 1.003431 0.448012 -0.367480 0.448012 1.542117   1   2  -1 
2456857.754433 -6.245096 0.173153 -10473.163228 0.448012 -10476.278814 1.370911 -10472.795748 1.003431 0.448012 -0.367480 0.448012 1.542117   1   2  -1 
2456866.784629 2.785100 0.443117 -10479.134302 0.372433 -10476.278814 -0.477639 -10478.737910 -0.874031 0.372433 -0.396392 0.372433 1.542117   1   2  -1 
2456866.784629 2.785100 0.443117 -10479.134302 0.372433 -10476.278814 -0.477639 -10478.737910 -0.874031 0.372433 -0.396392 0.372433 1.542117   1   2  -1 
2456896.727940 -0.721183 0.338294 -10476.588857 0.526898 -10476.278814 0.294896 -10475.535487 -0.758474 0.526898 -1.053370 0.526898 1.542117   1   2  -1 
2456896.727940 -0.721183 0.338294 -10476.588857 0.526898 -10476.278814 0.294896 -10475.535487 -0.758474 0.526898 -1.053370 0.526898 1.542117   1   2  -1 
2456896.733287 -0.715836 0.338454 -10476.057196 0.651138 -10476.278814 0.293620 -10475.528500 -0.235076 0.651138 -0.528696 0.651138 1.542117   1   2  -1 
2456896.733287 -0.715836 0.338454 -10476.057196 0.651138 -10476.278814 0.293620 -10475.528500 -0.235076 0.651138 -0.528696 0.651138 1.542117   1   2  -1 
2457146.919889 15.323608 0.817965 -10475.918297 0.272209 -10476.278814 -0.669945 -10473.032020 -3.556222 0.272209 -2.886277 0.272209 1.542117   1   2  -1 
2457146.919889 15.323608 0.817965 -10475.918297 0.272209 -10476.278814 -0.669945 -10473.032020 -3.556222 0.272209 -2.886277 0.272209 1.542117   1   2  -1 
2457176.844500 11.798625 0.712583 -10464.313000 0.241278 -10462.039090 -1.119784 -10463.328396 -2.104388 0.241278 -0.984604 0.241278 1.542117   1   3  -1 
2457176.844500 11.798625 0.712583 -10464.313000 0.241278 -10462.039090 -1.119784 -10463.328396 -2.104388 0.241278 -0.984604 0.241278 1.542117   1   3  -1 
2457180.950532 15.904657 0.835336 -10468.297390 0.305748 -10462.039090 -0.556184 -10466.297574 -2.556000 0.305748 -1.999816 0.305748 1.542117   1   3  -1 
2457180.950532 15.904657 0.835336 -10468.297390 0.305748 -10462.039090 -0.556184 -10466.297574 -2.556000 0.305748 -1.999816 0.305748 1.542117   1   3  -1 
2457180.956053 15.910178 0.835501 -10469.641714 0.321155 -10462.039090 -0.555053 -10466.300910 -3.895857 0.321155 -3.340804 0.321155 1.542117   1   3  -1 
2457180.956053 15.910178 0.835501 -10469.641714 0.321155 -10462.039090 -0.555053 -10466.300910 -3.895857 0.321155 -3.340804 0.321155 1.542117   1   3  -1 
2457257.708144 -7.686513 0.130061 -10458.156667 0.478548 -10462.039090 1.436141 -10456.957051 0.236526 0.478548 -1.199616 0.478548 1.542117   1   3  -1 
2457257.708144 -7.686513 0.130061 -10458.156667 0.478548 -10462.039090 1.436141 -10456.957051 0.236526 0.478548 -1.199616 0.478548 1.542117   1   3  -1 
2457257.713815 -7.680842 0.130230 -10458.308869 0.515819 -10462.039090 1.436155 -10456.955382 0.082668 0.515819 -1.353487 0.515819 1.542117   1   3  -1 
2457257.713815 -7.680842 0.130230 -10458.308869 0.515819 -10462.039090 1.436155 -10456.955382 0.082668 0.515819 -1.353487 0.515819 1.542117   1   3  -1 
2457307.523708 8.679457 0.619333 -10460.965808 0.284606 -10462.039090 -1.169747 -10462.153562 0.018008 0.284606 1.187754 0.284606 1.542117   1   3  -1 
2457307.523708 8.679457 0.619333 -10460.965808 0.284606 -10462.039090 -1.169747 -10462.153562 0.018008 0.284606 1.187754 0.284606 1.542117   1   3  -1 
2457307.529113 8.684862 0.619495 -10461.174528 0.295801 -10462.039090 -1.169929 -10462.157158 -0.187299 0.295801 0.982630 0.295801 1.542117   1   3  -1 
2457307.529113 8.684862 0.619495 -10461.174528 0.295801 -10462.039090 -1.169929 -10462.157158 -0.187299 0.295801 0.982630 0.295801 1.542117   1   3  -1 
2457675.588735 8.798949 0.622906 -10454.424591 0.266631 -10462.039090 -1.173575 -10459.108080 3.509914 0.266631 4.683489 0.266631 1.542117   1   3  -1 
2457675.588735 8.798949 0.622906 -10454.424591 0.266631 -10462.039090 -1.173575 -10459.108080 3.509914 0.266631 4.683489 0.266631 1.542117   1   3  -1 
2457879.840329 12.352979 0.729156 -10463.101417 0.420408 -10462.039090 -1.077133 -10464.358827 0.180277 0.420408 1.257410 0.420408 1.542117   1   3  -1 
2457879.840329 12.352979 0.729156 -10463.101417 0.420408 -10462.039090 -1.077133 -10464.358827 0.180277 0.420408 1.257410 0.420408 1.542117   1   3  -1 
2457943.770578 9.384040 0.640397 -10457.458256 0.227044 -10462.039090 -1.185892 -10458.563432 -0.080717 0.227044 1.105176 0.227044 1.542117   1   3  -1 
2457943.770578 9.384040 0.640397 -10457.458256 0.227044 -10462.039090 -1.185892 -10458.563432 -0.080717 0.227044 1.105176 0.227044 1.542117   1   3  -1 
2457968.637355 0.801223 0.383808 -10461.424457 0.383012 -10462.039090 -0.060717 -10462.473372 0.988198 0.383012 1.048915 0.383012 1.542117   1   3  -1 
2457968.637355 0.801223 0.383808 -10461.424457 0.383012 -10462.039090 -0.060717 -10462.473372 0.988198 0.383012 1.048915 0.383012 1.542117   1   3  -1 
2460042.883932 1.172969 0.394921 -10467.619651 0.097183 -10467.684847 -0.143802 -10467.557165 -0.206287 0.097183 -0.062486 0.097183 1.053749   0   1  -1 
2460042.889532 1.178569 0.395089 -10467.826807 0.098837 -10467.684847 -0.145038 -10467.555359 -0.416486 0.098837 -0.271448 0.098837 1.053749   0   1  -1 
2460043.870973 2.160010 0.424430 -10467.810891 0.115769 -10467.684847 -0.353874 -10467.318881 -0.845884 0.115769 -0.492010 0.115769 1.053749   0   1  -1 
2460043.876677 2.165714 0.424600 -10467.827764 0.107743 -10467.684847 -0.355038 -10467.317965 -0.864837 0.107743 -0.509799 0.107743 1.053749   0   1  -1 
2460044.793251 3.082288 0.452002 -10466.216747 0.119007 -10467.684847 -0.533655 -10467.241680 0.491278 0.119007 1.024933 0.119007 1.053749   0   1  -1 
2460044.798982 3.088019 0.452173 -10466.355629 0.118254 -10467.684847 -0.534717 -10467.241667 0.351321 0.118254 0.886038 0.118254 1.053749   0   1  -1 
2460045.773704 4.062741 0.481313 -10468.947680 0.263543 -10467.684847 -0.704426 -10467.332465 -2.319642 0.263543 -1.615215 0.263543 1.053749   0   1  -1 
2460045.779649 4.068686 0.481491 -10468.728031 0.178179 -10467.684847 -0.705393 -10467.333612 -2.099812 0.178179 -1.394419 0.178179 1.053749   0   1  -1 
2460046.786658 5.075695 0.511596 -10466.718679 0.108298 -10467.684847 -0.856447 -10467.635490 0.060364 0.108298 0.916811 0.108298 1.053749   0   1  -1 
2460046.792204 5.081241 0.511762 -10467.571100 0.100449 -10467.684847 -0.857207 -10467.637736 -0.790571 0.100449 0.066636 0.100449 1.053749   0   1  -1 
2460047.789500 6.078537 0.541577 -10468.079684 0.107918 -10467.684847 -0.980590 -10468.136458 -0.923816 0.107918 0.056774 0.107918 1.053749   0   1  -1 
2460047.795047 6.084084 0.541743 -10468.412170 0.104000 -10467.684847 -0.981201 -10468.139718 -1.253653 0.104000 -0.272452 0.104000 1.053749   0   1  -1 
2460048.783364 7.072401 0.571289 -10468.577566 0.129590 -10467.684847 -1.076203 -10468.789409 -0.864360 0.129590 0.211843 0.129590 1.053749   0   1  -1 
2460048.789012 7.078049 0.571458 -10468.027070 0.120793 -10467.684847 -1.076666 -10468.793465 -0.310271 0.120793 0.766395 0.120793 1.053749   0   1  -1 
2460049.801102 8.090139 0.601715 -10468.921797 0.111941 -10467.684847 -1.144451 -10469.565707 -0.500541 0.111941 0.643910 0.111941 1.053749   0   1  -1 
2460049.806533 8.095570 0.601877 -10469.044553 0.118675 -10467.684847 -1.144732 -10469.570051 -0.619234 0.118675 0.525498 0.118675 1.053749   0   1  -1 
2460050.776767 9.065804 0.630883 -10470.880979 0.110463 -10467.684847 -1.180524 -10470.366192 -1.695311 0.110463 -0.514787 0.110463 1.053749   0   1  -1 
2460050.782471 9.071508 0.631054 -10470.587932 0.106168 -10467.684847 -1.180648 -10470.370942 -1.397638 0.106168 -0.216990 0.106168 1.053749   0   1  -1 
2460068.823617 -6.336940 0.170407 -10467.442048 0.125458 -10467.684847 1.379007 -10468.553509 2.490467 0.125458 1.111461 0.125458 1.053749   0   1  -1 
2460068.829253 -6.331304 0.170576 -10468.177705 0.157911 -10467.684847 1.378524 -10468.550313 1.751133 0.157911 0.372608 0.157911 1.053749   0   1  -1 
2460073.775251 -1.385306 0.318440 -10468.691416 0.136518 -10467.684847 0.453638 -10467.768548 -0.469230 0.136518 -0.922868 0.136518 1.053749   0   1  -1 
2460073.780774 -1.379783 0.318605 -10468.532442 0.124641 -10467.684847 0.452319 -10467.769119 -0.311005 0.124641 -0.763323 0.124641 1.053749   0   1  -1 
2460076.728213 1.567656 0.406721 -10468.677012 0.126723 -10467.684847 -0.229771 -10468.126684 -0.780099 0.126723 -0.550328 0.126723 1.053749   0   1  -1 
2460076.733797 1.573240 0.406888 -10468.420636 0.121235 -10467.684847 -0.230970 -10468.128043 -0.523563 0.121235 -0.292593 0.121235 1.053749   0   1  -1 
2460077.755001 2.594444 0.437417 -10469.796842 0.156253 -10467.684847 -0.440723 -10468.440433 -1.797132 0.156253 -1.356409 0.156253 1.053749   0   1  -1 
2460077.760768 2.600211 0.437590 -10469.832216 0.150546 -10467.684847 -0.441850 -10468.442589 -1.831477 0.150546 -1.389627 0.150546 1.053749   0   1  -1 
2460078.818364 3.657807 0.469207 -10470.121344 0.118065 -10467.684847 -0.636593 -10468.938564 -1.819374 0.118065 -1.182780 0.118065 1.053749   0   1  -1 
2460078.823976 3.663419 0.469375 -10470.631326 0.115757 -10467.684847 -0.637560 -10468.941832 -2.327054 0.115757 -1.689494 0.115757 1.053749   0   1  -1 
2460079.846559 4.686002 0.499946 -10469.784428 0.112864 -10467.684847 -0.801033 -10469.681119 -0.904341 0.112864 -0.103309 0.112864 1.053749   0   1  -1 
2460079.852048 4.691491 0.500110 -10469.613740 0.114319 -10467.684847 -0.801840 -10469.685884 -0.729697 0.114319 0.072144 0.114319 1.053749   0   1  -1 
2460080.730235 5.569678 0.526364 -10469.772583 0.121764 -10467.684847 -0.920980 -10470.527792 -0.165771 0.121764 0.755209 0.121764 1.053749   0   1  -1 
2460080.735864 5.575307 0.526532 -10469.610615 0.112383 -10467.684847 -0.921678 -10470.533456 0.001163 0.112383 0.922841 0.112383 1.053749   0   1  -1 
2460082.755256 7.594699 0.586904 -10469.121371 0.143393 -10467.684847 -1.115058 -10471.413041 1.176612 0.143393 2.291670 0.143393 1.053749   0   1  -1 
2460082.760842 7.600285 0.587071 -10468.518798 0.129661 -10467.684847 -1.115430 -10471.409188 1.774959 0.129661 2.890390 0.129661 1.053749   0   1  -1 
2460085.681985 10.521428 0.674400 -10469.405639 0.182782 -10467.684847 -1.178625 -10465.920692 -4.663572 0.182782 -3.484947 0.182782 1.053749   0   1  -1 
2460085.687655 10.527098 0.674570 -10468.302871 0.192173 -10467.684847 -1.178483 -10465.910105 -3.571249 0.192173 -2.392766 0.192173 1.053749   0   1  -1 
2460086.748603 11.588046 0.706288 -10463.771857 0.096592 -10467.684847 -1.133251 -10464.430366 -0.474742 0.096592 0.658509 0.096592 1.053749   0   1  -1 
2460086.754324 11.593767 0.706459 -10464.310069 0.104158 -10467.684847 -1.132905 -10464.425479 -1.017495 0.104158 0.115410 0.104158 1.053749   0   1  -1 
2460199.601214 -9.357719 0.080099 -10467.857782 0.194625 -10467.684847 1.336108 -10468.924345 2.402671 0.194625 1.066563 0.194625 1.053749   0   1  -1 
2460199.607025 -9.351908 0.080272 -10469.302924 0.190719 -10467.684847 1.336780 -10468.914469 0.948326 0.190719 -0.388455 0.190719 1.053749   0   1  -1 
2460201.515076 -7.443857 0.137315 -10466.554990 0.136306 -10467.684847 1.434760 -10466.711803 1.591573 0.136306 0.156813 0.136306 1.053749   0   1  -1 
2460201.520627 -7.438306 0.137481 -10466.389365 0.147106 -10467.684847 1.434681 -10466.708373 1.753689 0.147106 0.319008 0.147106 1.053749   0   1  -1 
2460202.533617 -6.425316 0.167765 -10465.659465 0.116368 -10467.684847 1.386317 -10466.300988 2.027840 0.116368 0.641523 0.116368 1.053749   0   1  -1 
2460202.539273 -6.419660 0.167934 -10465.508485 0.110234 -10467.684847 1.385863 -10466.299756 2.177134 0.110234 0.791271 0.110234 1.053749   0   1  -1 
2460203.571018 -5.387915 0.198779 -10465.844882 0.168626 -10467.684847 1.272252 -10466.214737 1.642108 0.168626 0.369855 0.168626 1.053749   0   1  -1 
2460203.577196 -5.381737 0.198964 -10465.648256 0.180164 -10467.684847 1.271399 -10466.214961 1.838104 0.180164 0.566705 0.180164 1.053749   0   1  -1 
2460204.530857 -4.428076 0.227474 -10467.427115 0.098515 -10467.684847 1.118605 -10466.342502 0.033991 0.098515 -1.084613 0.098515 1.053749   0   1  -1 
2460204.536387 -4.422546 0.227639 -10466.800940 0.104273 -10467.684847 1.117608 -10466.343785 0.660453 0.104273 -0.457155 0.104273 1.053749   0   1  -1 
2460205.516019 -3.442914 0.256926 -10468.149301 0.122140 -10467.684847 0.924700 -10466.676142 -0.548459 0.122140 -1.473159 0.122140 1.053749   0   1  -1 
2460205.521490 -3.437443 0.257090 -10467.759986 0.108265 -10467.684847 0.923544 -10466.678593 -0.157850 0.108265 -1.081393 0.108265 1.053749   0   1  -1 
2460206.534104 -2.424829 0.287362 -10467.984215 0.123507 -10467.684847 0.698630 -10467.236047 -0.049539 0.123507 -0.748168 0.123507 1.053749   0   1  -1 
2460206.539634 -2.419299 0.287528 -10467.395836 0.112931 -10467.684847 0.697353 -10467.239584 0.541101 0.112931 -0.156252 0.112931 1.053749   0   1  -1 
2460208.612713 -0.346220 0.349504 -10467.863703 0.119086 -10467.684847 0.205695 -10468.642232 0.984224 0.119086 0.778529 0.119086 1.053749   0   1  -1 
2460208.618030 -0.340903 0.349663 -10468.124237 0.122661 -10467.684847 0.204435 -10468.645411 0.725609 0.122661 0.521174 0.122661 1.053749   0   1  -1 
2460209.504007 0.545074 0.376150 -10468.350357 0.247406 -10467.684847 -0.002413 -10469.078338 0.725568 0.247406 0.727981 0.247406 1.053749   0   1  -1 
2460209.509978 0.551045 0.376328 -10468.742438 0.220522 -10467.684847 -0.003781 -10469.080427 0.334207 0.220522 0.337989 0.220522 1.053749   0   1  -1 
2460210.587394 1.628461 0.408539 -10468.232795 0.137683 -10467.684847 -0.242793 -10469.157736 0.682148 0.137683 0.924941 0.137683 1.053749   0   1  -1 
2460210.593026 1.634093 0.408707 -10467.916827 0.147704 -10467.684847 -0.243996 -10469.156166 0.995343 0.147704 1.239339 0.147704 1.053749   0   1  -1 
2460211.516295 2.557362 0.436309 -10469.090653 0.190231 -10467.684847 -0.433456 -10468.557507 -0.966602 0.190231 -0.533146 0.190231 1.053749   0   1  -1 
2460211.522268 2.563335 0.436487 -10468.782398 0.153085 -10467.684847 -0.434628 -10468.551553 -0.665473 0.153085 -0.230845 0.153085 1.053749   0   1  -1 
