# time Tc_folded Tref_folded value value_err offset model full_model val_compare val_compare_err residuals residuals_err jitter jitter_flag offset_flag subset_flag 
2455480.529186 0.000000 0.000000 -10482.960657 0.485677 -10476.278814 -2.486213 -10480.478253 -4.968617 0.485677 -2.482404 0.485677 1.542117   1   2  -1 
2455480.529186 0.000000 0.000000 -10482.960657 0.485677 -10476.278814 -2.486213 -10480.478253 -4.968617 0.485677 -2.482404 0.485677 1.542117   1   2  -1 
2455480.532970 0.000000 0.000000 -10481.678693 0.440084 -10476.278814 -2.485072 -10480.478235 -3.685530 0.440084 -1.200458 0.440084 1.542117   1   2  -1 
2455480.532970 0.000000 0.000000 -10481.678693 0.440084 -10476.278814 -2.485072 -10480.478235 -3.685530 0.440084 -1.200458 0.440084 1.542117   1   2  -1 
2455480.536778 0.000000 0.000000 -10480.431449 0.465046 -10476.278814 -2.483927 -10480.478211 -2.437165 0.465046 0.046762 0.465046 1.542117   1   2  -1 
2455480.536778 0.000000 0.000000 -10480.431449 0.465046 -10476.278814 -2.483927 -10480.478211 -2.437165 0.465046 0.046762 0.465046 1.542117   1   2  -1 
2455482.554786 0.000000 0.000000 -10476.128743 0.353905 -10476.278814 -2.077909 -10478.812374 0.605722 0.353905 2.683631 0.353905 1.542117   1   2  -1 
2455482.554786 0.000000 0.000000 -10476.128743 0.353905 -10476.278814 -2.077909 -10478.812374 0.605722 0.353905 2.683631 0.353905 1.542117   1   2  -1 
2455484.542056 0.000000 0.000000 -10475.755433 0.514319 -10476.278814 -1.697426 -10475.879159 -1.573700 0.514319 0.123726 0.514319 1.542117   1   2  -1 
2455484.542056 0.000000 0.000000 -10475.755433 0.514319 -10476.278814 -1.697426 -10475.879159 -1.573700 0.514319 0.123726 0.514319 1.542117   1   2  -1 
2455484.545828 0.000000 0.000000 -10473.332240 0.532707 -10476.278814 -1.697108 -10475.875405 0.846057 0.532707 2.543165 0.532707 1.542117   1   2  -1 
2455484.545828 0.000000 0.000000 -10473.332240 0.532707 -10476.278814 -1.697108 -10475.875405 0.846057 0.532707 2.543165 0.532707 1.542117   1   2  -1 
2455484.549671 0.000000 0.000000 -10474.438386 0.508347 -10476.278814 -1.696787 -10475.871590 -0.263583 0.508347 1.433204 0.508347 1.542117   1   2  -1 
2455484.549671 0.000000 0.000000 -10474.438386 0.508347 -10476.278814 -1.696787 -10475.871590 -0.263583 0.508347 1.433204 0.508347 1.542117   1   2  -1 
2455485.527184 0.000000 0.000000 -10473.605978 0.432034 -10476.278814 -1.726074 -10475.230861 -0.101191 0.432034 1.624883 0.432034 1.542117   1   2  -1 
2455485.527184 0.000000 0.000000 -10473.605978 0.432034 -10476.278814 -1.726074 -10475.230861 -0.101191 0.432034 1.624883 0.432034 1.542117   1   2  -1 
2455485.532971 0.000000 0.000000 -10471.997247 0.445706 -10476.278814 -1.726925 -10475.228974 1.504802 0.445706 3.231727 0.445706 1.542117   1   2  -1 
2455485.532971 0.000000 0.000000 -10471.997247 0.445706 -10476.278814 -1.726925 -10475.228974 1.504802 0.445706 3.231727 0.445706 1.542117   1   2  -1 
2455487.543214 0.000000 0.000000 -10473.844627 0.404437 -10476.278814 -2.250543 -10475.500660 -0.594510 0.404437 1.656033 0.404437 1.542117   1   2  -1 
2455487.543214 0.000000 0.000000 -10473.844627 0.404437 -10476.278814 -2.250543 -10475.500660 -0.594510 0.404437 1.656033 0.404437 1.542117   1   2  -1 
2455487.548897 0.000000 0.000000 -10473.904015 0.401767 -10476.278814 -2.251818 -10475.502901 -0.652932 0.401767 1.598886 0.401767 1.542117   1   2  -1 
2455487.548897 0.000000 0.000000 -10473.904015 0.401767 -10476.278814 -2.251818 -10475.502901 -0.652932 0.401767 1.598886 0.401767 1.542117   1   2  -1 
2455493.544252 0.000000 0.000000 -10479.814585 0.396600 -10476.278814 -1.909159 -10479.766041 -1.957702 0.396600 -0.048544 0.396600 1.542117   1   2  -1 
2455493.544252 0.000000 0.000000 -10479.814585 0.396600 -10476.278814 -1.909159 -10479.766041 -1.957702 0.396600 -0.048544 0.396600 1.542117   1   2  -1 
2455493.550478 0.000000 0.000000 -10480.900282 0.405220 -10476.278814 -1.910405 -10479.774789 -3.035897 0.405220 -1.125493 0.405220 1.542117   1   2  -1 
2455493.550478 0.000000 0.000000 -10480.900282 0.405220 -10476.278814 -1.910405 -10479.774789 -3.035897 0.405220 -1.125493 0.405220 1.542117   1   2  -1 
2455495.535877 0.000000 0.000000 -10480.826331 0.401246 -10476.278814 -2.297409 -10481.797562 -1.326178 0.401246 0.971231 0.401246 1.542117   1   2  -1 
2455495.535877 0.000000 0.000000 -10480.826331 0.401246 -10476.278814 -2.297409 -10481.797562 -1.326178 0.401246 0.971231 0.401246 1.542117   1   2  -1 
2455495.541664 0.000000 0.000000 -10480.647538 0.425418 -10476.278814 -2.298525 -10481.799007 -1.147056 0.425418 1.151469 0.425418 1.542117   1   2  -1 
2455495.541664 0.000000 0.000000 -10480.647538 0.425418 -10476.278814 -2.298525 -10481.799007 -1.147056 0.425418 1.151469 0.425418 1.542117   1   2  -1 
2455498.517820 0.000000 0.000000 -10479.650410 0.663846 -10476.278814 -3.292657 -10480.169790 -2.773278 0.663846 0.519380 0.663846 1.542117   1   2  -1 
2455498.517820 0.000000 0.000000 -10479.650410 0.663846 -10476.278814 -3.292657 -10480.169790 -2.773278 0.663846 0.519380 0.663846 1.542117   1   2  -1 
2455498.523445 0.000000 0.000000 -10478.978096 0.600098 -10476.278814 -3.295164 -10480.167247 -2.106013 0.600098 1.189151 0.600098 1.542117   1   2  -1 
2455498.523445 0.000000 0.000000 -10478.978096 0.600098 -10476.278814 -3.295164 -10480.167247 -2.106013 0.600098 1.189151 0.600098 1.542117   1   2  -1 
2455500.544007 0.000000 0.000000 -10479.588979 0.341836 -10476.278814 -3.964717 -10479.740691 -3.813005 0.341836 0.151712 0.341836 1.542117   1   2  -1 
2455500.544007 0.000000 0.000000 -10479.588979 0.341836 -10476.278814 -3.964717 -10479.740691 -3.813005 0.341836 0.151712 0.341836 1.542117   1   2  -1 
2455500.549389 0.000000 0.000000 -10479.646223 0.372174 -10476.278814 -3.965622 -10479.740327 -3.871518 0.372174 0.094104 0.372174 1.542117   1   2  -1 
2455500.549389 0.000000 0.000000 -10479.646223 0.372174 -10476.278814 -3.965622 -10479.740327 -3.871518 0.372174 0.094104 0.372174 1.542117   1   2  -1 
2455501.547102 0.000000 0.000000 -10479.228913 0.302659 -10476.278814 -4.069534 -10479.721370 -3.577077 0.302659 0.492457 0.302659 1.542117   1   2  -1 
2455501.547102 0.000000 0.000000 -10479.228913 0.302659 -10476.278814 -4.069534 -10479.721370 -3.577077 0.302659 0.492457 0.302659 1.542117   1   2  -1 
2455501.552738 0.000000 0.000000 -10480.110772 0.289222 -10476.278814 -4.069878 -10479.721595 -4.459055 0.289222 -0.389177 0.289222 1.542117   1   2  -1 
2455501.552738 0.000000 0.000000 -10480.110772 0.289222 -10476.278814 -4.069878 -10479.721595 -4.459055 0.289222 -0.389177 0.289222 1.542117   1   2  -1 
2455505.514789 0.000000 0.000000 -10479.788974 0.344263 -10476.278814 -4.482381 -10481.253297 -3.018058 0.344263 1.464323 0.344263 1.542117   1   2  -1 
2455505.514789 0.000000 0.000000 -10479.788974 0.344263 -10476.278814 -4.482381 -10481.253297 -3.018058 0.344263 1.464323 0.344263 1.542117   1   2  -1 
2455505.520425 0.000000 0.000000 -10479.398339 0.340728 -10476.278814 -4.482347 -10481.256463 -2.624223 0.340728 1.858124 0.340728 1.542117   1   2  -1 
2455505.520425 0.000000 0.000000 -10479.398339 0.340728 -10476.278814 -4.482347 -10481.256463 -2.624223 0.340728 1.858124 0.340728 1.542117   1   2  -1 
2455507.517142 0.000000 0.000000 -10482.165859 0.264981 -10476.278814 -4.097360 -10482.280163 -3.983056 0.264981 0.114304 0.264981 1.542117   1   2  -1 
2455507.517142 0.000000 0.000000 -10482.165859 0.264981 -10476.278814 -4.097360 -10482.280163 -3.983056 0.264981 0.114304 0.264981 1.542117   1   2  -1 
2455507.522824 0.000000 0.000000 -10483.868821 0.270208 -10476.278814 -4.095513 -10482.282885 -5.681449 0.270208 -1.585936 0.270208 1.542117   1   2  -1 
2455507.522824 0.000000 0.000000 -10483.868821 0.270208 -10476.278814 -4.095513 -10482.282885 -5.681449 0.270208 -1.585936 0.270208 1.542117   1   2  -1 
2455509.518050 0.000000 0.000000 -10482.136940 0.380261 -10476.278814 -3.504974 -10482.808188 -2.833726 0.380261 0.671248 0.380261 1.542117   1   2  -1 
2455509.518050 0.000000 0.000000 -10482.136940 0.380261 -10476.278814 -3.504974 -10482.808188 -2.833726 0.380261 0.671248 0.380261 1.542117   1   2  -1 
2455509.523524 0.000000 0.000000 -10481.842165 0.354765 -10476.278814 -3.503745 -10482.806706 -2.539204 0.354765 0.964541 0.354765 1.542117   1   2  -1 
2455509.523524 0.000000 0.000000 -10481.842165 0.354765 -10476.278814 -3.503745 -10482.806706 -2.539204 0.354765 0.964541 0.354765 1.542117   1   2  -1 
2455511.516449 0.000000 0.000000 -10481.051242 0.398498 -10476.278814 -3.101091 -10480.403986 -3.748347 0.398498 -0.647256 0.398498 1.542117   1   2  -1 
2455511.516449 0.000000 0.000000 -10481.051242 0.398498 -10476.278814 -3.101091 -10480.403986 -3.748347 0.398498 -0.647256 0.398498 1.542117   1   2  -1 
2455511.521935 0.000000 0.000000 -10481.318563 0.396662 -10476.278814 -3.099820 -10480.393950 -4.024433 0.396662 -0.924613 0.396662 1.542117   1   2  -1 
2455511.521935 0.000000 0.000000 -10481.318563 0.396662 -10476.278814 -3.099820 -10480.393950 -4.024433 0.396662 -0.924613 0.396662 1.542117   1   2  -1 
2455513.504562 0.000000 0.000000 -10476.804338 0.418335 -10476.278814 -2.522675 -10477.112866 -2.214147 0.418335 0.308528 0.418335 1.542117   1   2  -1 
2455513.504562 0.000000 0.000000 -10476.804338 0.418335 -10476.278814 -2.522675 -10477.112866 -2.214147 0.418335 0.308528 0.418335 1.542117   1   2  -1 
2455513.510244 0.000000 0.000000 -10476.668251 0.441085 -10476.278814 -2.520805 -10477.105377 -2.083679 0.441085 0.437126 0.441085 1.542117   1   2  -1 
2455513.510244 0.000000 0.000000 -10476.668251 0.441085 -10476.278814 -2.520805 -10477.105377 -2.083679 0.441085 0.437126 0.441085 1.542117   1   2  -1 
2455514.505835 0.000000 0.000000 -10478.206203 0.335906 -10476.278814 -2.183983 -10475.976514 -4.413672 0.335906 -2.229689 0.335906 1.542117   1   2  -1 
2455514.505835 0.000000 0.000000 -10478.206203 0.335906 -10476.278814 -2.183983 -10475.976514 -4.413672 0.335906 -2.229689 0.335906 1.542117   1   2  -1 
2455514.511356 0.000000 0.000000 -10477.524806 0.341716 -10476.278814 -2.182037 -10475.971181 -3.735662 0.341716 -1.553625 0.341716 1.542117   1   2  -1 
2455514.511356 0.000000 0.000000 -10477.524806 0.341716 -10476.278814 -2.182037 -10475.971181 -3.735662 0.341716 -1.553625 0.341716 1.542117   1   2  -1 
2455519.503938 0.000000 0.000000 -10474.517329 0.516685 -10476.278814 0.389293 -10473.774869 -0.353167 0.516685 -0.742460 0.516685 1.542117   1   2  -1 
2455519.503938 0.000000 0.000000 -10474.517329 0.516685 -10476.278814 0.389293 -10473.774869 -0.353167 0.516685 -0.742460 0.516685 1.542117   1   2  -1 
2455519.508811 0.000000 0.000000 -10473.971305 0.498073 -10476.278814 0.390098 -10473.777450 0.196243 0.498073 -0.193855 0.498073 1.542117   1   2  -1 
2455519.508811 0.000000 0.000000 -10473.971305 0.498073 -10476.278814 0.390098 -10473.777450 0.196243 0.498073 -0.193855 0.498073 1.542117   1   2  -1 
2455523.508036 0.000000 0.000000 -10476.567096 0.414917 -10476.278814 -0.506866 -10478.667976 1.594014 0.414917 2.100880 0.414917 1.542117   1   2  -1 
2455523.508036 0.000000 0.000000 -10476.567096 0.414917 -10476.278814 -0.506866 -10478.667976 1.594014 0.414917 2.100880 0.414917 1.542117   1   2  -1 
2455523.513036 0.000000 0.000000 -10476.426565 0.432885 -10476.278814 -0.506619 -10478.671156 1.737972 0.432885 2.244591 0.432885 1.542117   1   2  -1 
2455523.513036 0.000000 0.000000 -10476.426565 0.432885 -10476.278814 -0.506619 -10478.671156 1.737972 0.432885 2.244591 0.432885 1.542117   1   2  -1 
2455524.521481 0.000000 0.000000 -10476.409103 0.333974 -10476.278814 -0.387748 -10478.753710 1.956859 0.333974 2.344607 0.333974 1.542117   1   2  -1 
2455524.521481 0.000000 0.000000 -10476.409103 0.333974 -10476.278814 -0.387748 -10478.753710 1.956859 0.333974 2.344607 0.333974 1.542117   1   2  -1 
2455524.526446 0.000000 0.000000 -10475.818731 0.339194 -10476.278814 -0.387159 -10478.751477 2.545586 0.339194 2.932746 0.339194 1.542117   1   2  -1 
2455524.526446 0.000000 0.000000 -10475.818731 0.339194 -10476.278814 -0.387159 -10478.751477 2.545586 0.339194 2.932746 0.339194 1.542117   1   2  -1 
2455653.900831 0.000000 0.000000 -10479.122782 0.372304 -10476.278814 -1.200338 -10477.997898 -2.325222 0.372304 -1.124884 0.372304 1.542117   1   2  -1 
2455653.900831 0.000000 0.000000 -10479.122782 0.372304 -10476.278814 -1.200338 -10477.997898 -2.325222 0.372304 -1.124884 0.372304 1.542117   1   2  -1 
2455653.906410 0.000000 0.000000 -10477.502514 0.368097 -10476.278814 -1.201374 -10477.992889 -0.710998 0.368097 0.490375 0.368097 1.542117   1   2  -1 
2455653.906410 0.000000 0.000000 -10477.502514 0.368097 -10476.278814 -1.201374 -10477.992889 -0.710998 0.368097 0.490375 0.368097 1.542117   1   2  -1 
2455654.900357 0.000000 0.000000 -10477.529507 0.407058 -10476.278814 -1.414139 -10477.050366 -1.893281 0.407058 -0.479141 0.407058 1.542117   1   2  -1 
2455654.900357 0.000000 0.000000 -10477.529507 0.407058 -10476.278814 -1.414139 -10477.050366 -1.893281 0.407058 -0.479141 0.407058 1.542117   1   2  -1 
2455654.905936 0.000000 0.000000 -10476.951630 0.365708 -10476.278814 -1.415404 -10477.045374 -1.321660 0.365708 0.093744 0.365708 1.542117   1   2  -1 
2455654.905936 0.000000 0.000000 -10476.951630 0.365708 -10476.278814 -1.415404 -10477.045374 -1.321660 0.365708 0.093744 0.365708 1.542117   1   2  -1 
2455657.909222 0.000000 0.000000 -10477.608535 0.302855 -10476.278814 -2.000002 -10476.011676 -3.596862 0.302855 -1.596859 0.302855 1.542117   1   2  -1 
2455657.909222 0.000000 0.000000 -10477.608535 0.302855 -10476.278814 -2.000002 -10476.011676 -3.596862 0.302855 -1.596859 0.302855 1.542117   1   2  -1 
2455657.914813 0.000000 0.000000 -10478.050098 0.315866 -10476.278814 -2.000946 -10476.012590 -4.038454 0.315866 -2.037508 0.315866 1.542117   1   2  -1 
2455657.914813 0.000000 0.000000 -10478.050098 0.315866 -10476.278814 -2.000946 -10476.012590 -4.038454 0.315866 -2.037508 0.315866 1.542117   1   2  -1 
2455659.907949 0.000000 0.000000 -10477.046490 0.384743 -10476.278814 -2.367825 -10476.824677 -2.589638 0.384743 -0.221813 0.384743 1.542117   1   2  -1 
2455659.907949 0.000000 0.000000 -10477.046490 0.384743 -10476.278814 -2.367825 -10476.824677 -2.589638 0.384743 -0.221813 0.384743 1.542117   1   2  -1 
2455659.913540 0.000000 0.000000 -10478.198534 0.401510 -10476.278814 -2.369066 -10476.828257 -3.739342 0.401510 -1.370277 0.401510 1.542117   1   2  -1 
2455659.913540 0.000000 0.000000 -10478.198534 0.401510 -10476.278814 -2.369066 -10476.828257 -3.739342 0.401510 -1.370277 0.401510 1.542117   1   2  -1 
2455660.901884 0.000000 0.000000 -10478.330760 0.251174 -10476.278814 -2.627434 -10477.581179 -3.377015 0.251174 -0.749581 0.251174 1.542117   1   2  -1 
2455660.901884 0.000000 0.000000 -10478.330760 0.251174 -10476.278814 -2.627434 -10477.581179 -3.377015 0.251174 -0.749581 0.251174 1.542117   1   2  -1 
2455662.902485 0.000000 0.000000 -10478.461597 0.474458 -10476.278814 -3.418117 -10479.846428 -2.033286 0.474458 1.384831 0.474458 1.542117   1   2  -1 
2455662.902485 0.000000 0.000000 -10478.461597 0.474458 -10476.278814 -3.418117 -10479.846428 -2.033286 0.474458 1.384831 0.474458 1.542117   1   2  -1 
2455662.908180 0.000000 0.000000 -10479.019990 0.454621 -10476.278814 -3.420606 -10479.854028 -2.586568 0.454621 0.834038 0.454621 1.542117   1   2  -1 
2455662.908180 0.000000 0.000000 -10479.019990 0.454621 -10476.278814 -3.420606 -10479.854028 -2.586568 0.454621 0.834038 0.454621 1.542117   1   2  -1 
2455663.839263 0.000000 0.000000 -10481.021871 0.868606 -10476.278814 -3.785973 -10481.124098 -3.683746 0.868606 0.102227 0.868606 1.542117   1   2  -1 
2455663.839263 0.000000 0.000000 -10481.021871 0.868606 -10476.278814 -3.785973 -10481.124098 -3.683746 0.868606 0.102227 0.868606 1.542117   1   2  -1 
2455672.897729 0.000000 0.000000 -10477.289791 0.326960 -10476.278814 -3.683349 -10479.168685 -1.804455 0.326960 1.878894 0.326960 1.542117   1   2  -1 
2455672.897729 0.000000 0.000000 -10477.289791 0.326960 -10476.278814 -3.683349 -10479.168685 -1.804455 0.326960 1.878894 0.326960 1.542117   1   2  -1 
2455672.902775 0.000000 0.000000 -10477.128218 0.300639 -10476.278814 -3.683915 -10479.168324 -1.643808 0.300639 2.040106 0.300639 1.542117   1   2  -1 
2455672.902775 0.000000 0.000000 -10477.128218 0.300639 -10476.278814 -3.683915 -10479.168324 -1.643808 0.300639 2.040106 0.300639 1.542117   1   2  -1 
2455675.905453 0.000000 0.000000 -10479.983143 0.211350 -10476.278814 -2.635361 -10478.280792 -4.337712 0.211350 -1.702351 0.211350 1.542117   1   2  -1 
2455675.905453 0.000000 0.000000 -10479.983143 0.211350 -10476.278814 -2.635361 -10478.280792 -4.337712 0.211350 -1.702351 0.211350 1.542117   1   2  -1 
2455679.879903 0.000000 0.000000 -10481.249420 0.252289 -10476.278814 -2.715474 -10480.535239 -3.429656 0.252289 -0.714181 0.252289 1.542117   1   2  -1 
2455679.879903 0.000000 0.000000 -10481.249420 0.252289 -10476.278814 -2.715474 -10480.535239 -3.429656 0.252289 -0.714181 0.252289 1.542117   1   2  -1 
2455679.885123 0.000000 0.000000 -10482.070814 0.256851 -10476.278814 -2.714965 -10480.537991 -4.247788 0.256851 -1.532823 0.256851 1.542117   1   2  -1 
2455679.885123 0.000000 0.000000 -10482.070814 0.256851 -10476.278814 -2.714965 -10480.537991 -4.247788 0.256851 -1.532823 0.256851 1.542117   1   2  -1 
2455712.893679 0.000000 0.000000 -10477.596372 0.280177 -10476.278814 -1.870969 -10477.380711 -2.086630 0.280177 -0.215661 0.280177 1.542117   1   2  -1 
2455712.893679 0.000000 0.000000 -10477.596372 0.280177 -10476.278814 -1.870969 -10477.380711 -2.086630 0.280177 -0.215661 0.280177 1.542117   1   2  -1 
2455715.864679 0.000000 0.000000 -10473.715742 0.681733 -10476.278814 -0.978295 -10474.355080 -0.338957 0.681733 0.639338 0.681733 1.542117   1   2  -1 
2455715.864679 0.000000 0.000000 -10473.715742 0.681733 -10476.278814 -0.978295 -10474.355080 -0.338957 0.681733 0.639338 0.681733 1.542117   1   2  -1 
2455715.867376 0.000000 0.000000 -10473.898980 0.709421 -10476.278814 -0.977684 -10474.353794 -0.522870 0.709421 0.454814 0.709421 1.542117   1   2  -1 
2455715.867376 0.000000 0.000000 -10473.898980 0.709421 -10476.278814 -0.977684 -10474.353794 -0.522870 0.709421 0.454814 0.709421 1.542117   1   2  -1 
2455715.869992 0.000000 0.000000 -10473.445162 0.718389 -10476.278814 -0.977092 -10474.352549 -0.069705 0.718389 0.907387 0.718389 1.542117   1   2  -1 
2455715.869992 0.000000 0.000000 -10473.445162 0.718389 -10476.278814 -0.977092 -10474.352549 -0.069705 0.718389 0.907387 0.718389 1.542117   1   2  -1 
2455715.872747 0.000000 0.000000 -10473.903696 0.742414 -10476.278814 -0.976469 -10474.351240 -0.528925 0.742414 0.447544 0.742414 1.542117   1   2  -1 
2455715.872747 0.000000 0.000000 -10473.903696 0.742414 -10476.278814 -0.976469 -10474.351240 -0.528925 0.742414 0.447544 0.742414 1.542117   1   2  -1 
2455727.859452 0.000000 0.000000 -10475.357665 0.528199 -10476.278814 -1.034464 -10476.463695 0.071566 0.528199 1.106030 0.528199 1.542117   1   2  -1 
2455727.859452 0.000000 0.000000 -10475.357665 0.528199 -10476.278814 -1.034464 -10476.463695 0.071566 0.528199 1.106030 0.528199 1.542117   1   2  -1 
2455727.863145 0.000000 0.000000 -10476.960737 0.516663 -10476.278814 -1.035526 -10476.462888 -1.533375 0.516663 -0.497849 0.516663 1.542117   1   2  -1 
2455727.863145 0.000000 0.000000 -10476.960737 0.516663 -10476.278814 -1.035526 -10476.462888 -1.533375 0.516663 -0.497849 0.516663 1.542117   1   2  -1 
2455727.866953 0.000000 0.000000 -10477.060026 0.559742 -10476.278814 -1.036623 -10476.462064 -1.634585 0.559742 -0.597962 0.559742 1.542117   1   2  -1 
2455727.866953 0.000000 0.000000 -10477.060026 0.559742 -10476.278814 -1.036623 -10476.462064 -1.634585 0.559742 -0.597962 0.559742 1.542117   1   2  -1 
2455735.809170 0.000000 0.000000 -10480.718295 0.263016 -10476.278814 -1.512149 -10479.812978 -2.417467 0.263016 -0.905317 0.263016 1.542117   1   2  -1 
2455735.809170 0.000000 0.000000 -10480.718295 0.263016 -10476.278814 -1.512149 -10479.812978 -2.417467 0.263016 -0.905317 0.263016 1.542117   1   2  -1 
2455754.777241 0.000000 0.000000 -10475.455016 0.545675 -10476.278814 -1.099794 -10476.857989 0.303180 0.545675 1.402973 0.545675 1.542117   1   2  -1 
2455754.777241 0.000000 0.000000 -10475.455016 0.545675 -10476.278814 -1.099794 -10476.857989 0.303180 0.545675 1.402973 0.545675 1.542117   1   2  -1 
2455755.755721 0.000000 0.000000 -10477.021535 0.384396 -10476.278814 -1.186924 -10475.952469 -2.255990 0.384396 -1.069066 0.384396 1.542117   1   2  -1 
2455755.755721 0.000000 0.000000 -10477.021535 0.384396 -10476.278814 -1.186924 -10475.952469 -2.255990 0.384396 -1.069066 0.384396 1.542117   1   2  -1 
2455769.736300 0.000000 0.000000 -10478.718338 0.338766 -10476.278814 -2.400582 -10479.796140 -1.322781 0.338766 1.077802 0.338766 1.542117   1   2  -1 
2455769.736300 0.000000 0.000000 -10478.718338 0.338766 -10476.278814 -2.400582 -10479.796140 -1.322781 0.338766 1.077802 0.338766 1.542117   1   2  -1 
2455769.742075 0.000000 0.000000 -10479.209949 0.385157 -10476.278814 -2.401407 -10479.790534 -1.820822 0.385157 0.580585 0.385157 1.542117   1   2  -1 
2455769.742075 0.000000 0.000000 -10479.209949 0.385157 -10476.278814 -2.401407 -10479.790534 -1.820822 0.385157 0.580585 0.385157 1.542117   1   2  -1 
2455776.628483 0.000000 0.000000 -10477.854877 0.356174 -10476.278814 -0.553906 -10476.496922 -1.911861 0.356174 -1.357955 0.356174 1.542117   1   2  -1 
2455776.628483 0.000000 0.000000 -10477.854877 0.356174 -10476.278814 -0.553906 -10476.496922 -1.911861 0.356174 -1.357955 0.356174 1.542117   1   2  -1 
2455782.624998 0.000000 0.000000 -10477.234320 0.380536 -10476.278814 -1.327032 -10478.246034 -0.315318 0.380536 1.011714 0.380536 1.542117   1   2  -1 
2455782.624998 0.000000 0.000000 -10477.234320 0.380536 -10476.278814 -1.327032 -10478.246034 -0.315318 0.380536 1.011714 0.380536 1.542117   1   2  -1 
2455784.737667 0.000000 0.000000 -10473.119634 0.272683 -10476.278814 -0.810043 -10474.935314 1.005637 0.272683 1.815680 0.272683 1.542117   1   2  -1 
2455784.737667 0.000000 0.000000 -10473.119634 0.272683 -10476.278814 -0.810043 -10474.935314 1.005637 0.272683 1.815680 0.272683 1.542117   1   2  -1 
2455801.526698 0.000000 0.000000 -10477.714254 0.636570 -10476.278814 -0.990551 -10476.604120 -2.100685 0.636570 -1.110134 0.636570 1.542117   1   2  -1 
2455801.526698 0.000000 0.000000 -10477.714254 0.636570 -10476.278814 -0.990551 -10476.604120 -2.100685 0.636570 -1.110134 0.636570 1.542117   1   2  -1 
2455801.531628 0.000000 0.000000 -10478.348482 0.588581 -10476.278814 -0.991291 -10476.604813 -2.734960 0.588581 -1.743669 0.588581 1.542117   1   2  -1 
2455801.531628 0.000000 0.000000 -10478.348482 0.588581 -10476.278814 -0.991291 -10476.604813 -2.734960 0.588581 -1.743669 0.588581 1.542117   1   2  -1 
2455804.632333 0.000000 0.000000 -10479.889141 0.560283 -10476.278814 -1.674697 -10478.025257 -3.538581 0.560283 -1.863884 0.560283 1.542117   1   2  -1 
2455804.632333 0.000000 0.000000 -10479.889141 0.560283 -10476.278814 -1.674697 -10478.025257 -3.538581 0.560283 -1.863884 0.560283 1.542117   1   2  -1 
2455804.637669 0.000000 0.000000 -10479.356651 0.516075 -10476.278814 -1.674976 -10478.027997 -3.003630 0.516075 -1.328654 0.516075 1.542117   1   2  -1 
2455804.637669 0.000000 0.000000 -10479.356651 0.516075 -10476.278814 -1.674976 -10478.027997 -3.003630 0.516075 -1.328654 0.516075 1.542117   1   2  -1 
2455807.626267 0.000000 0.000000 -10477.952953 0.482855 -10476.278814 -1.278590 -10479.643236 0.411693 0.482855 1.690283 0.482855 1.542117   1   2  -1 
2455807.626267 0.000000 0.000000 -10477.952953 0.482855 -10476.278814 -1.278590 -10479.643236 0.411693 0.482855 1.690283 0.482855 1.542117   1   2  -1 
2455807.631162 0.000000 0.000000 -10477.762393 0.443292 -10476.278814 -1.277340 -10479.646083 0.606350 0.443292 1.883690 0.443292 1.542117   1   2  -1 
2455807.631162 0.000000 0.000000 -10477.762393 0.443292 -10476.278814 -1.277340 -10479.646083 0.606350 0.443292 1.883690 0.443292 1.542117   1   2  -1 
2455810.581550 0.000000 0.000000 -10481.002505 0.377097 -10476.278814 -0.389899 -10479.364700 -2.027704 0.377097 -1.637805 0.377097 1.542117   1   2  -1 
2455810.581550 0.000000 0.000000 -10481.002505 0.377097 -10476.278814 -0.389899 -10479.364700 -2.027704 0.377097 -1.637805 0.377097 1.542117   1   2  -1 
2455810.586723 0.000000 0.000000 -10480.282556 0.398696 -10476.278814 -0.388964 -10479.358217 -1.313304 0.398696 -0.924339 0.398696 1.542117   1   2  -1 
2455810.586723 0.000000 0.000000 -10480.282556 0.398696 -10476.278814 -0.388964 -10479.358217 -1.313304 0.398696 -0.924339 0.398696 1.542117   1   2  -1 
2455816.587002 0.000000 0.000000 -10476.284284 0.479893 -10476.278814 -3.171069 -10476.491645 -2.963707 0.479893 0.207361 0.479893 1.542117   1   2  -1 
2455816.587002 0.000000 0.000000 -10476.284284 0.479893 -10476.278814 -3.171069 -10476.491645 -2.963707 0.479893 0.207361 0.479893 1.542117   1   2  -1 
2455816.590578 0.000000 0.000000 -10475.380232 0.444942 -10476.278814 -3.170187 -10476.490443 -2.059977 0.444942 1.110211 0.444942 1.542117   1   2  -1 
2455816.590578 0.000000 0.000000 -10475.380232 0.444942 -10476.278814 -3.170187 -10476.490443 -2.059977 0.444942 1.110211 0.444942 1.542117   1   2  -1 
2455816.594154 0.000000 0.000000 -10476.257023 0.438232 -10476.278814 -3.169298 -10476.489235 -2.937086 0.438232 0.232212 0.438232 1.542117   1   2  -1 
2455816.594154 0.000000 0.000000 -10476.257023 0.438232 -10476.278814 -3.169298 -10476.489235 -2.937086 0.438232 0.232212 0.438232 1.542117   1   2  -1 
2455834.622073 0.000000 0.000000 -10480.909706 0.288686 -10476.278814 -2.000448 -10479.188738 -3.721416 0.288686 -1.720968 0.288686 1.542117   1   2  -1 
2455834.622073 0.000000 0.000000 -10480.909706 0.288686 -10476.278814 -2.000448 -10479.188738 -3.721416 0.288686 -1.720968 0.288686 1.542117   1   2  -1 
2455834.627593 0.000000 0.000000 -10481.704100 0.288262 -10476.278814 -1.998459 -10479.191306 -4.511253 0.288262 -2.512794 0.288262 1.542117   1   2  -1 
2455834.627593 0.000000 0.000000 -10481.704100 0.288262 -10476.278814 -1.998459 -10479.191306 -4.511253 0.288262 -2.512794 0.288262 1.542117   1   2  -1 
2455836.585712 0.000000 0.000000 -10482.497452 0.340261 -10476.278814 -1.163145 -10480.202556 -3.458042 0.340261 -2.294896 0.340261 1.542117   1   2  -1 
2455836.585712 0.000000 0.000000 -10482.497452 0.340261 -10476.278814 -1.163145 -10480.202556 -3.458042 0.340261 -2.294896 0.340261 1.542117   1   2  -1 
2455836.591440 0.000000 0.000000 -10483.216344 0.339568 -10476.278814 -1.160527 -10480.205569 -4.171302 0.339568 -3.010775 0.339568 1.542117   1   2  -1 
2455836.591440 0.000000 0.000000 -10483.216344 0.339568 -10476.278814 -1.160527 -10480.205569 -4.171302 0.339568 -3.010775 0.339568 1.542117   1   2  -1 
2455839.585007 0.000000 0.000000 -10480.984122 0.455066 -10476.278814 -0.233788 -10479.521074 -1.696836 0.455066 -1.463048 0.455066 1.542117   1   2  -1 
2455839.585007 0.000000 0.000000 -10480.984122 0.455066 -10476.278814 -0.233788 -10479.521074 -1.696836 0.455066 -1.463048 0.455066 1.542117   1   2  -1 
2455839.590794 0.000000 0.000000 -10480.862232 0.459884 -10476.278814 -0.233355 -10479.513434 -1.582153 0.459884 -1.348798 0.459884 1.542117   1   2  -1 
2455839.590794 0.000000 0.000000 -10480.862232 0.459884 -10476.278814 -0.233355 -10479.513434 -1.582153 0.459884 -1.348798 0.459884 1.542117   1   2  -1 
2455842.549547 0.000000 0.000000 -10475.984718 0.533150 -10476.278814 -0.465743 -10476.149215 -0.301245 0.533150 0.164497 0.533150 1.542117   1   2  -1 
2455842.549547 0.000000 0.000000 -10475.984718 0.533150 -10476.278814 -0.465743 -10476.149215 -0.301245 0.533150 0.164497 0.533150 1.542117   1   2  -1 
2455842.555033 0.000000 0.000000 -10475.769563 0.436601 -10476.278814 -0.466320 -10476.145517 -0.090366 0.436601 0.375954 0.436601 1.542117   1   2  -1 
2455842.555033 0.000000 0.000000 -10475.769563 0.436601 -10476.278814 -0.466320 -10476.145517 -0.090366 0.436601 0.375954 0.436601 1.542117   1   2  -1 
2455845.575633 0.000000 0.000000 -10472.970844 0.533869 -10476.278814 -0.585539 -10475.062968 1.506585 0.533869 2.092124 0.533869 1.542117   1   2  -1 
2455845.575633 0.000000 0.000000 -10472.970844 0.533869 -10476.278814 -0.585539 -10475.062968 1.506585 0.533869 2.092124 0.533869 1.542117   1   2  -1 
2455845.581258 0.000000 0.000000 -10473.156417 0.461200 -10476.278814 -0.585876 -10475.062764 1.320472 0.461200 1.906347 0.461200 1.542117   1   2  -1 
2455845.581258 0.000000 0.000000 -10473.156417 0.461200 -10476.278814 -0.585876 -10475.062764 1.320472 0.461200 1.906347 0.461200 1.542117   1   2  -1 
2455870.498785 0.000000 0.000000 -10481.818484 0.365314 -10476.278814 -3.198582 -10479.874553 -5.142513 0.365314 -1.943931 0.365314 1.542117   1   2  -1 
2455870.498785 0.000000 0.000000 -10481.818484 0.365314 -10476.278814 -3.198582 -10479.874553 -5.142513 0.365314 -1.943931 0.365314 1.542117   1   2  -1 
2455870.504422 0.000000 0.000000 -10481.151885 0.359240 -10476.278814 -3.197719 -10479.868988 -4.480616 0.359240 -1.282897 0.359240 1.542117   1   2  -1 
2455870.504422 0.000000 0.000000 -10481.151885 0.359240 -10476.278814 -3.197719 -10479.868988 -4.480616 0.359240 -1.282897 0.359240 1.542117   1   2  -1 
2455874.532217 0.000000 0.000000 -10477.728868 0.513797 -10476.278814 -1.924220 -10477.428180 -2.224908 0.513797 -0.300688 0.513797 1.542117   1   2  -1 
2455874.532217 0.000000 0.000000 -10477.728868 0.513797 -10476.278814 -1.924220 -10477.428180 -2.224908 0.513797 -0.300688 0.513797 1.542117   1   2  -1 
2455874.537437 0.000000 0.000000 -10475.674380 0.695338 -10476.278814 -1.923689 -10477.428127 -0.169942 0.695338 1.753747 0.695338 1.542117   1   2  -1 
2455874.537437 0.000000 0.000000 -10475.674380 0.695338 -10476.278814 -1.923689 -10477.428127 -0.169942 0.695338 1.753747 0.695338 1.542117   1   2  -1 
2455878.549549 0.000000 0.000000 -10474.975638 0.680478 -10476.278814 -0.460898 -10477.495456 2.058920 0.680478 2.519818 0.680478 1.542117   1   2  -1 
2455878.549549 0.000000 0.000000 -10474.975638 0.680478 -10476.278814 -0.460898 -10477.495456 2.058920 0.680478 2.519818 0.680478 1.542117   1   2  -1 
2455878.554965 0.000000 0.000000 -10473.200640 0.660711 -10476.278814 -0.457039 -10477.495259 3.837580 0.660711 4.294619 0.660711 1.542117   1   2  -1 
2455878.554965 0.000000 0.000000 -10473.200640 0.660711 -10476.278814 -0.457039 -10477.495259 3.837580 0.660711 4.294619 0.660711 1.542117   1   2  -1 
2456020.892743 0.000000 0.000000 -10474.892081 0.400252 -10476.278814 -1.308478 -10476.377787 0.177228 0.400252 1.485706 0.400252 1.542117   1   2  -1 
2456020.892743 0.000000 0.000000 -10474.892081 0.400252 -10476.278814 -1.308478 -10476.377787 0.177228 0.400252 1.485706 0.400252 1.542117   1   2  -1 
2456020.898160 0.000000 0.000000 -10474.995167 0.390725 -10476.278814 -1.308726 -10476.382916 0.079023 0.390725 1.387749 0.390725 1.542117   1   2  -1 
2456020.898160 0.000000 0.000000 -10474.995167 0.390725 -10476.278814 -1.308726 -10476.382916 0.079023 0.390725 1.387749 0.390725 1.542117   1   2  -1 
2456022.889397 0.000000 0.000000 -10478.871489 0.497344 -10476.278814 -1.365143 -10478.531013 -1.705619 0.497344 -0.340476 0.497344 1.542117   1   2  -1 
2456022.889397 0.000000 0.000000 -10478.871489 0.497344 -10476.278814 -1.365143 -10478.531013 -1.705619 0.497344 -0.340476 0.497344 1.542117   1   2  -1 
2456022.894884 0.000000 0.000000 -10479.815426 0.556527 -10476.278814 -1.365761 -10478.537313 -2.643874 0.556527 -1.278113 0.556527 1.542117   1   2  -1 
2456022.894884 0.000000 0.000000 -10479.815426 0.556527 -10476.278814 -1.365761 -10478.537313 -2.643874 0.556527 -1.278113 0.556527 1.542117   1   2  -1 
2456024.891353 0.000000 0.000000 -10480.979281 0.428656 -10476.278814 -1.690438 -10479.568280 -3.101439 0.428656 -1.411001 0.428656 1.542117   1   2  -1 
2456024.891353 0.000000 0.000000 -10480.979281 0.428656 -10476.278814 -1.690438 -10479.568280 -3.101439 0.428656 -1.411001 0.428656 1.542117   1   2  -1 
2456024.897048 0.000000 0.000000 -10480.604419 0.407038 -10476.278814 -1.691000 -10479.565497 -2.729922 0.407038 -1.038922 0.407038 1.542117   1   2  -1 
2456024.897048 0.000000 0.000000 -10480.604419 0.407038 -10476.278814 -1.691000 -10479.565497 -2.729922 0.407038 -1.038922 0.407038 1.542117   1   2  -1 
2456028.922257 0.000000 0.000000 -10477.908590 0.345283 -10476.278814 -1.080004 -10475.969554 -3.019040 0.345283 -1.939036 0.345283 1.542117   1   2  -1 
2456028.922257 0.000000 0.000000 -10477.908590 0.345283 -10476.278814 -1.080004 -10475.969554 -3.019040 0.345283 -1.939036 0.345283 1.542117   1   2  -1 
2456029.892891 0.000000 0.000000 -10478.166891 0.543499 -10476.278814 -1.195438 -10476.047997 -3.314332 0.543499 -2.118894 0.543499 1.542117   1   2  -1 
2456029.892891 0.000000 0.000000 -10478.166891 0.543499 -10476.278814 -1.195438 -10476.047997 -3.314332 0.543499 -2.118894 0.543499 1.542117   1   2  -1 
2456029.898354 0.000000 0.000000 -10478.569496 0.519266 -10476.278814 -1.196639 -10476.049625 -3.716510 0.519266 -2.519871 0.519266 1.542117   1   2  -1 
2456029.898354 0.000000 0.000000 -10478.569496 0.519266 -10476.278814 -1.196639 -10476.049625 -3.716510 0.519266 -2.519871 0.519266 1.542117   1   2  -1 
2456031.852968 0.000000 0.000000 -10477.024746 0.408809 -10476.278814 -1.750234 -10477.112321 -1.662659 0.408809 0.087575 0.408809 1.542117   1   2  -1 
2456031.852968 0.000000 0.000000 -10477.024746 0.408809 -10476.278814 -1.750234 -10477.112321 -1.662659 0.408809 0.087575 0.408809 1.542117   1   2  -1 
2456052.857065 0.000000 0.000000 -10480.793021 0.406318 -10476.278814 -1.724545 -10479.287297 -3.230269 0.406318 -1.505724 0.406318 1.542117   1   2  -1 
2456052.857065 0.000000 0.000000 -10480.793021 0.406318 -10476.278814 -1.724545 -10479.287297 -3.230269 0.406318 -1.505724 0.406318 1.542117   1   2  -1 
2456052.862482 0.000000 0.000000 -10480.156970 0.393840 -10476.278814 -1.724876 -10479.286437 -2.595409 0.393840 -0.870533 0.393840 1.542117   1   2  -1 
2456052.862482 0.000000 0.000000 -10480.156970 0.393840 -10476.278814 -1.724876 -10479.286437 -2.595409 0.393840 -0.870533 0.393840 1.542117   1   2  -1 
2456053.851639 0.000000 0.000000 -10480.816786 0.437473 -10476.278814 -1.721938 -10478.596624 -3.942100 0.437473 -2.220162 0.437473 1.542117   1   2  -1 
2456053.851639 0.000000 0.000000 -10480.816786 0.437473 -10476.278814 -1.721938 -10478.596624 -3.942100 0.437473 -2.220162 0.437473 1.542117   1   2  -1 
2456053.857114 0.000000 0.000000 -10476.986852 0.414343 -10476.278814 -1.721585 -10478.590304 -0.118133 0.414343 1.603452 0.414343 1.542117   1   2  -1 
2456053.857114 0.000000 0.000000 -10476.986852 0.414343 -10476.278814 -1.721585 -10478.590304 -0.118133 0.414343 1.603452 0.414343 1.542117   1   2  -1 
2456054.839916 0.000000 0.000000 -10479.578072 0.266506 -10476.278814 -1.603984 -10477.269449 -3.912607 0.266506 -2.308623 0.266506 1.542117   1   2  -1 
2456054.839916 0.000000 0.000000 -10479.578072 0.266506 -10476.278814 -1.603984 -10477.269449 -3.912607 0.266506 -2.308623 0.266506 1.542117   1   2  -1 
2456055.886865 0.000000 0.000000 -10478.308216 0.254853 -10476.278814 -1.400630 -10475.963038 -3.745807 0.254853 -2.345178 0.254853 1.542117   1   2  -1 
2456055.886865 0.000000 0.000000 -10478.308216 0.254853 -10476.278814 -1.400630 -10475.963038 -3.745807 0.254853 -2.345178 0.254853 1.542117   1   2  -1 
2456056.818146 0.000000 0.000000 -10476.145121 0.446651 -10476.278814 -1.251802 -10475.227209 -2.169714 0.446651 -0.917912 0.446651 1.542117   1   2  -1 
2456056.818146 0.000000 0.000000 -10476.145121 0.446651 -10476.278814 -1.251802 -10475.227209 -2.169714 0.446651 -0.917912 0.446651 1.542117   1   2  -1 
2456056.823714 0.000000 0.000000 -10476.399813 0.406993 -10476.278814 -1.251255 -10475.224262 -2.426807 0.406993 -1.175551 0.406993 1.542117   1   2  -1 
2456056.823714 0.000000 0.000000 -10476.399813 0.406993 -10476.278814 -1.251255 -10475.224262 -2.426807 0.406993 -1.175551 0.406993 1.542117   1   2  -1 
2456078.843392 0.000000 0.000000 -10475.070920 0.323779 -10476.278814 0.222730 -10477.144647 2.296458 0.323779 2.073727 0.323779 1.542117   1   2  -1 
2456078.843392 0.000000 0.000000 -10475.070920 0.323779 -10476.278814 0.222730 -10477.144647 2.296458 0.323779 2.073727 0.323779 1.542117   1   2  -1 
2456078.849075 0.000000 0.000000 -10475.406297 0.316487 -10476.278814 0.222777 -10477.148644 1.965124 0.316487 1.742347 0.316487 1.542117   1   2  -1 
2456078.849075 0.000000 0.000000 -10475.406297 0.316487 -10476.278814 0.222777 -10477.148644 1.965124 0.316487 1.742347 0.316487 1.542117   1   2  -1 
2456081.832748 0.000000 0.000000 -10477.091748 0.398009 -10476.278814 0.082151 -10478.116735 1.107138 0.398009 1.024987 0.398009 1.542117   1   2  -1 
2456081.832748 0.000000 0.000000 -10477.091748 0.398009 -10476.278814 0.082151 -10478.116735 1.107138 0.398009 1.024987 0.398009 1.542117   1   2  -1 
2456081.838651 0.000000 0.000000 -10477.350415 0.323723 -10476.278814 0.081519 -10478.112283 0.843387 0.323723 0.761868 0.323723 1.542117   1   2  -1 
2456081.838651 0.000000 0.000000 -10477.350415 0.323723 -10476.278814 0.081519 -10478.112283 0.843387 0.323723 0.761868 0.323723 1.542117   1   2  -1 
2456085.820521 0.000000 0.000000 -10474.269371 0.439249 -10476.278814 -0.460348 -10473.931479 -0.798240 0.439249 -0.337892 0.439249 1.542117   1   2  -1 
2456085.820521 0.000000 0.000000 -10474.269371 0.439249 -10476.278814 -0.460348 -10473.931479 -0.798240 0.439249 -0.337892 0.439249 1.542117   1   2  -1 
2456085.826250 0.000000 0.000000 -10473.694203 0.458936 -10476.278814 -0.460056 -10473.928044 -0.226215 0.458936 0.233841 0.458936 1.542117   1   2  -1 
2456085.826250 0.000000 0.000000 -10473.694203 0.458936 -10476.278814 -0.460056 -10473.928044 -0.226215 0.458936 0.233841 0.458936 1.542117   1   2  -1 
2456088.742747 0.000000 0.000000 -10472.336592 0.274700 -10476.278814 0.278507 -10472.973335 0.915250 0.274700 0.636743 0.274700 1.542117   1   2  -1 
2456088.742747 0.000000 0.000000 -10472.336592 0.274700 -10476.278814 0.278507 -10472.973335 0.915250 0.274700 0.636743 0.274700 1.542117   1   2  -1 
2456092.900369 0.000000 0.000000 -10477.981567 0.314413 -10476.278814 0.942187 -10475.501317 -1.538063 0.314413 -2.480250 0.314413 1.542117   1   2  -1 
2456092.900369 0.000000 0.000000 -10477.981567 0.314413 -10476.278814 0.942187 -10475.501317 -1.538063 0.314413 -2.480250 0.314413 1.542117   1   2  -1 
2456115.815540 0.000000 0.000000 -10474.774807 0.388096 -10476.278814 1.282546 -10472.434253 -1.058008 0.388096 -2.340554 0.388096 1.542117   1   2  -1 
2456115.815540 0.000000 0.000000 -10474.774807 0.388096 -10476.278814 1.282546 -10472.434253 -1.058008 0.388096 -2.340554 0.388096 1.542117   1   2  -1 
2456118.809984 0.000000 0.000000 -10471.978956 0.256427 -10476.278814 0.557760 -10473.196799 1.775602 0.256427 1.217843 0.256427 1.542117   1   2  -1 
2456118.809984 0.000000 0.000000 -10471.978956 0.256427 -10476.278814 0.557760 -10473.196799 1.775602 0.256427 1.217843 0.256427 1.542117   1   2  -1 
2456121.820367 0.000000 0.000000 -10475.055286 0.705930 -10476.278814 0.737408 -10475.199351 0.881473 0.705930 0.144065 0.705930 1.542117   1   2  -1 
2456121.820367 0.000000 0.000000 -10475.055286 0.705930 -10476.278814 0.737408 -10475.199351 0.881473 0.705930 0.144065 0.705930 1.542117   1   2  -1 
2456149.686124 0.000000 0.000000 -10478.886301 0.422505 -10476.278814 -1.044291 -10476.821738 -3.108854 0.422505 -2.064563 0.422505 1.542117   1   2  -1 
2456149.686124 0.000000 0.000000 -10478.886301 0.422505 -10476.278814 -1.044291 -10476.821738 -3.108854 0.422505 -2.064563 0.422505 1.542117   1   2  -1 
2456154.723489 0.000000 0.000000 -10473.222066 0.432559 -10476.278814 1.711528 -10474.109038 2.598499 0.432559 0.886972 0.432559 1.542117   1   2  -1 
2456154.723489 0.000000 0.000000 -10473.222066 0.432559 -10476.278814 1.711528 -10474.109038 2.598499 0.432559 0.886972 0.432559 1.542117   1   2  -1 
2456154.728442 0.000000 0.000000 -10472.383548 0.640869 -10476.278814 1.710880 -10474.103376 3.430708 0.640869 1.719828 0.640869 1.542117   1   2  -1 
2456154.728442 0.000000 0.000000 -10472.383548 0.640869 -10476.278814 1.710880 -10474.103376 3.430708 0.640869 1.719828 0.640869 1.542117   1   2  -1 
2456166.527551 0.000000 0.000000 -10482.638275 0.322758 -10476.278814 -0.331535 -10480.052178 -2.917632 0.322758 -2.586097 0.322758 1.542117   1   2  -1 
2456166.527551 0.000000 0.000000 -10482.638275 0.322758 -10476.278814 -0.331535 -10480.052178 -2.917632 0.322758 -2.586097 0.322758 1.542117   1   2  -1 
2456168.609469 0.000000 0.000000 -10483.235121 0.485702 -10476.278814 -1.034851 -10479.877509 -4.392463 0.485702 -3.357612 0.485702 1.542117   1   2  -1 
2456168.609469 0.000000 0.000000 -10483.235121 0.485702 -10476.278814 -1.034851 -10479.877509 -4.392463 0.485702 -3.357612 0.485702 1.542117   1   2  -1 
2456168.615105 0.000000 0.000000 -10482.078140 0.428978 -10476.278814 -1.035157 -10479.870960 -3.242337 0.428978 -2.207180 0.428978 1.542117   1   2  -1 
2456168.615105 0.000000 0.000000 -10482.078140 0.428978 -10476.278814 -1.035157 -10479.870960 -3.242337 0.428978 -2.207180 0.428978 1.542117   1   2  -1 
2456171.510563 0.000000 0.000000 -10477.310953 0.261955 -10476.278814 -0.442455 -10476.510357 -1.243051 0.261955 -0.800596 0.261955 1.542117   1   2  -1 
2456171.510563 0.000000 0.000000 -10477.310953 0.261955 -10476.278814 -0.442455 -10476.510357 -1.243051 0.261955 -0.800596 0.261955 1.542117   1   2  -1 
2456173.694840 0.000000 0.000000 -10472.314153 0.435027 -10476.278814 -0.487971 -10476.062503 3.260379 0.435027 3.748350 0.435027 1.542117   1   2  -1 
2456173.694840 0.000000 0.000000 -10472.314153 0.435027 -10476.278814 -0.487971 -10476.062503 3.260379 0.435027 3.748350 0.435027 1.542117   1   2  -1 
2456181.612869 0.000000 0.000000 -10475.571527 0.304713 -10476.278814 0.326373 -10478.137985 2.892831 0.304713 2.566458 0.304713 1.542117   1   2  -1 
2456181.612869 0.000000 0.000000 -10475.571527 0.304713 -10476.278814 0.326373 -10478.137985 2.892831 0.304713 2.566458 0.304713 1.542117   1   2  -1 
2456186.623747 0.000000 0.000000 -10470.871523 0.269145 -10476.278814 0.438965 -10472.729927 2.297369 0.269145 1.858404 0.269145 1.542117   1   2  -1 
2456186.623747 0.000000 0.000000 -10470.871523 0.269145 -10476.278814 0.438965 -10472.729927 2.297369 0.269145 1.858404 0.269145 1.542117   1   2  -1 
2456189.666838 0.000000 0.000000 -10471.752751 0.854916 -10476.278814 0.884425 -10472.700515 1.832189 0.854916 0.947764 0.854916 1.542117   1   2  -1 
2456189.666838 0.000000 0.000000 -10471.752751 0.854916 -10476.278814 0.884425 -10472.700515 1.832189 0.854916 0.947764 0.854916 1.542117   1   2  -1 
2456190.592865 0.000000 0.000000 -10474.982002 0.436640 -10476.278814 0.870360 -10473.278585 -0.833058 0.436640 -1.703417 0.436640 1.542117   1   2  -1 
2456190.592865 0.000000 0.000000 -10474.982002 0.436640 -10476.278814 0.870360 -10473.278585 -0.833058 0.436640 -1.703417 0.436640 1.542117   1   2  -1 
2456190.598548 0.000000 0.000000 -10475.915820 0.410184 -10476.278814 0.869949 -10473.283029 -1.762842 0.410184 -2.632791 0.410184 1.542117   1   2  -1 
2456190.598548 0.000000 0.000000 -10475.915820 0.410184 -10476.278814 0.869949 -10473.283029 -1.762842 0.410184 -2.632791 0.410184 1.542117   1   2  -1 
2456195.586272 0.000000 0.000000 -10476.324229 0.455921 -10476.278814 2.586555 -10476.418641 2.680967 0.455921 0.094412 0.455921 1.542117   1   2  -1 
2456195.586272 0.000000 0.000000 -10476.324229 0.455921 -10476.278814 2.586555 -10476.418641 2.680967 0.455921 0.094412 0.455921 1.542117   1   2  -1 
2456195.591793 0.000000 0.000000 -10476.833989 0.456503 -10476.278814 2.587984 -10476.418495 2.172490 0.456503 -0.415494 0.456503 1.542117   1   2  -1 
2456195.591793 0.000000 0.000000 -10476.833989 0.456503 -10476.278814 2.587984 -10476.418495 2.172490 0.456503 -0.415494 0.456503 1.542117   1   2  -1 
2456198.564091 0.000000 0.000000 -10469.851121 0.593173 -10476.278814 1.952814 -10474.712255 6.813947 0.593173 4.861134 0.593173 1.542117   1   2  -1 
2456198.564091 0.000000 0.000000 -10469.851121 0.593173 -10476.278814 1.952814 -10474.712255 6.813947 0.593173 4.861134 0.593173 1.542117   1   2  -1 
2456198.569866 0.000000 0.000000 -10469.520142 0.625422 -10476.278814 1.951302 -10474.708637 7.139797 0.625422 5.188495 0.625422 1.542117   1   2  -1 
2456198.569866 0.000000 0.000000 -10469.520142 0.625422 -10476.278814 1.951302 -10474.708637 7.139797 0.625422 5.188495 0.625422 1.542117   1   2  -1 
2456204.547188 0.000000 0.000000 -10474.005151 0.390830 -10476.278814 0.782377 -10475.502999 2.280225 0.390830 1.497848 0.390830 1.542117   1   2  -1 
2456204.547188 0.000000 0.000000 -10474.005151 0.390830 -10476.278814 0.782377 -10475.502999 2.280225 0.390830 1.497848 0.390830 1.542117   1   2  -1 
2456205.523197 0.000000 0.000000 -10476.331744 0.223735 -10476.278814 0.642231 -10476.177050 0.487537 0.223735 -0.154694 0.223735 1.542117   1   2  -1 
2456205.523197 0.000000 0.000000 -10476.331744 0.223735 -10476.278814 0.642231 -10476.177050 0.487537 0.223735 -0.154694 0.223735 1.542117   1   2  -1 
2456208.615737 0.000000 0.000000 -10479.274458 0.471028 -10476.278814 1.665613 -10477.605752 -0.003093 0.471028 -1.668706 0.471028 1.542117   1   2  -1 
2456208.615737 0.000000 0.000000 -10479.274458 0.471028 -10476.278814 1.665613 -10477.605752 -0.003093 0.471028 -1.668706 0.471028 1.542117   1   2  -1 
2456209.540800 0.000000 0.000000 -10475.726000 0.526879 -10476.278814 1.786690 -10477.957276 4.017965 0.526879 2.231276 0.526879 1.542117   1   2  -1 
2456209.540800 0.000000 0.000000 -10475.726000 0.526879 -10476.278814 1.786690 -10477.957276 4.017965 0.526879 2.231276 0.526879 1.542117   1   2  -1 
2456210.532155 0.000000 0.000000 -10475.727704 0.432092 -10476.278814 1.829937 -10477.569645 3.671878 0.432092 1.841941 0.432092 1.542117   1   2  -1 
2456210.532155 0.000000 0.000000 -10475.727704 0.432092 -10476.278814 1.829937 -10477.569645 3.671878 0.432092 1.841941 0.432092 1.542117   1   2  -1 
2456212.523498 0.000000 0.000000 -10470.032065 0.239792 -10476.278814 2.260191 -10474.347765 6.575890 0.239792 4.315700 0.239792 1.542117   1   2  -1 
2456212.523498 0.000000 0.000000 -10470.032065 0.239792 -10476.278814 2.260191 -10474.347765 6.575890 0.239792 4.315700 0.239792 1.542117   1   2  -1 
2456217.523649 0.000000 0.000000 -10469.768240 0.370476 -10476.278814 3.016925 -10470.532634 3.781319 0.370476 0.764394 0.370476 1.542117   1   2  -1 
2456217.523649 0.000000 0.000000 -10469.768240 0.370476 -10476.278814 3.016925 -10470.532634 3.781319 0.370476 0.764394 0.370476 1.542117   1   2  -1 
2456217.529482 0.000000 0.000000 -10468.041405 0.361734 -10476.278814 3.016715 -10470.533078 5.508388 0.361734 2.491673 0.361734 1.542117   1   2  -1 
2456217.529482 0.000000 0.000000 -10468.041405 0.361734 -10476.278814 3.016715 -10470.533078 5.508388 0.361734 2.491673 0.361734 1.542117   1   2  -1 
2456218.587951 0.000000 0.000000 -10468.491163 0.391645 -10476.278814 2.990750 -10470.727259 5.226846 0.391645 2.236096 0.391645 1.542117   1   2  -1 
2456218.587951 0.000000 0.000000 -10468.491163 0.391645 -10476.278814 2.990750 -10470.727259 5.226846 0.391645 2.236096 0.391645 1.542117   1   2  -1 
2456219.500319 0.000000 0.000000 -10469.245686 0.247828 -10476.278814 2.973410 -10471.097743 4.825467 0.247828 1.852057 0.247828 1.542117   1   2  -1 
2456219.500319 0.000000 0.000000 -10469.245686 0.247828 -10476.278814 2.973410 -10471.097743 4.825467 0.247828 1.852057 0.247828 1.542117   1   2  -1 
2456220.491327 0.000000 0.000000 -10472.137625 0.391613 -10476.278814 2.940868 -10471.745944 2.549186 0.391613 -0.391681 0.391613 1.542117   1   2  -1 
2456220.491327 0.000000 0.000000 -10472.137625 0.391613 -10476.278814 2.940868 -10471.745944 2.549186 0.391613 -0.391681 0.391613 1.542117   1   2  -1 
2456220.514069 0.000000 0.000000 -10472.572915 0.320320 -10476.278814 2.940031 -10471.763814 2.130929 0.320320 -0.809101 0.320320 1.542117   1   2  -1 
2456220.514069 0.000000 0.000000 -10472.572915 0.320320 -10476.278814 2.940031 -10471.763814 2.130929 0.320320 -0.809101 0.320320 1.542117   1   2  -1 
2456409.867093 0.000000 0.000000 -10475.673600 0.617333 -10476.278814 4.672734 -10475.184927 4.184062 0.617333 -0.488673 0.617333 1.542117   1   2  -1 
2456409.867093 0.000000 0.000000 -10475.673600 0.617333 -10476.278814 4.672734 -10475.184927 4.184062 0.617333 -0.488673 0.617333 1.542117   1   2  -1 
2456409.872719 0.000000 0.000000 -10476.137178 0.595203 -10476.278814 4.670679 -10475.186513 3.720014 0.595203 -0.950665 0.595203 1.542117   1   2  -1 
2456409.872719 0.000000 0.000000 -10476.137178 0.595203 -10476.278814 4.670679 -10475.186513 3.720014 0.595203 -0.950665 0.595203 1.542117   1   2  -1 
2456410.795661 0.000000 0.000000 -10473.625918 3.271074 -10476.278814 3.790147 -10475.520944 5.685173 3.271074 1.895026 3.271074 1.542117   1   2  -1 
2456410.795661 0.000000 0.000000 -10473.625918 3.271074 -10476.278814 3.790147 -10475.520944 5.685173 3.271074 1.895026 3.271074 1.542117   1   2  -1 
2456410.804261 0.000000 0.000000 -10469.468381 2.427430 -10476.278814 3.777700 -10475.524150 9.833469 2.427430 6.055769 2.427430 1.542117   1   2  -1 
2456410.804261 0.000000 0.000000 -10469.468381 2.427430 -10476.278814 3.777700 -10475.524150 9.833469 2.427430 6.055769 2.427430 1.542117   1   2  -1 
2456416.824768 0.000000 0.000000 -10472.302186 0.550392 -10476.278814 1.877685 -10471.861966 1.437466 0.550392 -0.440220 0.550392 1.542117   1   2  -1 
2456416.824768 0.000000 0.000000 -10472.302186 0.550392 -10476.278814 1.877685 -10471.861966 1.437466 0.550392 -0.440220 0.550392 1.542117   1   2  -1 
2456416.828565 0.000000 0.000000 -10470.986675 0.545862 -10476.278814 1.877341 -10471.861761 2.752428 0.545862 0.875086 0.545862 1.542117   1   2  -1 
2456416.828565 0.000000 0.000000 -10470.986675 0.545862 -10476.278814 1.877341 -10471.861761 2.752428 0.545862 0.875086 0.545862 1.542117   1   2  -1 
2456416.832443 0.000000 0.000000 -10471.882453 0.566830 -10476.278814 1.876980 -10471.861565 1.856092 0.566830 -0.020888 0.566830 1.542117   1   2  -1 
2456416.832443 0.000000 0.000000 -10471.882453 0.566830 -10476.278814 1.876980 -10471.861565 1.856092 0.566830 -0.020888 0.566830 1.542117   1   2  -1 
2456432.884915 0.000000 0.000000 -10474.962361 0.393986 -10476.278814 0.394017 -10475.223521 0.655177 0.393986 0.261160 0.393986 1.542117   1   2  -1 
2456432.884915 0.000000 0.000000 -10474.962361 0.393986 -10476.278814 0.394017 -10475.223521 0.655177 0.393986 0.261160 0.393986 1.542117   1   2  -1 
2456432.890124 0.000000 0.000000 -10475.372110 0.450803 -10476.278814 0.395698 -10475.224915 0.248502 0.450803 -0.147195 0.450803 1.542117   1   2  -1 
2456432.890124 0.000000 0.000000 -10475.372110 0.450803 -10476.278814 0.395698 -10475.224915 0.248502 0.450803 -0.147195 0.450803 1.542117   1   2  -1 
2456433.905268 0.000000 0.000000 -10472.852948 0.738644 -10476.278814 0.736551 -10475.561024 3.444627 0.738644 2.708076 0.738644 1.542117   1   2  -1 
2456433.905268 0.000000 0.000000 -10472.852948 0.738644 -10476.278814 0.736551 -10475.561024 3.444627 0.738644 2.708076 0.738644 1.542117   1   2  -1 
2456433.910395 0.000000 0.000000 -10474.512391 0.801539 -10476.278814 0.738213 -10475.563180 1.789002 0.801539 1.050789 0.801539 1.542117   1   2  -1 
2456433.910395 0.000000 0.000000 -10474.512391 0.801539 -10476.278814 0.738213 -10475.563180 1.789002 0.801539 1.050789 0.801539 1.542117   1   2  -1 
2456434.892458 0.000000 0.000000 -10475.434897 0.484791 -10476.278814 1.019555 -10476.088885 1.673543 0.484791 0.653988 0.484791 1.542117   1   2  -1 
2456434.892458 0.000000 0.000000 -10475.434897 0.484791 -10476.278814 1.019555 -10476.088885 1.673543 0.484791 0.653988 0.484791 1.542117   1   2  -1 
2456434.898129 0.000000 0.000000 -10474.106533 0.468854 -10476.278814 1.020953 -10476.092586 3.007006 0.468854 1.986053 0.468854 1.542117   1   2  -1 
2456434.898129 0.000000 0.000000 -10474.106533 0.468854 -10476.278814 1.020953 -10476.092586 3.007006 0.468854 1.986053 0.468854 1.542117   1   2  -1 
2456437.889188 0.000000 0.000000 -10477.501611 0.400790 -10476.278814 1.676328 -10478.305053 2.479770 0.400790 0.803442 0.400790 1.542117   1   2  -1 
2456437.889188 0.000000 0.000000 -10477.501611 0.400790 -10476.278814 1.676328 -10478.305053 2.479770 0.400790 0.803442 0.400790 1.542117   1   2  -1 
2456437.894720 0.000000 0.000000 -10477.202903 0.367888 -10476.278814 1.677607 -10478.307043 2.781746 0.367888 1.104140 0.367888 1.542117   1   2  -1 
2456437.894720 0.000000 0.000000 -10477.202903 0.367888 -10476.278814 1.677607 -10478.307043 2.781746 0.367888 1.104140 0.367888 1.542117   1   2  -1 
2456438.860772 0.000000 0.000000 -10477.416873 0.320407 -10476.278814 1.880915 -10478.236543 2.700585 0.320407 0.819670 0.320407 1.542117   1   2  -1 
2456438.860772 0.000000 0.000000 -10477.416873 0.320407 -10476.278814 1.880915 -10478.236543 2.700585 0.320407 0.819670 0.320407 1.542117   1   2  -1 
2456441.860316 0.000000 0.000000 -10477.889690 0.423142 -10476.278814 2.087912 -10474.629132 -1.172646 0.423142 -3.260558 0.423142 1.542117   1   2  -1 
2456441.860316 0.000000 0.000000 -10477.889690 0.423142 -10476.278814 2.087912 -10474.629132 -1.172646 0.423142 -3.260558 0.423142 1.542117   1   2  -1 
2456454.832361 0.000000 0.000000 -10475.281861 0.354619 -10476.278814 0.737752 -10475.016956 0.472847 0.354619 -0.264905 0.354619 1.542117   1   2  -1 
2456454.832361 0.000000 0.000000 -10475.281861 0.354619 -10476.278814 0.737752 -10475.016956 0.472847 0.354619 -0.264905 0.354619 1.542117   1   2  -1 
2456454.837894 0.000000 0.000000 -10474.118452 0.355826 -10476.278814 0.736604 -10475.010724 1.628876 0.355826 0.892272 0.355826 1.542117   1   2  -1 
2456454.837894 0.000000 0.000000 -10474.118452 0.355826 -10476.278814 0.736604 -10475.010724 1.628876 0.355826 0.892272 0.355826 1.542117   1   2  -1 
2456467.823190 0.000000 0.000000 -10478.702475 0.627828 -10476.278814 1.836415 -10477.746041 0.879980 0.627828 -0.956434 0.627828 1.542117   1   2  -1 
2456467.823190 0.000000 0.000000 -10478.702475 0.627828 -10476.278814 1.836415 -10477.746041 0.879980 0.627828 -0.956434 0.627828 1.542117   1   2  -1 
2456467.826929 0.000000 0.000000 -10477.017285 0.556688 -10476.278814 1.837995 -10477.742059 2.562769 0.556688 0.724774 0.556688 1.542117   1   2  -1 
2456467.826929 0.000000 0.000000 -10477.017285 0.556688 -10476.278814 1.837995 -10477.742059 2.562769 0.556688 0.724774 0.556688 1.542117   1   2  -1 
2456467.830702 0.000000 0.000000 -10477.517838 0.592918 -10476.278814 1.839591 -10477.738025 2.059778 0.592918 0.220187 0.592918 1.542117   1   2  -1 
2456467.830702 0.000000 0.000000 -10477.517838 0.592918 -10476.278814 1.839591 -10477.738025 2.059778 0.592918 0.220187 0.592918 1.542117   1   2  -1 
2456473.860840 0.000000 0.000000 -10476.447652 0.525661 -10476.278814 0.929255 -10474.708518 -0.809879 0.525661 -1.739134 0.525661 1.542117   1   2  -1 
2456473.860840 0.000000 0.000000 -10476.447652 0.525661 -10476.278814 0.929255 -10474.708518 -0.809879 0.525661 -1.739134 0.525661 1.542117   1   2  -1 
2456473.864821 0.000000 0.000000 -10476.577531 0.508451 -10476.278814 0.931161 -10474.706752 -0.939618 0.508451 -1.870779 0.508451 1.542117   1   2  -1 
2456473.864821 0.000000 0.000000 -10476.577531 0.508451 -10476.278814 0.931161 -10474.706752 -0.939618 0.508451 -1.870779 0.508451 1.542117   1   2  -1 
2456473.868595 0.000000 0.000000 -10477.152422 0.549460 -10476.278814 0.932976 -10474.705073 -1.514373 0.549460 -2.447349 0.549460 1.542117   1   2  -1 
2456473.868595 0.000000 0.000000 -10477.152422 0.549460 -10476.278814 0.932976 -10474.705073 -1.514373 0.549460 -2.447349 0.549460 1.542117   1   2  -1 
2456480.776552 0.000000 0.000000 -10477.791088 0.498216 -10476.278814 1.611512 -10477.233279 1.053702 0.498216 -0.557809 0.498216 1.542117   1   2  -1 
2456480.776552 0.000000 0.000000 -10477.791088 0.498216 -10476.278814 1.611512 -10477.233279 1.053702 0.498216 -0.557809 0.498216 1.542117   1   2  -1 
2456480.782281 0.000000 0.000000 -10479.026503 0.462663 -10476.278814 1.613428 -10477.232998 -0.180077 0.462663 -1.793505 0.462663 1.542117   1   2  -1 
2456480.782281 0.000000 0.000000 -10479.026503 0.462663 -10476.278814 1.613428 -10477.232998 -0.180077 0.462663 -1.793505 0.462663 1.542117   1   2  -1 
2456481.631506 0.000000 0.000000 -10479.243238 0.620379 -10476.278814 1.920526 -10476.838494 -0.484218 0.620379 -2.404744 0.620379 1.542117   1   2  -1 
2456481.631506 0.000000 0.000000 -10479.243238 0.620379 -10476.278814 1.920526 -10476.838494 -0.484218 0.620379 -2.404744 0.620379 1.542117   1   2  -1 
2456481.637189 0.000000 0.000000 -10479.719427 0.629706 -10476.278814 1.922509 -10476.833420 -0.963497 0.629706 -2.886007 0.629706 1.542117   1   2  -1 
2456481.637189 0.000000 0.000000 -10479.719427 0.629706 -10476.278814 1.922509 -10476.833420 -0.963497 0.629706 -2.886007 0.629706 1.542117   1   2  -1 
2456501.599929 0.000000 0.000000 -10471.824389 0.315832 -10476.278814 2.355841 -10473.049030 3.580482 0.315832 1.224641 0.315832 1.542117   1   2  -1 
2456501.599929 0.000000 0.000000 -10471.824389 0.315832 -10476.278814 2.355841 -10473.049030 3.580482 0.315832 1.224641 0.315832 1.542117   1   2  -1 
2456523.744316 0.000000 0.000000 -10476.503679 0.283739 -10476.278814 0.822731 -10476.728728 1.047780 0.283739 0.225049 0.283739 1.542117   1   2  -1 
2456523.744316 0.000000 0.000000 -10476.503679 0.283739 -10476.278814 0.822731 -10476.728728 1.047780 0.283739 0.225049 0.283739 1.542117   1   2  -1 
2456524.691276 0.000000 0.000000 -10475.914483 0.351566 -10476.278814 1.059040 -10476.644828 1.789385 0.351566 0.730345 0.351566 1.542117   1   2  -1 
2456524.691276 0.000000 0.000000 -10475.914483 0.351566 -10476.278814 1.059040 -10476.644828 1.789385 0.351566 0.730345 0.351566 1.542117   1   2  -1 
2456524.696693 0.000000 0.000000 -10476.491657 0.358347 -10476.278814 1.061016 -10476.641129 1.210488 0.358347 0.149472 0.358347 1.542117   1   2  -1 
2456524.696693 0.000000 0.000000 -10476.491657 0.358347 -10476.278814 1.061016 -10476.641129 1.210488 0.358347 0.149472 0.358347 1.542117   1   2  -1 
2456525.743740 0.000000 0.000000 -10476.578898 0.318867 -10476.278814 1.473516 -10475.431166 0.325784 0.318867 -1.147732 0.318867 1.542117   1   2  -1 
2456525.743740 0.000000 0.000000 -10476.578898 0.318867 -10476.278814 1.473516 -10475.431166 0.325784 0.318867 -1.147732 0.318867 1.542117   1   2  -1 
2456569.534062 0.000000 0.000000 -10476.206904 0.538465 -10476.278814 2.934635 -10474.786641 1.514372 0.538465 -1.420263 0.538465 1.542117   1   2  -1 
2456569.534062 0.000000 0.000000 -10476.206904 0.538465 -10476.278814 2.934635 -10474.786641 1.514372 0.538465 -1.420263 0.538465 1.542117   1   2  -1 
2456585.564665 0.000000 0.000000 -10473.765867 0.427831 -10476.278814 -0.209244 -10474.171581 0.196470 0.427831 0.405714 0.427831 1.542117   1   2  -1 
2456585.564665 0.000000 0.000000 -10473.765867 0.427831 -10476.278814 -0.209244 -10474.171581 0.196470 0.427831 0.405714 0.427831 1.542117   1   2  -1 
2456585.568473 0.000000 0.000000 -10475.180778 0.414412 -10476.278814 -0.208533 -10474.167833 -1.221478 0.414412 -1.012945 0.414412 1.542117   1   2  -1 
2456585.568473 0.000000 0.000000 -10475.180778 0.414412 -10476.278814 -0.208533 -10474.167833 -1.221478 0.414412 -1.012945 0.414412 1.542117   1   2  -1 
2456585.572350 0.000000 0.000000 -10474.743998 0.423051 -10476.278814 -0.207806 -10474.164020 -0.787784 0.423051 -0.579978 0.423051 1.542117   1   2  -1 
2456585.572350 0.000000 0.000000 -10474.743998 0.423051 -10476.278814 -0.207806 -10474.164020 -0.787784 0.423051 -0.579978 0.423051 1.542117   1   2  -1 
2456586.547688 0.000000 0.000000 -10474.360620 0.464286 -10476.278814 0.011443 -10473.350880 -0.998296 0.464286 -1.009740 0.464286 1.542117   1   2  -1 
2456586.547688 0.000000 0.000000 -10474.360620 0.464286 -10476.278814 0.011443 -10473.350880 -0.998296 0.464286 -1.009740 0.464286 1.542117   1   2  -1 
2456586.551530 0.000000 0.000000 -10474.580572 0.496503 -10476.278814 0.012328 -10473.348331 -1.219913 0.496503 -1.232241 0.496503 1.542117   1   2  -1 
2456586.551530 0.000000 0.000000 -10474.580572 0.496503 -10476.278814 0.012328 -10473.348331 -1.219913 0.496503 -1.232241 0.496503 1.542117   1   2  -1 
2456586.555442 0.000000 0.000000 -10475.256026 0.515154 -10476.278814 0.013228 -10473.345741 -1.897057 0.515154 -1.910285 0.515154 1.542117   1   2  -1 
2456586.555442 0.000000 0.000000 -10475.256026 0.515154 -10476.278814 0.013228 -10473.345741 -1.897057 0.515154 -1.910285 0.515154 1.542117   1   2  -1 
2456590.510961 0.000000 0.000000 -10473.364197 0.683759 -10476.278814 1.014164 -10472.822179 0.472146 0.683759 -0.542018 0.683759 1.542117   1   2  -1 
2456590.510961 0.000000 0.000000 -10473.364197 0.683759 -10476.278814 1.014164 -10472.822179 0.472146 0.683759 -0.542018 0.683759 1.542117   1   2  -1 
2456590.514943 0.000000 0.000000 -10471.788641 0.761395 -10476.278814 1.016789 -10472.821974 2.050123 0.761395 1.033333 0.761395 1.542117   1   2  -1 
2456590.514943 0.000000 0.000000 -10471.788641 0.761395 -10476.278814 1.016789 -10472.821974 2.050123 0.761395 1.033333 0.761395 1.542117   1   2  -1 
2456590.518611 0.000000 0.000000 -10472.177822 0.643858 -10476.278814 1.019212 -10472.821784 1.663175 0.643858 0.643962 0.643858 1.542117   1   2  -1 
2456590.518611 0.000000 0.000000 -10472.177822 0.643858 -10476.278814 1.019212 -10472.821784 1.663175 0.643858 0.643962 0.643858 1.542117   1   2  -1 
2456765.917789 0.000000 0.000000 -10478.736988 0.356105 -10476.278814 0.959368 -10477.762365 -0.015255 0.356105 -0.974623 0.356105 1.542117   1   2  -1 
2456765.917789 0.000000 0.000000 -10478.736988 0.356105 -10476.278814 0.959368 -10477.762365 -0.015255 0.356105 -0.974623 0.356105 1.542117   1   2  -1 
2456765.923021 0.000000 0.000000 -10479.356033 0.359343 -10476.278814 0.961010 -10477.766375 -0.628647 0.359343 -1.589658 0.359343 1.542117   1   2  -1 
2456765.923021 0.000000 0.000000 -10479.356033 0.359343 -10476.278814 0.961010 -10477.766375 -0.628647 0.359343 -1.589658 0.359343 1.542117   1   2  -1 
2456789.854143 0.000000 0.000000 -10471.510093 0.391560 -10476.278814 2.212786 -10471.220496 1.923189 0.391560 -0.289597 0.391560 1.542117   1   2  -1 
2456789.854143 0.000000 0.000000 -10471.510093 0.391560 -10476.278814 2.212786 -10471.220496 1.923189 0.391560 -0.289597 0.391560 1.542117   1   2  -1 
2456789.859722 0.000000 0.000000 -10471.639643 0.405092 -10476.278814 2.215022 -10471.220502 1.795881 0.405092 -0.419141 0.405092 1.542117   1   2  -1 
2456789.859722 0.000000 0.000000 -10471.639643 0.405092 -10476.278814 2.215022 -10471.220502 1.795881 0.405092 -0.419141 0.405092 1.542117   1   2  -1 
2456806.890179 0.000000 0.000000 -10477.728101 0.424327 -10476.278814 1.663926 -10476.081694 0.017518 0.424327 -1.646407 0.424327 1.542117   1   2  -1 
2456806.890179 0.000000 0.000000 -10477.728101 0.424327 -10476.278814 1.663926 -10476.081694 0.017518 0.424327 -1.646407 0.424327 1.542117   1   2  -1 
2456829.893363 0.000000 0.000000 -10474.769093 0.272363 -10476.278814 0.825948 -10473.429164 -0.513982 0.272363 -1.339929 0.272363 1.542117   1   2  -1 
2456829.893363 0.000000 0.000000 -10474.769093 0.272363 -10476.278814 0.825948 -10473.429164 -0.513982 0.272363 -1.339929 0.272363 1.542117   1   2  -1 
2456857.748704 0.000000 0.000000 -10473.725387 0.458440 -10476.278814 0.561119 -10472.798038 -0.366230 0.458440 -0.927349 0.458440 1.542117   1   2  -1 
2456857.748704 0.000000 0.000000 -10473.725387 0.458440 -10476.278814 0.561119 -10472.798038 -0.366230 0.458440 -0.927349 0.458440 1.542117   1   2  -1 
2456857.754433 0.000000 0.000000 -10473.163228 0.448012 -10476.278814 0.561798 -10472.795748 0.194318 0.448012 -0.367480 0.448012 1.542117   1   2  -1 
2456857.754433 0.000000 0.000000 -10473.163228 0.448012 -10476.278814 0.561798 -10472.795748 0.194318 0.448012 -0.367480 0.448012 1.542117   1   2  -1 
2456866.784629 0.000000 0.000000 -10479.134302 0.372433 -10476.278814 0.652813 -10478.737910 0.256421 0.372433 -0.396392 0.372433 1.542117   1   2  -1 
2456866.784629 0.000000 0.000000 -10479.134302 0.372433 -10476.278814 0.652813 -10478.737910 0.256421 0.372433 -0.396392 0.372433 1.542117   1   2  -1 
2456896.727940 0.000000 0.000000 -10476.588857 0.526898 -10476.278814 2.679185 -10475.535487 1.625816 0.526898 -1.053370 0.526898 1.542117   1   2  -1 
2456896.727940 0.000000 0.000000 -10476.588857 0.526898 -10476.278814 2.679185 -10475.535487 1.625816 0.526898 -1.053370 0.526898 1.542117   1   2  -1 
2456896.733287 0.000000 0.000000 -10476.057196 0.651138 -10476.278814 2.682248 -10475.528500 2.153552 0.651138 -0.528696 0.651138 1.542117   1   2  -1 
2456896.733287 0.000000 0.000000 -10476.057196 0.651138 -10476.278814 2.682248 -10475.528500 2.153552 0.651138 -0.528696 0.651138 1.542117   1   2  -1 
2457146.919889 0.000000 0.000000 -10475.918297 0.272209 -10476.278814 2.441763 -10473.032020 -0.444514 0.272209 -2.886277 0.272209 1.542117   1   2  -1 
2457146.919889 0.000000 0.000000 -10475.918297 0.272209 -10476.278814 2.441763 -10473.032020 -0.444514 0.272209 -2.886277 0.272209 1.542117   1   2  -1 
2457176.844500 0.000000 0.000000 -10464.313000 0.241278 -10462.039090 -1.023281 -10463.328396 -2.007885 0.241278 -0.984604 0.241278 1.542117   1   3  -1 
2457176.844500 0.000000 0.000000 -10464.313000 0.241278 -10462.039090 -1.023281 -10463.328396 -2.007885 0.241278 -0.984604 0.241278 1.542117   1   3  -1 
2457180.950532 0.000000 0.000000 -10468.297390 0.305748 -10462.039090 -1.161982 -10466.297574 -3.161798 0.305748 -1.999816 0.305748 1.542117   1   3  -1 
2457180.950532 0.000000 0.000000 -10468.297390 0.305748 -10462.039090 -1.161982 -10466.297574 -3.161798 0.305748 -1.999816 0.305748 1.542117   1   3  -1 
2457180.956053 0.000000 0.000000 -10469.641714 0.321155 -10462.039090 -1.163432 -10466.300910 -4.504235 0.321155 -3.340804 0.321155 1.542117   1   3  -1 
2457180.956053 0.000000 0.000000 -10469.641714 0.321155 -10462.039090 -1.163432 -10466.300910 -4.504235 0.321155 -3.340804 0.321155 1.542117   1   3  -1 
2457257.708144 0.000000 0.000000 -10458.156667 0.478548 -10462.039090 2.153439 -10456.957051 0.953823 0.478548 -1.199616 0.478548 1.542117   1   3  -1 
2457257.708144 0.000000 0.000000 -10458.156667 0.478548 -10462.039090 2.153439 -10456.957051 0.953823 0.478548 -1.199616 0.478548 1.542117   1   3  -1 
2457257.713815 0.000000 0.000000 -10458.308869 0.515819 -10462.039090 2.152741 -10456.955382 0.799254 0.515819 -1.353487 0.515819 1.542117   1   3  -1 
2457257.713815 0.000000 0.000000 -10458.308869 0.515819 -10462.039090 2.152741 -10456.955382 0.799254 0.515819 -1.353487 0.515819 1.542117   1   3  -1 
2457307.523708 0.000000 0.000000 -10460.965808 0.284606 -10462.039090 1.791736 -10462.153562 2.979490 0.284606 1.187754 0.284606 1.542117   1   3  -1 
2457307.523708 0.000000 0.000000 -10460.965808 0.284606 -10462.039090 1.791736 -10462.153562 2.979490 0.284606 1.187754 0.284606 1.542117   1   3  -1 
2457307.529113 0.000000 0.000000 -10461.174528 0.295801 -10462.039090 1.793395 -10462.157158 2.776026 0.295801 0.982630 0.295801 1.542117   1   3  -1 
2457307.529113 0.000000 0.000000 -10461.174528 0.295801 -10462.039090 1.793395 -10462.157158 2.776026 0.295801 0.982630 0.295801 1.542117   1   3  -1 
2457675.588735 0.000000 0.000000 -10454.424591 0.266631 -10462.039090 2.617315 -10459.108080 7.300804 0.266631 4.683489 0.266631 1.542117   1   3  -1 
2457675.588735 0.000000 0.000000 -10454.424591 0.266631 -10462.039090 2.617315 -10459.108080 7.300804 0.266631 4.683489 0.266631 1.542117   1   3  -1 
2457879.840329 0.000000 0.000000 -10463.101417 0.420408 -10462.039090 0.215260 -10464.358827 1.472670 0.420408 1.257410 0.420408 1.542117   1   3  -1 
2457879.840329 0.000000 0.000000 -10463.101417 0.420408 -10462.039090 0.215260 -10464.358827 1.472670 0.420408 1.257410 0.420408 1.542117   1   3  -1 
2457943.770578 0.000000 0.000000 -10457.458256 0.227044 -10462.039090 3.100941 -10458.563432 4.206117 0.227044 1.105176 0.227044 1.542117   1   3  -1 
2457943.770578 0.000000 0.000000 -10457.458256 0.227044 -10462.039090 3.100941 -10458.563432 4.206117 0.227044 1.105176 0.227044 1.542117   1   3  -1 
2457968.637355 0.000000 0.000000 -10461.424457 0.383012 -10462.039090 1.636621 -10462.473372 2.685536 0.383012 1.048915 0.383012 1.542117   1   3  -1 
2457968.637355 0.000000 0.000000 -10461.424457 0.383012 -10462.039090 1.636621 -10462.473372 2.685536 0.383012 1.048915 0.383012 1.542117   1   3  -1 
2460042.883932 0.000000 0.000000 -10467.619651 0.097183 -10467.684847 -0.437463 -10467.557165 -0.499949 0.097183 -0.062486 0.097183 1.053749   0   1  -1 
2460042.889532 0.000000 0.000000 -10467.826807 0.098837 -10467.684847 -0.439264 -10467.555359 -0.710712 0.098837 -0.271448 0.098837 1.053749   0   1  -1 
2460043.870973 0.000000 0.000000 -10467.810891 0.115769 -10467.684847 -0.656542 -10467.318881 -1.148552 0.115769 -0.492010 0.115769 1.053749   0   1  -1 
2460043.876677 0.000000 0.000000 -10467.827764 0.107743 -10467.684847 -0.657297 -10467.317965 -1.167096 0.107743 -0.509799 0.107743 1.053749   0   1  -1 
2460044.793251 0.000000 0.000000 -10466.216747 0.119007 -10467.684847 -0.727978 -10467.241680 0.296955 0.119007 1.024933 0.119007 1.053749   0   1  -1 
2460044.798982 0.000000 0.000000 -10466.355629 0.118254 -10467.684847 -0.728191 -10467.241667 0.157847 0.118254 0.886038 0.118254 1.053749   0   1  -1 
2460045.773704 0.000000 0.000000 -10468.947680 0.263543 -10467.684847 -0.753693 -10467.332465 -2.368908 0.263543 -1.615215 0.263543 1.053749   0   1  -1 
2460045.779649 0.000000 0.000000 -10468.728031 0.178179 -10467.684847 -0.753862 -10467.333612 -2.148281 0.178179 -1.394419 0.178179 1.053749   0   1  -1 
2460046.786658 0.000000 0.000000 -10466.718679 0.108298 -10467.684847 -0.803093 -10467.635490 0.113718 0.108298 0.916811 0.108298 1.053749   0   1  -1 
2460046.792204 0.000000 0.000000 -10467.571100 0.100449 -10467.684847 -0.803497 -10467.637736 -0.736861 0.100449 0.066636 0.100449 1.053749   0   1  -1 
2460047.789500 0.000000 0.000000 -10468.079684 0.107918 -10467.684847 -0.896725 -10468.136458 -0.839950 0.107918 0.056774 0.107918 1.053749   0   1  -1 
2460047.795047 0.000000 0.000000 -10468.412170 0.104000 -10467.684847 -0.897325 -10468.139718 -1.169777 0.104000 -0.272452 0.104000 1.053749   0   1  -1 
2460048.783364 0.000000 0.000000 -10468.577566 0.129590 -10467.684847 -1.002147 -10468.789409 -0.790305 0.129590 0.211843 0.129590 1.053749   0   1  -1 
2460048.789012 0.000000 0.000000 -10468.027070 0.120793 -10467.684847 -1.002679 -10468.793465 -0.236285 0.120793 0.766395 0.120793 1.053749   0   1  -1 
2460049.801102 0.000000 0.000000 -10468.921797 0.111941 -10467.684847 -1.065682 -10469.565707 -0.421772 0.111941 0.643910 0.111941 1.053749   0   1  -1 
2460049.806533 0.000000 0.000000 -10469.044553 0.118675 -10467.684847 -1.065798 -10469.570051 -0.540299 0.118675 0.525498 0.118675 1.053749   0   1  -1 
2460050.776767 0.000000 0.000000 -10470.880979 0.110463 -10467.684847 -1.036172 -10470.366192 -1.550959 0.110463 -0.514787 0.110463 1.053749   0   1  -1 
2460050.782471 0.000000 0.000000 -10470.587932 0.106168 -10467.684847 -1.035681 -10470.370942 -1.252671 0.106168 -0.216990 0.106168 1.053749   0   1  -1 
2460068.823617 0.000000 0.000000 -10467.442048 0.125458 -10467.684847 0.104861 -10468.553509 1.216322 0.125458 1.111461 0.125458 1.053749   0   1  -1 
2460068.829253 0.000000 0.000000 -10468.177705 0.157911 -10467.684847 0.103685 -10468.550313 0.476294 0.157911 0.372608 0.157911 1.053749   0   1  -1 
2460073.775251 0.000000 0.000000 -10468.691416 0.136518 -10467.684847 -2.312658 -10467.768548 -3.235525 0.136518 -0.922868 0.136518 1.053749   0   1  -1 
2460073.780774 0.000000 0.000000 -10468.532442 0.124641 -10467.684847 -2.312601 -10467.769119 -3.075924 0.124641 -0.763323 0.124641 1.053749   0   1  -1 
2460076.728213 0.000000 0.000000 -10468.677012 0.126723 -10467.684847 -1.493805 -10468.126684 -2.044133 0.126723 -0.550328 0.126723 1.053749   0   1  -1 
2460076.733797 0.000000 0.000000 -10468.420636 0.121235 -10467.684847 -1.491557 -10468.128043 -1.784150 0.121235 -0.292593 0.121235 1.053749   0   1  -1 
2460077.755001 0.000000 0.000000 -10469.796842 0.156253 -10467.684847 -1.062048 -10468.440433 -2.418457 0.156253 -1.356409 0.156253 1.053749   0   1  -1 
2460077.760768 0.000000 0.000000 -10469.832216 0.150546 -10467.684847 -1.059545 -10468.442589 -2.449172 0.150546 -1.389627 0.150546 1.053749   0   1  -1 
2460078.818364 0.000000 0.000000 -10470.121344 0.118065 -10467.684847 -0.610257 -10468.938564 -1.793037 0.118065 -1.182780 0.118065 1.053749   0   1  -1 
2460078.823976 0.000000 0.000000 -10470.631326 0.115757 -10467.684847 -0.608032 -10468.941832 -2.297526 0.115757 -1.689494 0.115757 1.053749   0   1  -1 
2460079.846559 0.000000 0.000000 -10469.784428 0.112864 -10467.684847 -0.273526 -10469.681119 -0.376835 0.112864 -0.103309 0.112864 1.053749   0   1  -1 
2460079.852048 0.000000 0.000000 -10469.613740 0.114319 -10467.684847 -0.272212 -10469.685884 -0.200068 0.114319 0.072144 0.114319 1.053749   0   1  -1 
2460080.730235 0.000000 0.000000 -10469.772583 0.121764 -10467.684847 -0.139135 -10470.527792 0.616074 0.121764 0.755209 0.121764 1.053749   0   1  -1 
2460080.735864 0.000000 0.000000 -10469.610615 0.112383 -10467.684847 -0.138748 -10470.533456 0.784093 0.112383 0.922841 0.112383 1.053749   0   1  -1 
2460082.755256 0.000000 0.000000 -10469.121371 0.143393 -10467.684847 -0.014822 -10471.413041 2.276848 0.143393 2.291670 0.143393 1.053749   0   1  -1 
2460082.760842 0.000000 0.000000 -10468.518798 0.129661 -10467.684847 -0.013435 -10471.409188 2.876955 0.129661 2.890390 0.129661 1.053749   0   1  -1 
2460085.681985 0.000000 0.000000 -10469.405639 0.182782 -10467.684847 2.295360 -10465.920692 -1.189587 0.182782 -3.484947 0.182782 1.053749   0   1  -1 
2460085.687655 0.000000 0.000000 -10468.302871 0.192173 -10467.684847 2.300741 -10465.910105 -0.092025 0.192173 -2.392766 0.192173 1.053749   0   1  -1 
2460086.748603 0.000000 0.000000 -10463.771857 0.096592 -10467.684847 3.006547 -10464.430366 3.665056 0.096592 0.658509 0.096592 1.053749   0   1  -1 
2460086.754324 0.000000 0.000000 -10464.310069 0.104158 -10467.684847 3.008263 -10464.425479 3.123672 0.104158 0.115410 0.104158 1.053749   0   1  -1 
2460199.601214 0.000000 0.000000 -10467.857782 0.194625 -10467.684847 -2.837984 -10468.924345 -1.771420 0.194625 1.066563 0.194625 1.053749   0   1  -1 
2460199.607025 0.000000 0.000000 -10469.302924 0.190719 -10467.684847 -2.834892 -10468.914469 -3.223347 0.190719 -0.388455 0.190719 1.053749   0   1  -1 
2460201.515076 0.000000 0.000000 -10466.554990 0.136306 -10467.684847 -2.033848 -10466.711803 -1.877035 0.136306 0.156813 0.136306 1.053749   0   1  -1 
2460201.520627 0.000000 0.000000 -10466.389365 0.147106 -10467.684847 -2.032295 -10466.708373 -1.713287 0.147106 0.319008 0.147106 1.053749   0   1  -1 
2460202.533617 0.000000 0.000000 -10465.659465 0.116368 -10467.684847 -1.794449 -10466.300988 -1.152926 0.116368 0.641523 0.116368 1.053749   0   1  -1 
2460202.539273 0.000000 0.000000 -10465.508485 0.110234 -10467.684847 -1.793269 -10466.299756 -1.001999 0.110234 0.791271 0.110234 1.053749   0   1  -1 
2460203.571018 0.000000 0.000000 -10465.844882 0.168626 -10467.684847 -1.574166 -10466.214737 -1.204311 0.168626 0.369855 0.168626 1.053749   0   1  -1 
2460203.577196 0.000000 0.000000 -10465.648256 0.180164 -10467.684847 -1.572780 -10466.214961 -1.006075 0.180164 0.566705 0.180164 1.053749   0   1  -1 
2460204.530857 0.000000 0.000000 -10467.427115 0.098515 -10467.684847 -1.348005 -10466.342502 -2.432618 0.098515 -1.084613 0.098515 1.053749   0   1  -1 
2460204.536387 0.000000 0.000000 -10466.800940 0.104273 -10467.684847 -1.346667 -10466.343785 -1.803822 0.104273 -0.457155 0.104273 1.053749   0   1  -1 
2460205.516019 0.000000 0.000000 -10468.149301 0.122140 -10467.684847 -1.115571 -10466.676142 -2.588730 0.122140 -1.473159 0.122140 1.053749   0   1  -1 
2460205.521490 0.000000 0.000000 -10467.759986 0.108265 -10467.684847 -1.114331 -10466.678593 -2.195725 0.108265 -1.081393 0.108265 1.053749   0   1  -1 
2460206.534104 0.000000 0.000000 -10467.984215 0.123507 -10467.684847 -0.886993 -10467.236047 -1.635161 0.123507 -0.748168 0.123507 1.053749   0   1  -1 
2460206.539634 0.000000 0.000000 -10467.395836 0.112931 -10467.684847 -0.885691 -10467.239584 -1.041943 0.112931 -0.156252 0.112931 1.053749   0   1  -1 
2460208.612713 0.000000 0.000000 -10467.863703 0.119086 -10467.684847 -0.084401 -10468.642232 0.694128 0.119086 0.778529 0.119086 1.053749   0   1  -1 
2460208.618030 0.000000 0.000000 -10468.124237 0.122661 -10467.684847 -0.081143 -10468.645411 0.440031 0.122661 0.521174 0.122661 1.053749   0   1  -1 
2460209.504007 0.000000 0.000000 -10468.350357 0.247406 -10467.684847 0.550756 -10469.078338 1.278737 0.247406 0.727981 0.247406 1.053749   0   1  -1 
2460209.509978 0.000000 0.000000 -10468.742438 0.220522 -10467.684847 0.555511 -10469.080427 0.893500 0.220522 0.337989 0.220522 1.053749   0   1  -1 
2460210.587394 0.000000 0.000000 -10468.232795 0.137683 -10467.684847 1.439573 -10469.157736 2.364514 0.137683 0.924941 0.137683 1.053749   0   1  -1 
2460210.593026 0.000000 0.000000 -10467.916827 0.147704 -10467.684847 1.444023 -10469.156166 2.683362 0.147704 1.239339 0.147704 1.053749   0   1  -1 
2460211.516295 0.000000 0.000000 -10469.090653 0.190231 -10467.684847 2.066778 -10468.557507 1.533631 0.190231 -0.533146 0.190231 1.053749   0   1  -1 
2460211.522268 0.000000 0.000000 -10468.782398 0.153085 -10467.684847 2.069895 -10468.551553 1.839050 0.153085 -0.230845 0.153085 1.053749   0   1  -1 
